  0.0000  0.1000  0.1190  0.1416  0.1684  0.2004  0.2385  0.2837  0.3376  0.4017  0.4780  0.5687  0.6767  0.8051  0.9580  1.1399  1.3562  1.6137  1.9201  2.2846  2.7183  3.2343  3.8483  4.5789  5.4482  6.4825  7.7131  9.1774  10.9196  12.9926  15.4592  18.3940  21.8859  26.0408  30.9844  36.8665  43.8653  52.1928  62.1012  73.8906  87.9181  104.6086  124.4677  148.0968  176.2118  209.6641  249.4672  296.8264  353.1765  420.2239  500.0001
  0.100000  0.000000  0.000000  0.000000  0.000000  0.000000  0.000000  0.000000  0.000000  0.000000  0.000000  0.000000  0.000000  0.000000  0.000000  0.000000  0.000000  0.000000  0.000000  0.000000  0.000000  0.000000  0.000000  0.000000  0.000000  0.000000  0.000000  0.000000  0.000000  0.000000  0.000000  0.000000  0.000000  0.000000  0.000000  0.000000  0.000000  0.000000  0.000000  0.000000  0.000000  0.000000  0.000000  0.000000  0.000000  0.000000  0.000000  0.000000  0.000000  0.000000  0.000000
  1.131034  0.000000  0.000000  0.000000  0.000000  0.000000  0.000000  0.000000  0.000000  0.000000  0.000000  0.000000  0.000000  0.000000  0.000000  0.000000  0.000000  0.000000  0.000000  0.000000  0.000000  0.000000  0.000000  0.000000  0.000000  0.000000  0.000000  0.000000  0.000000  0.000000  0.000000  0.000000  0.000000  0.000000  0.000000  0.000000  0.000000  0.000000  0.000000  0.000000  0.000000  0.000000  0.000000  0.000000  0.000000  0.000000  0.000000  0.000000  0.000000  0.000000  0.000000
  2.162069  0.000000  0.000000  0.000000  0.000000  0.000000  0.000000  0.000000  0.000000  0.000000  0.000000  0.000000  0.000000  0.000000  0.000000  0.000000  0.000000  0.000000  0.000000  0.000000  0.000000  0.000000  0.000000  0.000000  0.000000  0.000000  0.000000  0.000000  0.000000  0.000000  0.000000  0.000000  0.000000  0.000000  0.000000  0.000000  0.000000  0.000000  0.000000  0.000000  0.000000  0.000000  0.000000  0.000000  0.000000  0.000000  0.000000  0.000000  0.000000  0.000000  0.000000
  3.193103  0.000000  0.000000  0.000000  0.000000  0.000000  0.000000  0.000000  0.000000  0.000000  0.000000  0.000000  0.000000  0.000000  0.000000  0.000000  0.000000  0.000000  0.000000  0.000000  0.000000  0.000000  0.000000  0.000000  0.000000  0.000000  0.000000  0.000000  0.000000  0.000000  0.000000  0.000000  0.000000  0.000000  0.000000  0.000000  0.000000  0.000000  0.000000  0.000000  0.000000  0.000000  0.000000  0.000000  0.000000  0.000000  0.000000  0.000000  0.000000  0.000000  0.000000
  4.224138  0.000000  0.000000  0.000000  0.000000  0.000000  0.000000  0.000000  0.000000  0.000000  0.000000  0.000000  0.000000  0.000000  0.000000  0.000000  0.000000  0.000000  0.000000  0.000000  0.000000  0.000000  0.000000  0.000000  0.000000  0.000000  0.000000  0.000000  0.000000  0.000000  0.000000  0.000000  0.000000  0.000000  0.000000  0.000000  0.000000  0.000000  0.000000  0.000000  0.000000  0.000000  0.000000  0.000000  0.000000  0.000000  0.000000  0.000000  0.000000  0.000000  0.000000
  5.255172  0.000000  0.000000  0.000000  0.000000  0.000000  0.000000  0.000000  0.000000  0.000000  0.000000  0.000000  0.000000  0.000000  0.000000  0.000000  0.000000  0.000000  0.000000  0.000000  0.000000  0.000000  0.000000  0.000000  0.000000  0.000000  0.000000  0.000000  0.000000  0.000000  0.000000  0.000000  0.000000  0.000000  0.000000  0.000000  0.000000  0.000000  0.000000  0.000000  0.000000  0.000000  0.000000  0.000003  0.000000  0.000000  0.000090  0.000125  0.000000  0.001485  0.001427
  6.286207  0.000000  0.000000  0.000000  0.000000  0.000000  0.000000  0.000000  0.000000  0.000000  0.000000  0.000000  0.000000  0.000000  0.000000  0.000000  0.000000  0.000000  0.000000  0.000000  0.000000  0.000000  0.000000  0.000000  0.000000  0.000000  0.000000  0.000000  0.000000  0.000000  0.000000  0.000000  0.000000  0.000000  0.000000  0.000000  0.000258  0.006662  0.040625  0.148704  0.247444  0.446389  0.559462  0.594649  0.517430  0.372863  0.334833  0.231691  0.157416  0.107489  0.074771
  7.317241  0.000000  0.000000  0.000000  0.000000  0.000000  0.000000  0.000000  0.000000  0.000000  0.000000  0.000000  0.000000  0.000000  0.000000  0.000000  0.000000  0.000000  0.000000  0.000000  0.000000  0.000000  0.000000  0.000000  0.000000  0.000000  0.000000  0.000000  0.000000  0.000000  0.000000  0.000000  0.000000  0.000000  0.000053  0.003572  0.025918  0.099130  0.292817  0.502608  0.608514  0.687857  0.768742  0.833729  0.809092  0.747579  0.544711  0.357441  0.238477  0.161080  0.110758
  8.348276  0.000000  0.000000  0.000000  0.000000  0.000000  0.000000  0.000000  0.000000  0.000000  0.000000  0.000000  0.000000  0.000000  0.000000  0.000000  0.000000  0.000000  0.000000  0.000000  0.000000  0.000000  0.000000  0.000000  0.000000  0.000000  0.000000  0.000000  0.000000  0.000000  0.000000  0.000000  0.000000  0.000111  0.004496  0.034845  0.109859  0.322348  0.557647  0.688904  0.727937  0.803745  0.833034  0.869142  0.878609  0.836877  0.646613  0.451914  0.299054  0.200528  0.136719
  9.379311  0.000000  0.000000  0.000000  0.000000  0.000000  0.000000  0.000000  0.000000  0.000000  0.000000  0.000000  0.000000  0.000000  0.000000  0.000000  0.000000  0.000000  0.000000  0.000000  0.000000  0.000000  0.000000  0.000000  0.000000  0.000000  0.000000  0.000000  0.000000  0.000000  0.000000  0.000000  0.000025  0.002873  0.026303  0.096315  0.279928  0.529276  0.688904  0.769599  0.818334  0.847222  0.885740  0.899988  0.908758  0.862985  0.711353  0.469194  0.308942  0.207240  0.141262
 10.410345  0.000000  0.000000  0.000000  0.000000  0.000000  0.000000  0.000000  0.000000  0.000000  0.000000  0.000000  0.000000  0.000000  0.000000  0.000000  0.000000  0.000000  0.000000  0.000000  0.000000  0.000000  0.000000  0.000000  0.000000  0.000000  0.000000  0.000000  0.000000  0.000000  0.000000  0.000000  0.000515  0.009709  0.056837  0.166715  0.402493  0.588659  0.724092  0.795147  0.856878  0.893794  0.913120  0.929805  0.926462  0.885191  0.717919  0.469194  0.308942  0.207240  0.141262
 11.441380  0.000000  0.000000  0.000000  0.000000  0.000000  0.000000  0.000000  0.000000  0.000000  0.000000  0.000000  0.000000  0.000000  0.000000  0.000000  0.000000  0.000000  0.000000  0.000000  0.000000  0.000000  0.000000  0.000000  0.000000  0.000000  0.000000  0.000000  0.000000  0.000000  0.000000  0.000000  0.001650  0.018870  0.087925  0.265398  0.491093  0.655324  0.770454  0.835802  0.875597  0.905957  0.923898  0.941336  0.935845  0.895284  0.742279  0.485248  0.318507  0.212587  0.144657
 12.472414  0.000000  0.000000  0.000000  0.000000  0.000000  0.000000  0.000000  0.000000  0.000000  0.000000  0.000000  0.000000  0.000000  0.000000  0.000000  0.000000  0.000000  0.000000  0.000000  0.000000  0.000000  0.000000  0.000000  0.000000  0.000000  0.000000  0.000000  0.000000  0.000000  0.000000  0.000113  0.004757  0.036093  0.136402  0.363199  0.550994  0.685753  0.789550  0.847222  0.892739  0.912652  0.932507  0.947816  0.943417  0.898322  0.743874  0.486583  0.319350  0.213178  0.145057
 13.503448  0.000000  0.000000  0.000000  0.000000  0.000000  0.000000  0.000000  0.000000  0.000000  0.000000  0.000000  0.000000  0.000000  0.000000  0.000000  0.000000  0.000000  0.000000  0.000000  0.000000  0.000000  0.000000  0.000000  0.000000  0.000000  0.000000  0.000000  0.000000  0.000000  0.000000  0.000899  0.013205  0.069397  0.200004  0.444858  0.602378  0.716299  0.809092  0.861245  0.897434  0.922955  0.940074  0.953136  0.952142  0.901026  0.745947  0.487847  0.320414  0.213962  0.145527
 14.534483  0.000000  0.000000  0.000000  0.000000  0.000000  0.000000  0.000000  0.000000  0.000000  0.000000  0.000000  0.000000  0.000000  0.000000  0.000000  0.000000  0.000000  0.000000  0.000000  0.000000  0.000000  0.000000  0.000000  0.000000  0.000000  0.000000  0.000000  0.000000  0.000000  0.000004  0.002002  0.021171  0.095080  0.265398  0.491093  0.638234  0.748437  0.830242  0.872689  0.902001  0.928978  0.948050  0.956280  0.956170  0.902738  0.783328  0.521893  0.353076  0.235395  0.159542
 15.565517  0.000000  0.000000  0.000000  0.000000  0.000000  0.000000  0.000000  0.000000  0.000000  0.000000  0.000000  0.000000  0.000000  0.000000  0.000000  0.000000  0.000000  0.000000  0.000000  0.000000  0.000000  0.000000  0.000000  0.000000  0.000000  0.000000  0.000000  0.000000  0.000000  0.000224  0.006382  0.043509  0.155675  0.384675  0.587668  0.684598  0.784247  0.847880  0.887923  0.912652  0.935058  0.951138  0.960075  0.957518  0.904659  0.811593  0.554322  0.363894  0.241798  0.163840
 16.596552  0.000000  0.000000  0.000000  0.000000  0.000000  0.000000  0.000000  0.000000  0.000000  0.000000  0.000000  0.000000  0.000000  0.000000  0.000000  0.000000  0.000000  0.000000  0.000000  0.000000  0.000000  0.000000  0.000000  0.000000  0.000000  0.000000  0.000000  0.000000  0.000000  0.000660  0.011201  0.062248  0.201210  0.447917  0.619395  0.723126  0.805284  0.864927  0.893268  0.922598  0.940825  0.952475  0.963477  0.957917  0.926885  0.828013  0.571296  0.375320  0.249397  0.168875
 17.627586  0.000000  0.000000  0.000000  0.000000  0.000000  0.000000  0.000000  0.000000  0.000000  0.000000  0.000000  0.000000  0.000000  0.000000  0.000000  0.000000  0.000000  0.000000  0.000000  0.000000  0.000000  0.000000  0.000000  0.000000  0.000000  0.000000  0.000000  0.000000  0.000004  0.002045  0.021333  0.095735  0.288898  0.504035  0.671858  0.756420  0.830618  0.876751  0.906443  0.930217  0.945937  0.954442  0.965849  0.961649  0.931347  0.848333  0.621940  0.406413  0.270272  0.182090
 18.658621  0.000000  0.000000  0.000000  0.000000  0.000000  0.000000  0.000000  0.000000  0.000000  0.000000  0.000000  0.000000  0.000000  0.000000  0.000000  0.000000  0.000000  0.000000  0.000000  0.000000  0.000000  0.000000  0.000000  0.000000  0.000000  0.000000  0.000000  0.000000  0.000070  0.003935  0.032227  0.126494  0.347988  0.569290  0.709359  0.783589  0.843130  0.886834  0.915894  0.938936  0.949776  0.957898  0.966693  0.964453  0.940074  0.862708  0.626195  0.409696  0.271811  0.183290
 19.689655  0.000000  0.000000  0.000000  0.000000  0.000000  0.000000  0.000000  0.000000  0.000000  0.000000  0.000000  0.000000  0.000000  0.000000  0.000000  0.000000  0.000000  0.000000  0.000000  0.000000  0.000000  0.000000  0.000000  0.000000  0.000000  0.000000  0.000000  0.000000  0.000425  0.008762  0.053219  0.179536  0.421561  0.620591  0.744789  0.803983  0.862479  0.898459  0.923034  0.942683  0.957310  0.961863  0.968046  0.966105  0.940074  0.863856  0.626403  0.409814  0.271910  0.183372
 20.720690  0.000000  0.000000  0.000000  0.000000  0.000000  0.000000  0.000000  0.000000  0.000000  0.000000  0.000000  0.000000  0.000000  0.000000  0.000000  0.000000  0.000000  0.000000  0.000000  0.000000  0.000000  0.000000  0.000000  0.000000  0.000000  0.000000  0.000000  0.000000  0.001152  0.015265  0.076270  0.237254  0.482343  0.658674  0.771308  0.828045  0.881299  0.903990  0.927727  0.946293  0.958550  0.964744  0.969791  0.967853  0.948485  0.864086  0.630791  0.412341  0.273088  0.183775
 21.751724  0.000000  0.000000  0.000000  0.000000  0.000000  0.000000  0.000000  0.000000  0.000000  0.000000  0.000000  0.000000  0.000000  0.000000  0.000000  0.000000  0.000000  0.000000  0.000000  0.000000  0.000000  0.000000  0.000000  0.000000  0.000000  0.000000  0.000000  0.000004  0.001981  0.021011  0.094584  0.287108  0.532028  0.687857  0.781382  0.837857  0.882977  0.910293  0.935845  0.949776  0.960960  0.967777  0.971874  0.968845  0.949376  0.867944  0.634629  0.414787  0.274674  0.185446
 22.782759  0.000000  0.000000  0.000000  0.000000  0.000000  0.000000  0.000000  0.000000  0.000000  0.000000  0.000000  0.000000  0.000000  0.000000  0.000000  0.000000  0.000000  0.000000  0.000000  0.000000  0.000000  0.000000  0.000000  0.000000  0.000000  0.000000  0.000000  0.000023  0.002787  0.025918  0.109209  0.322348  0.554993  0.699248  0.793557  0.844581  0.882977  0.916351  0.937786  0.953136  0.963306  0.969891  0.972652  0.969295  0.956464  0.868663  0.634659  0.414787  0.278373  0.187717
 23.813793  0.000000  0.000000  0.000000  0.000000  0.000000  0.000000  0.000000  0.000000  0.000000  0.000000  0.000000  0.000000  0.000000  0.000000  0.000000  0.000000  0.000000  0.000000  0.000000  0.000000  0.000000  0.000000  0.000000  0.000000  0.000000  0.000000  0.000000  0.000073  0.004011  0.032458  0.127232  0.358175  0.579767  0.712346  0.803745  0.853854  0.894843  0.921721  0.943417  0.956047  0.965307  0.970149  0.972922  0.970880  0.957286  0.869176  0.634689  0.421014  0.278620  0.187928
 24.844828  0.000000  0.000000  0.000000  0.000000  0.000000  0.000000  0.000000  0.000000  0.000000  0.000000  0.000000  0.000000  0.000000  0.000000  0.000000  0.000000  0.000000  0.000000  0.000000  0.000000  0.000000  0.000000  0.000000  0.000000  0.000000  0.000000  0.000000  0.000178  0.005776  0.040625  0.148704  0.396054  0.601144  0.734575  0.814345  0.858454  0.902001  0.930217  0.945990  0.958242  0.967239  0.970149  0.973650  0.971725  0.958006  0.869176  0.634689  0.421296  0.278860  0.188065
 25.875862  0.000000  0.000000  0.000000  0.000000  0.000000  0.000000  0.000000  0.000000  0.000000  0.000000  0.000000  0.000000  0.000000  0.000000  0.000000  0.000000  0.000000  0.000000  0.000000  0.000000  0.000000  0.000000  0.000000  0.000000  0.000000  0.000000  0.000000  0.000301  0.007360  0.047835  0.165767  0.423133  0.620591  0.745705  0.826000  0.867947  0.908861  0.933467  0.948398  0.960378  0.968922  0.971429  0.974090  0.973162  0.958006  0.869214  0.634717  0.421571  0.279016  0.188196
 26.906897  0.000000  0.000000  0.000000  0.000000  0.000000  0.000000  0.000000  0.000000  0.000000  0.000000  0.000000  0.000000  0.000000  0.000000  0.000000  0.000000  0.000000  0.000000  0.000000  0.000000  0.000000  0.000000  0.000000  0.000000  0.000000  0.000000  0.000000  0.000677  0.011294  0.062650  0.202447  0.467548  0.645137  0.759172  0.830943  0.870924  0.911239  0.936626  0.950799  0.963032  0.970149  0.973167  0.974373  0.973162  0.958006  0.869249  0.646672  0.422648  0.279672  0.188320
 27.937931  0.000000  0.000000  0.000000  0.000000  0.000000  0.000000  0.000000  0.000000  0.000000  0.000000  0.000000  0.000000  0.000000  0.000000  0.000000  0.000000  0.000000  0.000000  0.000000  0.000000  0.000000  0.000000  0.000000  0.000000  0.000000  0.000000  0.000000  0.000932  0.013531  0.070728  0.222165  0.486731  0.662002  0.772160  0.841917  0.878469  0.915894  0.938936  0.953465  0.964177  0.971680  0.974847  0.975317  0.973162  0.959032  0.869249  0.646672  0.422665  0.279690  0.188441
 28.968966  0.000000  0.000000  0.000000  0.000000  0.000000  0.000000  0.000000  0.000000  0.000000  0.000000  0.000000  0.000000  0.000000  0.000000  0.000000  0.000000  0.000000  0.000000  0.000000  0.000000  0.000000  0.000000  0.000000  0.000000  0.000000  0.000000  0.000000  0.001579  0.018294  0.086324  0.263568  0.519562  0.677252  0.778890  0.845905  0.883534  0.919509  0.940825  0.955409  0.964177  0.972180  0.976015  0.977372  0.973203  0.960887  0.869249  0.646689  0.422684  0.279690  0.188560
 30.000000  0.000000  0.000000  0.000000  0.000000  0.000000  0.000000  0.000000  0.000000  0.000000  0.000000  0.000000  0.000000  0.000000  0.000000  0.000000  0.000000  0.000000  0.000000  0.000000  0.000000  0.000000  0.000000  0.000000  0.000000  0.000000  0.000000  0.000003  0.001960  0.020379  0.092880  0.281726  0.530654  0.686807  0.783853  0.847880  0.889543  0.923467  0.944144  0.957932  0.965128  0.973167  0.977372  0.978905  0.973894  0.960887  0.869249  0.646689  0.422684  0.279690  0.188577
