
 Timestep     Time[yr]           Tc        Tmax        M-Tmax        Pc        Rho_c         R          M        coreHEmass  coreCOmass       Te           L  T_irr     iter#   dt[yr] Phase     mdot     mdotRei    mdot/Rei 

      1  1.00000000000E+01   5.587E+02   5.587E+02   0.000E+00   7.159E+01   3.608E-09   2.872E+02  5.00251E-03   0.000E+00   0.000E+00   5.040E+01   4.769E-04   0.000E+00  65   1.000E+01  1   0.000E+00   0.000E+00   0.000E+00
      2  1.26754990684E+01   5.595E+02   5.595E+02   0.000E+00   7.199E+01   3.623E-09   2.841E+02  5.00251E-03   0.000E+00   0.000E+00   4.942E+01   4.315E-04   0.000E+00  19   2.675E+00  1   0.000E+00   0.000E+00   0.000E+00
      3  1.48158983232E+01   5.601E+02   5.601E+02   0.000E+00   7.231E+01   3.636E-09   2.818E+02  5.00251E-03   0.000E+00   0.000E+00   4.875E+01   4.018E-04   0.000E+00   4   2.140E+00  1   0.000E+00   0.000E+00   0.000E+00
      4  1.71703375034E+01   5.609E+02   5.609E+02   0.000E+00   7.271E+01   3.651E-09   2.796E+02  5.00251E-03   0.000E+00   0.000E+00   4.810E+01   3.751E-04   0.000E+00   2   2.354E+00  1   0.000E+00   0.000E+00   0.000E+00
      5  2.09374401918E+01   5.621E+02   5.621E+02   0.000E+00   7.335E+01   3.674E-09   2.768E+02  5.00251E-03   0.000E+00   0.000E+00   4.729E+01   3.433E-04   0.000E+00   2   3.767E+00  1   0.000E+00   0.000E+00   0.000E+00
      6  2.50812531490E+01   5.632E+02   5.632E+02   0.000E+00   7.394E+01   3.696E-09   2.743E+02  5.00251E-03   0.000E+00   0.000E+00   4.658E+01   3.174E-04   0.000E+00   3   4.144E+00  1   0.000E+00   0.000E+00   0.000E+00
      7  2.96394474020E+01   5.643E+02   5.643E+02   0.000E+00   7.449E+01   3.716E-09   2.721E+02  5.00251E-03   0.000E+00   0.000E+00   4.596E+01   2.960E-04   0.000E+00   2   4.558E+00  1   0.000E+00   0.000E+00   0.000E+00
      8  3.69325582066E+01   5.657E+02   5.657E+02   0.000E+00   7.527E+01   3.746E-09   2.692E+02  5.00251E-03   0.000E+00   0.000E+00   4.522E+01   2.716E-04   0.000E+00   2   7.293E+00  1   0.000E+00   0.000E+00   0.000E+00
      9  4.49549800918E+01   5.673E+02   5.673E+02   0.000E+00   7.613E+01   3.778E-09   2.668E+02  5.00251E-03   0.000E+00   0.000E+00   4.460E+01   2.522E-04   0.000E+00   3   8.022E+00  1   0.000E+00   0.000E+00   0.000E+00
     10  5.37796441655E+01   5.688E+02   5.688E+02   0.000E+00   7.698E+01   3.810E-09   2.646E+02  5.00251E-03   0.000E+00   0.000E+00   4.408E+01   2.370E-04   0.000E+00   3   8.825E+00  1   0.000E+00   0.000E+00   0.000E+00
     11  6.34867746465E+01   5.704E+02   5.704E+02   0.000E+00   7.792E+01   3.846E-09   2.628E+02  5.00251E-03   0.000E+00   0.000E+00   4.367E+01   2.251E-04   0.000E+00   2   9.707E+00  1   0.000E+00   0.000E+00   0.000E+00
     12  7.41646181757E+01   5.723E+02   5.723E+02   0.000E+00   7.895E+01   3.884E-09   2.611E+02  5.00251E-03   0.000E+00   0.000E+00   4.336E+01   2.160E-04   0.000E+00   2   1.068E+01  1   0.000E+00   0.000E+00   0.000E+00
     13  9.12491678223E+01   5.750E+02   5.750E+02   0.000E+00   8.056E+01   3.944E-09   2.590E+02  5.00251E-03   0.000E+00   0.000E+00   4.309E+01   2.072E-04   0.000E+00   2   1.708E+01  1   0.000E+00   0.000E+00   0.000E+00
     14  1.10042172434E+02   5.780E+02   5.780E+02   0.000E+00   8.229E+01   4.008E-09   2.572E+02  5.00251E-03   0.000E+00   0.000E+00   4.293E+01   2.013E-04   0.000E+00   2   1.879E+01  1   0.000E+00   0.000E+00   0.000E+00
     15  1.30714477506E+02   5.811E+02   5.811E+02   0.000E+00   8.413E+01   4.076E-09   2.555E+02  5.00251E-03   0.000E+00   0.000E+00   4.284E+01   1.971E-04   0.000E+00   2   2.067E+01  1   0.000E+00   0.000E+00   0.000E+00
     16  1.53454013086E+02   5.844E+02   5.844E+02   0.000E+00   8.617E+01   4.151E-09   2.537E+02  5.00251E-03   0.000E+00   0.000E+00   4.282E+01   1.939E-04   0.000E+00   2   2.274E+01  1   0.000E+00   0.000E+00   0.000E+00
     17  1.78467502223E+02   5.882E+02   5.882E+02   0.000E+00   8.849E+01   4.236E-09   2.520E+02  5.00251E-03   0.000E+00   0.000E+00   4.283E+01   1.915E-04   0.000E+00   2   2.501E+01  1   0.000E+00   0.000E+00   0.000E+00
     18  2.05982340275E+02   5.923E+02   5.923E+02   0.000E+00   9.107E+01   4.329E-09   2.501E+02  5.00251E-03   0.000E+00   0.000E+00   4.287E+01   1.894E-04   0.000E+00   2   2.751E+01  1   0.000E+00   0.000E+00   0.000E+00
     19  2.36248662131E+02   5.968E+02   5.968E+02   0.000E+00   9.395E+01   4.432E-09   2.482E+02  5.00251E-03   0.000E+00   0.000E+00   4.293E+01   1.874E-04   0.000E+00   2   3.027E+01  1   0.000E+00   0.000E+00   0.000E+00
     20  2.69541616173E+02   6.017E+02   6.017E+02   0.000E+00   9.713E+01   4.545E-09   2.461E+02  5.00251E-03   0.000E+00   0.000E+00   4.298E+01   1.852E-04   0.000E+00   2   3.329E+01  1   0.000E+00   0.000E+00   0.000E+00
     21  3.06163865620E+02   6.069E+02   6.069E+02   0.000E+00   1.006E+02   4.669E-09   2.438E+02  5.00251E-03   0.000E+00   0.000E+00   4.295E+01   1.813E-04   0.000E+00   2   3.662E+01  1   0.000E+00   0.000E+00   0.000E+00
     22  3.46448340011E+02   6.125E+02   6.125E+02   0.000E+00   1.045E+02   4.804E-09   2.415E+02  5.00251E-03   0.000E+00   0.000E+00   4.301E+01   1.788E-04   0.000E+00   3   4.028E+01  1   0.000E+00   0.000E+00   0.000E+00
     23  3.90761261841E+02   6.188E+02   6.188E+02   0.000E+00   1.090E+02   4.958E-09   2.392E+02  5.00251E-03   0.000E+00   0.000E+00   4.312E+01   1.773E-04   0.000E+00   2   4.431E+01  1   0.000E+00   0.000E+00   0.000E+00
     24  4.39505475854E+02   6.256E+02   6.256E+02   0.000E+00   1.139E+02   5.126E-09   2.368E+02  5.00251E-03   0.000E+00   0.000E+00   4.325E+01   1.759E-04   0.000E+00   2   4.874E+01  1   0.000E+00   0.000E+00   0.000E+00
     25  4.93124111269E+02   6.328E+02   6.328E+02   0.000E+00   1.194E+02   5.310E-09   2.343E+02  5.00251E-03   0.000E+00   0.000E+00   4.337E+01   1.740E-04   0.000E+00   2   5.362E+01  1   0.000E+00   0.000E+00   0.000E+00
     26  5.52104610225E+02   6.406E+02   6.406E+02   0.000E+00   1.255E+02   5.515E-09   2.315E+02  5.00251E-03   0.000E+00   0.000E+00   4.344E+01   1.712E-04   0.000E+00   2   5.898E+01  1   0.000E+00   0.000E+00   0.000E+00
     27  6.16983159076E+02   6.492E+02   6.492E+02   0.000E+00   1.325E+02   5.744E-09   2.287E+02  5.00251E-03   0.000E+00   0.000E+00   4.351E+01   1.680E-04   0.000E+00   3   6.488E+01  1   0.000E+00   0.000E+00   0.000E+00
     28  6.88349562813E+02   6.584E+02   6.584E+02   0.000E+00   1.402E+02   5.997E-09   2.259E+02  5.00251E-03   0.000E+00   0.000E+00   4.371E+01   1.669E-04   0.000E+00   3   7.137E+01  1   0.000E+00   0.000E+00   0.000E+00
     29  7.66852606923E+02   6.685E+02   6.685E+02   0.000E+00   1.492E+02   6.283E-09   2.228E+02  5.00251E-03   0.000E+00   0.000E+00   4.386E+01   1.647E-04   0.000E+00   2   7.850E+01  1   0.000E+00   0.000E+00   0.000E+00
     30  8.53205955445E+02   6.797E+02   6.797E+02   0.000E+00   1.594E+02   6.604E-09   2.196E+02  5.00251E-03   0.000E+00   0.000E+00   4.404E+01   1.626E-04   0.000E+00   3   8.635E+01  1   0.000E+00   0.000E+00   0.000E+00
     31  9.48194638818E+02   6.916E+02   6.916E+02   0.000E+00   1.708E+02   6.955E-09   2.163E+02  5.00251E-03   0.000E+00   0.000E+00   4.414E+01   1.592E-04   0.000E+00   3   9.499E+01  1   0.000E+00   0.000E+00   0.000E+00
     32  1.05268219053E+03   7.043E+02   7.043E+02   0.000E+00   1.838E+02   7.347E-09   2.129E+02  5.00251E-03   0.000E+00   0.000E+00   4.435E+01   1.571E-04   0.000E+00   3   1.045E+02  1   0.000E+00   0.000E+00   0.000E+00
     33  1.16761849741E+03   7.182E+02   7.182E+02   0.000E+00   1.988E+02   7.794E-09   2.094E+02  5.00251E-03   0.000E+00   0.000E+00   4.462E+01   1.558E-04   0.000E+00   3   1.149E+02  1   0.000E+00   0.000E+00   0.000E+00
     34  1.29015073730E+03   7.324E+02   7.324E+02   0.000E+00   2.153E+02   8.277E-09   2.058E+02  5.00251E-03   0.000E+00   0.000E+00   4.480E+01   1.528E-04   0.000E+00   3   1.225E+02  1   0.000E+00   0.000E+00   0.000E+00
     35  1.41795347708E+03   7.471E+02   7.471E+02   0.000E+00   2.335E+02   8.799E-09   2.022E+02  5.00251E-03   0.000E+00   0.000E+00   4.498E+01   1.500E-04   0.000E+00   3   1.278E+02  1   0.000E+00   0.000E+00   0.000E+00
     36  1.55141406896E+03   7.620E+02   7.620E+02   0.000E+00   2.534E+02   9.361E-09   1.988E+02  5.00251E-03   0.000E+00   0.000E+00   4.527E+01   1.487E-04   0.000E+00   3   1.335E+02  1   0.000E+00   0.000E+00   0.000E+00
     37  1.69151680589E+03   7.775E+02   7.775E+02   0.000E+00   2.754E+02   9.968E-09   1.953E+02  5.00251E-03   0.000E+00   0.000E+00   4.544E+01   1.457E-04   0.000E+00   2   1.401E+02  1   0.000E+00   0.000E+00   0.000E+00
     38  1.83359897943E+03   7.929E+02   7.929E+02   0.000E+00   2.986E+02   1.060E-08   1.920E+02  5.00251E-03   0.000E+00   0.000E+00   4.567E+01   1.437E-04   0.000E+00   3   1.421E+02  1   0.000E+00   0.000E+00   0.000E+00
     39  1.98371458971E+03   8.089E+02   8.089E+02   0.000E+00   3.244E+02   1.129E-08   1.887E+02  5.00251E-03   0.000E+00   0.000E+00   4.590E+01   1.417E-04   0.000E+00   3   1.501E+02  1   0.000E+00   0.000E+00   0.000E+00
     40  2.13883940469E+03   8.252E+02   8.252E+02   0.000E+00   3.527E+02   1.203E-08   1.854E+02  5.00251E-03   0.000E+00   0.000E+00   4.614E+01   1.396E-04   0.000E+00   3   1.551E+02  1   0.000E+00   0.000E+00   0.000E+00
     41  2.29778601521E+03   8.417E+02   8.417E+02   0.000E+00   3.835E+02   1.283E-08   1.823E+02  5.00251E-03   0.000E+00   0.000E+00   4.642E+01   1.382E-04   0.000E+00   3   1.589E+02  1   0.000E+00   0.000E+00   0.000E+00
     42  2.46275600939E+03   8.584E+02   8.584E+02   0.000E+00   4.169E+02   1.367E-08   1.791E+02  5.00251E-03   0.000E+00   0.000E+00   4.661E+01   1.357E-04   0.000E+00   3   1.650E+02  1   0.000E+00   0.000E+00   0.000E+00
     43  2.63284001565E+03   8.755E+02   8.755E+02   0.000E+00   4.534E+02   1.458E-08   1.761E+02  5.00251E-03   0.000E+00   0.000E+00   4.684E+01   1.337E-04   0.000E+00   3   1.701E+02  1   0.000E+00   0.000E+00   0.000E+00
     44  2.80960672027E+03   8.930E+02   8.930E+02   0.000E+00   4.935E+02   1.556E-08   1.731E+02  5.00251E-03   0.000E+00   0.000E+00   4.718E+01   1.331E-04   0.000E+00   3   1.768E+02  1   0.000E+00   0.000E+00   0.000E+00
     45  2.99283992802E+03   9.110E+02   9.110E+02   0.000E+00   5.374E+02   1.661E-08   1.701E+02  5.00251E-03   0.000E+00   0.000E+00   4.735E+01   1.303E-04   0.000E+00   2   1.832E+02  1   0.000E+00   0.000E+00   0.000E+00
     46  3.17736920450E+03   9.291E+02   9.291E+02   0.000E+00   5.841E+02   1.770E-08   1.673E+02  5.00251E-03   0.000E+00   0.000E+00   4.763E+01   1.291E-04   0.000E+00   3   1.845E+02  1   0.000E+00   0.000E+00   0.000E+00
     47  3.37103794662E+03   9.479E+02   9.479E+02   0.000E+00   6.361E+02   1.889E-08   1.646E+02  5.00251E-03   0.000E+00   0.000E+00   4.792E+01   1.279E-04   0.000E+00   2   1.937E+02  1   0.000E+00   0.000E+00   0.000E+00
     48  3.56829319116E+03   9.668E+02   9.668E+02   0.000E+00   6.913E+02   2.013E-08   1.618E+02  5.00251E-03   0.000E+00   0.000E+00   4.811E+01   1.258E-04   0.000E+00   3   1.973E+02  1   0.000E+00   0.000E+00   0.000E+00
     49  3.76980865598E+03   9.864E+02   9.864E+02   0.000E+00   7.523E+02   2.147E-08   1.593E+02  5.00251E-03   0.000E+00   0.000E+00   4.848E+01   1.256E-04   0.000E+00   3   2.015E+02  1   0.000E+00   0.000E+00   0.000E+00
     50  3.97747840017E+03   1.007E+03   1.007E+03   0.000E+00   8.185E+02   2.290E-08   1.566E+02  5.00251E-03   0.000E+00   0.000E+00   4.875E+01   1.242E-04   0.000E+00   3   2.077E+02  1   0.000E+00   0.000E+00   0.000E+00
     51  4.18660483862E+03   1.027E+03   1.027E+03   0.000E+00   8.899E+02   2.440E-08   1.541E+02  5.00251E-03   0.000E+00   0.000E+00   4.908E+01   1.235E-04   0.000E+00   3   2.091E+02  1   0.000E+00   0.000E+00   0.000E+00
     52  4.40034186093E+03   1.048E+03   1.048E+03   0.000E+00   9.672E+02   2.599E-08   1.517E+02  5.00251E-03   0.000E+00   0.000E+00   4.932E+01   1.220E-04   0.000E+00   3   2.137E+02  1   0.000E+00   0.000E+00   0.000E+00
     53  4.61840990212E+03   1.069E+03   1.069E+03   0.000E+00   1.051E+03   2.767E-08   1.493E+02  5.00251E-03   0.000E+00   0.000E+00   4.967E+01   1.216E-04   0.000E+00   3   2.181E+02  1   0.000E+00   0.000E+00   0.000E+00
     54  4.84597031000E+03   1.091E+03   1.091E+03   0.000E+00   1.143E+03   2.949E-08   1.469E+02  5.00251E-03   0.000E+00   0.000E+00   4.985E+01   1.195E-04   0.000E+00   2   2.276E+02  1   0.000E+00   0.000E+00   0.000E+00
     55  5.07642874879E+03   1.113E+03   1.113E+03   0.000E+00   1.241E+03   3.141E-08   1.447E+02  5.00251E-03   0.000E+00   0.000E+00   5.029E+01   1.200E-04   0.000E+00   3   2.305E+02  1   0.000E+00   0.000E+00   0.000E+00
     56  5.32093046961E+03   1.136E+03   1.136E+03   0.000E+00   1.354E+03   3.355E-08   1.423E+02  5.00251E-03   0.000E+00   0.000E+00   5.083E+01   1.211E-04   0.000E+00   2   2.445E+02  1   0.000E+00   0.000E+00   0.000E+00
     57  5.56551899487E+03   1.160E+03   1.160E+03   0.000E+00   1.473E+03   3.577E-08   1.400E+02  5.00251E-03   0.000E+00   0.000E+00   5.082E+01   1.172E-04   0.000E+00   3   2.446E+02  1   0.000E+00   0.000E+00   0.000E+00
     58  5.76118981508E+03   1.179E+03   1.179E+03   0.000E+00   1.578E+03   3.768E-08   1.383E+02  5.00251E-03   0.000E+00   0.000E+00   5.120E+01   1.178E-04   0.000E+00   3   1.957E+02  1   0.000E+00   0.000E+00   0.000E+00
     59  5.97642771731E+03   1.201E+03   1.201E+03   0.000E+00   1.698E+03   3.983E-08   1.364E+02  5.00251E-03   0.000E+00   0.000E+00   5.159E+01   1.182E-04   0.000E+00   3   2.152E+02  1   0.000E+00   0.000E+00   0.000E+00
     60  6.21318940976E+03   1.225E+03   1.225E+03   0.000E+00   1.840E+03   4.229E-08   1.344E+02  5.00251E-03   0.000E+00   0.000E+00   5.197E+01   1.181E-04   0.000E+00   2   2.368E+02  1   0.000E+00   0.000E+00   0.000E+00
     61  6.46320306522E+03   1.249E+03   1.249E+03   0.000E+00   1.996E+03   4.498E-08   1.323E+02  5.00251E-03   0.000E+00   0.000E+00   5.236E+01   1.179E-04   0.000E+00   3   2.500E+02  1   0.000E+00   0.000E+00   0.000E+00
     62  6.72468426672E+03   1.275E+03   1.275E+03   0.000E+00   2.169E+03   4.788E-08   1.303E+02  5.00251E-03   0.000E+00   0.000E+00   5.265E+01   1.169E-04   0.000E+00   3   2.615E+02  1   0.000E+00   0.000E+00   0.000E+00
     63  6.99704357392E+03   1.302E+03   1.302E+03   0.000E+00   2.360E+03   5.104E-08   1.282E+02  5.00251E-03   0.000E+00   0.000E+00   5.308E+01   1.170E-04   0.000E+00   3   2.724E+02  1   0.000E+00   0.000E+00   0.000E+00
     64  7.27879523791E+03   1.329E+03   1.329E+03   0.000E+00   2.572E+03   5.447E-08   1.262E+02  5.00251E-03   0.000E+00   0.000E+00   5.342E+01   1.162E-04   0.000E+00   2   2.818E+02  1   0.000E+00   0.000E+00   0.000E+00
     65  7.56348610940E+03   1.357E+03   1.357E+03   0.000E+00   2.802E+03   5.813E-08   1.241E+02  5.00251E-03   0.000E+00   0.000E+00   5.403E+01   1.176E-04   0.000E+00   3   2.847E+02  1   0.000E+00   0.000E+00   0.000E+00
     66  7.85614259806E+03   1.386E+03   1.386E+03   0.000E+00   3.058E+03   6.213E-08   1.218E+02  5.00251E-03   0.000E+00   0.000E+00   5.459E+01   1.181E-04   0.000E+00   2   2.927E+02  1   0.000E+00   0.000E+00   0.000E+00
     67  8.09026778900E+03   1.411E+03   1.411E+03   0.000E+00   3.286E+03   6.561E-08   1.200E+02  5.00251E-03   0.000E+00   0.000E+00   5.494E+01   1.176E-04   0.000E+00   3   2.341E+02  1   0.000E+00   0.000E+00   0.000E+00
     68  8.34780549902E+03   1.437E+03   1.437E+03   0.000E+00   3.549E+03   6.951E-08   1.183E+02  5.00251E-03   0.000E+00   0.000E+00   5.498E+01   1.146E-04   0.000E+00   3   2.575E+02  1   0.000E+00   0.000E+00   0.000E+00
     69  8.63109698005E+03   1.467E+03   1.467E+03   0.000E+00   3.851E+03   7.395E-08   1.164E+02  5.00251E-03   0.000E+00   0.000E+00   5.553E+01   1.155E-04   0.000E+00   4   2.833E+02  1   0.000E+00   0.000E+00   0.000E+00
     70  8.93677034517E+03   1.497E+03   1.497E+03   0.000E+00   4.198E+03   7.896E-08   1.144E+02  5.00251E-03   0.000E+00   0.000E+00   5.599E+01   1.153E-04   0.000E+00   4   3.057E+02  1   0.000E+00   0.000E+00   0.000E+00
     71  9.24371882718E+03   1.529E+03   1.529E+03   0.000E+00   4.577E+03   8.432E-08   1.124E+02  5.00251E-03   0.000E+00   0.000E+00   5.649E+01   1.152E-04   0.000E+00   3   3.069E+02  1   0.000E+00   0.000E+00   0.000E+00
     72  9.55704501592E+03   1.560E+03   1.560E+03   0.000E+00   4.991E+03   9.011E-08   1.102E+02  5.00251E-03   0.000E+00   0.000E+00   5.706E+01   1.154E-04   0.000E+00   3   3.133E+02  1   0.000E+00   0.000E+00   0.000E+00
     73  9.87562218609E+03   1.588E+03   1.588E+03   0.000E+00   5.445E+03   9.652E-08   1.081E+02  5.00251E-03   0.000E+00   0.000E+00   5.754E+01   1.148E-04   0.000E+00   4   3.186E+02  1   0.000E+00   0.000E+00   0.000E+00
     74  1.01997294713E+04   1.615E+03   1.615E+03   0.000E+00   5.942E+03   1.036E-07   1.063E+02  5.00251E-03   0.000E+00   0.000E+00   5.771E+01   1.123E-04   0.000E+00   3   3.241E+02  1   0.000E+00   0.000E+00   0.000E+00
     75  1.05323276174E+04   1.639E+03   1.639E+03   0.000E+00   6.493E+03   1.115E-07   1.044E+02  5.00251E-03   0.000E+00   0.000E+00   5.817E+01   1.119E-04   0.000E+00   4   3.326E+02  1   0.000E+00   0.000E+00   0.000E+00
     76  1.08763589849E+04   1.661E+03   1.661E+03   0.000E+00   7.134E+03   1.209E-07   1.024E+02  5.00251E-03   0.000E+00   0.000E+00   5.873E+01   1.117E-04   0.000E+00   3   3.440E+02  1   0.000E+00   0.000E+00   0.000E+00
     77  1.11515840790E+04   1.679E+03   1.679E+03   0.000E+00   7.723E+03   1.295E-07   1.007E+02  5.00251E-03   0.000E+00   0.000E+00   5.917E+01   1.113E-04   0.000E+00   2   2.752E+02  1   0.000E+00   0.000E+00   0.000E+00
     78  1.14543316824E+04   1.697E+03   1.697E+03   0.000E+00   8.440E+03   1.400E-07   9.879E+01  5.00251E-03   0.000E+00   0.000E+00   5.967E+01   1.109E-04   0.000E+00   3   3.027E+02  1   0.000E+00   0.000E+00   0.000E+00
     79  1.17873540462E+04   1.714E+03   1.714E+03   0.000E+00   9.308E+03   1.528E-07   9.684E+01  5.00251E-03   0.000E+00   0.000E+00   6.014E+01   1.099E-04   0.000E+00   3   3.330E+02  1   0.000E+00   0.000E+00   0.000E+00
     80  1.21405555697E+04   1.729E+03   1.729E+03   0.000E+00   1.034E+04   1.683E-07   9.493E+01  5.00251E-03   0.000E+00   0.000E+00   6.059E+01   1.089E-04   0.000E+00   3   3.532E+02  1   0.000E+00   0.000E+00   0.000E+00
     81  1.25067888010E+04   1.742E+03   1.742E+03   0.000E+00   1.157E+04   1.869E-07   9.318E+01  5.00251E-03   0.000E+00   0.000E+00   6.095E+01   1.074E-04   0.000E+00   3   3.662E+02  1   0.000E+00   0.000E+00   0.000E+00
     82  1.28875421467E+04   1.753E+03   1.753E+03   0.000E+00   1.306E+04   2.096E-07   9.161E+01  5.00251E-03   0.000E+00   0.000E+00   6.129E+01   1.062E-04   0.000E+00   3   3.808E+02  1   0.000E+00   0.000E+00   0.000E+00
     83  1.32878673987E+04   1.763E+03   1.763E+03   0.000E+00   1.493E+04   2.382E-07   8.996E+01  5.00251E-03   0.000E+00   0.000E+00   6.185E+01   1.062E-04   0.000E+00   4   4.003E+02  1   0.000E+00   0.000E+00   0.000E+00
     84  1.37083393164E+04   1.773E+03   1.773E+03   0.000E+00   1.732E+04   2.748E-07   8.855E+01  5.00251E-03   0.000E+00   0.000E+00   6.223E+01   1.054E-04   0.000E+00   3   4.205E+02  1   0.000E+00   0.000E+00   0.000E+00
     85  1.41488746872E+04   1.783E+03   1.783E+03   0.000E+00   2.045E+04   3.228E-07   8.723E+01  5.00251E-03   0.000E+00   0.000E+00   6.283E+01   1.063E-04   0.000E+00   3   4.405E+02  1   0.000E+00   0.000E+00   0.000E+00
     86  1.46161144270E+04   1.795E+03   1.795E+03   0.000E+00   2.475E+04   3.880E-07   8.631E+01  5.00251E-03   0.000E+00   0.000E+00   6.337E+01   1.077E-04   0.000E+00   3   4.672E+02  1   0.000E+00   0.000E+00   0.000E+00
     87  1.51125668782E+04   1.812E+03   1.812E+03   0.000E+00   3.089E+04   4.798E-07   8.608E+01  5.00251E-03   0.000E+00   0.000E+00   6.394E+01   1.110E-04   0.000E+00   4   4.965E+02  1   0.000E+00   0.000E+00   0.000E+00
     88  1.55097288391E+04   1.836E+03   1.836E+03   0.000E+00   3.809E+04   5.841E-07   8.685E+01  5.00251E-03   0.000E+00   0.000E+00   6.416E+01   1.146E-04   0.000E+00   5   3.972E+02  1   0.000E+00   0.000E+00   0.000E+00
     89  1.58274584079E+04   1.870E+03   1.870E+03   0.000E+00   4.657E+04   7.011E-07   8.793E+01  5.00251E-03   0.000E+00   0.000E+00   6.467E+01   1.212E-04   0.000E+00   3   3.177E+02  1   0.000E+00   0.000E+00   0.000E+00
     90  1.60553911541E+04   1.907E+03   1.907E+03   0.000E+00   5.533E+04   8.167E-07   8.920E+01  5.00251E-03   0.000E+00   0.000E+00   6.503E+01   1.275E-04   0.000E+00   4   2.279E+02  1   0.000E+00   0.000E+00   0.000E+00
     91  1.62199049113E+04   1.948E+03   1.948E+03   0.000E+00   6.455E+04   9.320E-07   9.058E+01  5.00251E-03   0.000E+00   0.000E+00   6.528E+01   1.335E-04   0.000E+00   5   1.645E+02  1   0.000E+00   0.000E+00   0.000E+00
     92  1.63434322786E+04   1.988E+03   1.988E+03   0.000E+00   7.399E+04   1.046E-06   9.204E+01  5.00251E-03   0.000E+00   0.000E+00   6.545E+01   1.393E-04   0.000E+00   4   1.235E+02  1   0.000E+00   0.000E+00   0.000E+00
     93  1.64422541724E+04   2.031E+03   2.031E+03   0.000E+00   8.457E+04   1.169E-06   9.355E+01  5.00251E-03   0.000E+00   0.000E+00   6.563E+01   1.455E-04   0.000E+00   4   9.882E+01  1   0.000E+00   0.000E+00   0.000E+00
     94  1.65213116875E+04   2.080E+03   2.080E+03   0.000E+00   9.690E+04   1.307E-06   9.510E+01  5.00251E-03   0.000E+00   0.000E+00   6.573E+01   1.513E-04   0.000E+00   5   7.906E+01  1   0.000E+00   0.000E+00   0.000E+00
     95  1.65845576995E+04   2.135E+03   2.135E+03   0.000E+00   1.120E+05   1.471E-06   9.672E+01  5.00251E-03   0.000E+00   0.000E+00   6.579E+01   1.571E-04   0.000E+00   5   6.325E+01  1   0.000E+00   0.000E+00   0.000E+00
     96  1.66350378270E+04   2.211E+03   2.211E+03   0.000E+00   1.348E+05   1.708E-06   9.834E+01  5.00251E-03   0.000E+00   0.000E+00   6.591E+01   1.636E-04   0.000E+00   6   5.048E+01  1   0.000E+00   0.000E+00   0.000E+00
     97  1.66689812402E+04   1.405E+05   1.405E+05   0.000E+00   3.215E+13   1.888E+00   3.262E-01  5.00251E-03   0.000E+00   0.000E+00   8.771E+02   5.646E-05   0.000E+00   8   3.394E+01  1   0.000E+00   0.000E+00   0.000E+00
