
 Timestep     Time[yr]           Tc        Tmax        M-Tmax        Pc        Rho_c         R          M        coreHEmass  coreCOmass       Te           L  T_irr     iter#   dt[yr] Phase     mdot     mdotRei    mdot/Rei                                                                               

      1  1.00000000000E+01   3.899E+02   3.899E+02   0.000E+00   1.741E+03   1.257E-07   4.896E+01  5.00252E-04   0.000E+00   0.000E+00   2.810E+01   1.339E-06   0.000E+00   5   1.000E+01  1   0.000E+00   0.000E+00   0.000E+00
      2  2.00000000000E+01   3.898E+02   3.898E+02   0.000E+00   1.746E+03   1.261E-07   4.877E+01  5.00252E-04   0.000E+00   0.000E+00   2.785E+01   1.283E-06   0.000E+00   5   1.000E+01  1   0.000E+00   0.000E+00   0.000E+00
      3  3.00000000000E+01   3.896E+02   3.896E+02   0.000E+00   1.748E+03   1.263E-07   4.863E+01  5.00252E-04   0.000E+00   0.000E+00   2.764E+01   1.236E-06   0.000E+00   3   1.000E+01  1   0.000E+00   0.000E+00   0.000E+00
      4  4.10000000000E+01   3.896E+02   3.896E+02   0.000E+00   1.752E+03   1.266E-07   4.850E+01  5.00252E-04   0.000E+00   0.000E+00   2.747E+01   1.200E-06   0.000E+00   2   1.100E+01  1   0.000E+00   0.000E+00   0.000E+00
      5  5.86000000000E+01   3.898E+02   3.898E+02   0.000E+00   1.759E+03   1.271E-07   4.835E+01  5.00252E-04   0.000E+00   0.000E+00   2.731E+01   1.165E-06   0.000E+00   2   1.760E+01  1   0.000E+00   0.000E+00   0.000E+00
      6  8.67600000000E+01   3.900E+02   3.900E+02   0.000E+00   1.766E+03   1.275E-07   4.820E+01  5.00252E-04   0.000E+00   0.000E+00   2.717E+01   1.135E-06   0.000E+00   2   2.816E+01  1   0.000E+00   0.000E+00   0.000E+00
      7  1.31816000000E+02   3.903E+02   3.903E+02   0.000E+00   1.774E+03   1.280E-07   4.806E+01  5.00252E-04   0.000E+00   0.000E+00   2.708E+01   1.113E-06   0.000E+00   5   4.506E+01  1   0.000E+00   0.000E+00   0.000E+00
      8  1.76872000000E+02   3.905E+02   3.905E+02   0.000E+00   1.780E+03   1.283E-07   4.796E+01  5.00252E-04   0.000E+00   0.000E+00   2.704E+01   1.102E-06   0.000E+00   2   4.506E+01  1   0.000E+00   0.000E+00   0.000E+00
      9  2.48961600000E+02   3.910E+02   3.910E+02   0.000E+00   1.790E+03   1.289E-07   4.784E+01  5.00252E-04   0.000E+00   0.000E+00   2.702E+01   1.094E-06   0.000E+00   2   7.209E+01  1   0.000E+00   0.000E+00   0.000E+00
     10  3.64304960000E+02   3.921E+02   3.921E+02   0.000E+00   1.809E+03   1.299E-07   4.767E+01  5.00252E-04   0.000E+00   0.000E+00   2.703E+01   1.087E-06   0.000E+00   2   1.153E+02  1   0.000E+00   0.000E+00   0.000E+00
     11  5.48854336000E+02   3.937E+02   3.937E+02   0.000E+00   1.838E+03   1.315E-07   4.743E+01  5.00252E-04   0.000E+00   0.000E+00   2.705E+01   1.080E-06   0.000E+00   2   1.845E+02  1   0.000E+00   0.000E+00   0.000E+00
     12  7.51858649600E+02   3.954E+02   3.954E+02   0.000E+00   1.871E+03   1.332E-07   4.722E+01  5.00252E-04   0.000E+00   0.000E+00   2.709E+01   1.076E-06   0.000E+00   3   2.030E+02  1   0.000E+00   0.000E+00   0.000E+00
     13  9.75163394560E+02   3.972E+02   3.972E+02   0.000E+00   1.905E+03   1.350E-07   4.700E+01  5.00252E-04   0.000E+00   0.000E+00   2.713E+01   1.073E-06   0.000E+00   2   2.233E+02  1   0.000E+00   0.000E+00   0.000E+00
     14  1.22079861402E+03   3.991E+02   3.991E+02   0.000E+00   1.941E+03   1.369E-07   4.675E+01  5.00252E-04   0.000E+00   0.000E+00   2.717E+01   1.068E-06   0.000E+00   2   2.456E+02  1   0.000E+00   0.000E+00   0.000E+00
     15  1.49099735542E+03   4.013E+02   4.013E+02   0.000E+00   1.983E+03   1.391E-07   4.645E+01  5.00252E-04   0.000E+00   0.000E+00   2.721E+01   1.060E-06   0.000E+00   2   2.702E+02  1   0.000E+00   0.000E+00   0.000E+00
     16  1.78821597096E+03   4.037E+02   4.037E+02   0.000E+00   2.030E+03   1.416E-07   4.608E+01  5.00252E-04   0.000E+00   0.000E+00   2.724E+01   1.048E-06   0.000E+00   2   2.972E+02  1   0.000E+00   0.000E+00   0.000E+00
     17  2.11515644806E+03   4.064E+02   4.064E+02   0.000E+00   2.085E+03   1.444E-07   4.577E+01  5.00252E-04   0.000E+00   0.000E+00   2.730E+01   1.043E-06   0.000E+00   3   3.269E+02  1   0.000E+00   0.000E+00   0.000E+00
     18  2.47479097286E+03   4.092E+02   4.092E+02   0.000E+00   2.143E+03   1.474E-07   4.547E+01  5.00252E-04   0.000E+00   0.000E+00   2.737E+01   1.040E-06   0.000E+00   2   3.596E+02  1   0.000E+00   0.000E+00   0.000E+00
     19  2.87038895015E+03   4.122E+02   4.122E+02   0.000E+00   2.205E+03   1.507E-07   4.508E+01  5.00252E-04   0.000E+00   0.000E+00   2.743E+01   1.031E-06   0.000E+00   2   3.956E+02  1   0.000E+00   0.000E+00   0.000E+00
     20  3.30554672516E+03   4.156E+02   4.156E+02   0.000E+00   2.278E+03   1.543E-07   4.463E+01  5.00252E-04   0.000E+00   0.000E+00   2.748E+01   1.018E-06   0.000E+00   2   4.352E+02  1   0.000E+00   0.000E+00   0.000E+00
     21  3.78422027768E+03   4.191E+02   4.191E+02   0.000E+00   2.357E+03   1.583E-07   4.421E+01  5.00252E-04   0.000E+00   0.000E+00   2.754E+01   1.008E-06   0.000E+00   3   4.787E+02  1   0.000E+00   0.000E+00   0.000E+00
     22  4.31076118545E+03   4.230E+02   4.230E+02   0.000E+00   2.445E+03   1.628E-07   4.377E+01  5.00252E-04   0.000E+00   0.000E+00   2.763E+01   1.000E-06   0.000E+00   3   5.265E+02  1   0.000E+00   0.000E+00   0.000E+00
     23  4.88995618399E+03   4.274E+02   4.274E+02   0.000E+00   2.548E+03   1.679E-07   4.329E+01  5.00252E-04   0.000E+00   0.000E+00   2.772E+01   9.910E-07   0.000E+00   3   5.792E+02  1   0.000E+00   0.000E+00   0.000E+00
     24  5.52707068239E+03   4.319E+02   4.319E+02   0.000E+00   2.658E+03   1.733E-07   4.274E+01  5.00252E-04   0.000E+00   0.000E+00   2.778E+01   9.759E-07   0.000E+00   3   6.371E+02  1   0.000E+00   0.000E+00   0.000E+00
     25  6.22789663063E+03   4.368E+02   4.368E+02   0.000E+00   2.782E+03   1.793E-07   4.218E+01  5.00252E-04   0.000E+00   0.000E+00   2.787E+01   9.623E-07   0.000E+00   3   7.008E+02  1   0.000E+00   0.000E+00   0.000E+00
     26  6.99880517369E+03   4.423E+02   4.423E+02   0.000E+00   2.927E+03   1.863E-07   4.165E+01  5.00252E-04   0.000E+00   0.000E+00   2.800E+01   9.552E-07   0.000E+00   3   7.709E+02  1   0.000E+00   0.000E+00   0.000E+00
     27  7.84680457106E+03   4.480E+02   4.480E+02   0.000E+00   3.080E+03   1.936E-07   4.098E+01  5.00252E-04   0.000E+00   0.000E+00   2.807E+01   9.342E-07   0.000E+00   3   8.480E+02  1   0.000E+00   0.000E+00   0.000E+00
     28  8.77960390817E+03   4.545E+02   4.545E+02   0.000E+00   3.263E+03   2.022E-07   4.040E+01  5.00252E-04   0.000E+00   0.000E+00   2.821E+01   9.256E-07   0.000E+00   3   9.328E+02  1   0.000E+00   0.000E+00   0.000E+00
     29  9.80568317898E+03   4.612E+02   4.612E+02   0.000E+00   3.461E+03   2.113E-07   3.970E+01  5.00252E-04   0.000E+00   0.000E+00   2.830E+01   9.066E-07   0.000E+00   2   1.026E+03  1   0.000E+00   0.000E+00   0.000E+00
     30  1.09343703769E+04   4.686E+02   4.686E+02   0.000E+00   3.690E+03   2.217E-07   3.902E+01  5.00252E-04   0.000E+00   0.000E+00   2.842E+01   8.907E-07   0.000E+00   3   1.129E+03  1   0.000E+00   0.000E+00   0.000E+00
     31  1.21759262946E+04   4.764E+02   4.764E+02   0.000E+00   3.942E+03   2.330E-07   3.832E+01  5.00252E-04   0.000E+00   0.000E+00   2.857E+01   8.763E-07   0.000E+00   3   1.242E+03  1   0.000E+00   0.000E+00   0.000E+00
     32  1.35416378040E+04   4.850E+02   4.850E+02   0.000E+00   4.235E+03   2.458E-07   3.755E+01  5.00252E-04   0.000E+00   0.000E+00   2.869E+01   8.563E-07   0.000E+00   3   1.366E+03  1   0.000E+00   0.000E+00   0.000E+00
     33  1.50412515891E+04   4.943E+02   4.943E+02   0.000E+00   4.565E+03   2.600E-07   3.684E+01  5.00252E-04   0.000E+00   0.000E+00   2.887E+01   8.455E-07   0.000E+00   3   1.500E+03  1   0.000E+00   0.000E+00   0.000E+00
     34  1.66515506306E+04   5.038E+02   5.038E+02   0.000E+00   4.926E+03   2.753E-07   3.600E+01  5.00252E-04   0.000E+00   0.000E+00   2.897E+01   8.180E-07   0.000E+00   3   1.610E+03  1   0.000E+00   0.000E+00   0.000E+00
     35  1.82654669033E+04   5.135E+02   5.135E+02   0.000E+00   5.315E+03   2.914E-07   3.533E+01  5.00252E-04   0.000E+00   0.000E+00   2.916E+01   8.086E-07   0.000E+00   3   1.614E+03  1   0.000E+00   0.000E+00   0.000E+00
     36  2.00236707628E+04   5.235E+02   5.235E+02   0.000E+00   5.745E+03   3.089E-07   3.457E+01  5.00252E-04   0.000E+00   0.000E+00   2.930E+01   7.892E-07   0.000E+00   2   1.758E+03  1   0.000E+00   0.000E+00   0.000E+00
     37  2.18145705831E+04   5.333E+02   5.333E+02   0.000E+00   6.198E+03   3.272E-07   3.384E+01  5.00252E-04   0.000E+00   0.000E+00   2.942E+01   7.686E-07   0.000E+00   3   1.791E+03  1   0.000E+00   0.000E+00   0.000E+00
     38  2.37064801149E+04   5.435E+02   5.435E+02   0.000E+00   6.701E+03   3.471E-07   3.317E+01  5.00252E-04   0.000E+00   0.000E+00   2.961E+01   7.584E-07   0.000E+00   2   1.892E+03  1   0.000E+00   0.000E+00   0.000E+00
     39  2.57089942776E+04   5.539E+02   5.539E+02   0.000E+00   7.254E+03   3.687E-07   3.244E+01  5.00252E-04   0.000E+00   0.000E+00   2.973E+01   7.371E-07   0.000E+00   3   2.003E+03  1   0.000E+00   0.000E+00   0.000E+00
     40  2.77320069605E+04   5.644E+02   5.644E+02   0.000E+00   7.843E+03   3.912E-07   3.180E+01  5.00252E-04   0.000E+00   0.000E+00   2.991E+01   7.252E-07   0.000E+00   3   2.023E+03  1   0.000E+00   0.000E+00   0.000E+00
     41  2.98858821400E+04   5.754E+02   5.754E+02   0.000E+00   8.497E+03   4.157E-07   3.111E+01  5.00252E-04   0.000E+00   0.000E+00   3.005E+01   7.077E-07   0.000E+00   2   2.154E+03  1   0.000E+00   0.000E+00   0.000E+00
     42  3.20627717367E+04   5.862E+02   5.862E+02   0.000E+00   9.181E+03   4.409E-07   3.047E+01  5.00252E-04   0.000E+00   0.000E+00   3.018E+01   6.902E-07   0.000E+00   3   2.177E+03  1   0.000E+00   0.000E+00   0.000E+00
     43  3.43385177500E+04   5.974E+02   5.974E+02   0.000E+00   9.929E+03   4.680E-07   2.986E+01  5.00252E-04   0.000E+00   0.000E+00   3.036E+01   6.787E-07   0.000E+00   2   2.276E+03  1   0.000E+00   0.000E+00   0.000E+00
     44  3.66987063133E+04   6.090E+02   6.090E+02   0.000E+00   1.075E+04   4.968E-07   2.925E+01  5.00252E-04   0.000E+00   0.000E+00   3.051E+01   6.647E-07   0.000E+00   3   2.360E+03  1   0.000E+00   0.000E+00   0.000E+00
     45  3.90974170491E+04   6.205E+02   6.205E+02   0.000E+00   1.160E+04   5.265E-07   2.863E+01  5.00252E-04   0.000E+00   0.000E+00   3.061E+01   6.454E-07   0.000E+00   3   2.399E+03  1   0.000E+00   0.000E+00   0.000E+00
     46  4.15752734713E+04   6.322E+02   6.322E+02   0.000E+00   1.253E+04   5.582E-07   2.811E+01  5.00252E-04   0.000E+00   0.000E+00   3.082E+01   6.389E-07   0.000E+00   3   2.478E+03  1   0.000E+00   0.000E+00   0.000E+00
     47  4.42229244060E+04   6.444E+02   6.444E+02   0.000E+00   1.357E+04   5.927E-07   2.753E+01  5.00252E-04   0.000E+00   0.000E+00   3.095E+01   6.233E-07   0.000E+00   3   2.648E+03  1   0.000E+00   0.000E+00   0.000E+00
     48  4.68895748485E+04   6.564E+02   6.564E+02   0.000E+00   1.464E+04   6.278E-07   2.694E+01  5.00252E-04   0.000E+00   0.000E+00   3.103E+01   6.026E-07   0.000E+00   3   2.667E+03  1   0.000E+00   0.000E+00   0.000E+00
     49  4.96539064999E+04   6.689E+02   6.689E+02   0.000E+00   1.582E+04   6.661E-07   2.649E+01  5.00252E-04   0.000E+00   0.000E+00   3.131E+01   6.042E-07   0.000E+00   3   2.764E+03  1   0.000E+00   0.000E+00   0.000E+00
     50  5.26698963381E+04   6.819E+02   6.819E+02   0.000E+00   1.713E+04   7.074E-07   2.588E+01  5.00252E-04   0.000E+00   0.000E+00   3.136E+01   5.808E-07   0.000E+00   2   3.016E+03  1   0.000E+00   0.000E+00   0.000E+00
     51  5.50826882087E+04   6.926E+02   6.926E+02   0.000E+00   1.827E+04   7.428E-07   2.548E+01  5.00252E-04   0.000E+00   0.000E+00   3.150E+01   5.723E-07   0.000E+00   3   2.413E+03  1   0.000E+00   0.000E+00   0.000E+00
     52  5.77367592663E+04   7.040E+02   7.040E+02   0.000E+00   1.955E+04   7.820E-07   2.506E+01  5.00252E-04   0.000E+00   0.000E+00   3.168E+01   5.671E-07   0.000E+00   2   2.654E+03  1   0.000E+00   0.000E+00   0.000E+00
     53  6.06562374297E+04   7.166E+02   7.166E+02   0.000E+00   2.103E+04   8.261E-07   2.459E+01  5.00252E-04   0.000E+00   0.000E+00   3.182E+01   5.555E-07   0.000E+00   2   2.919E+03  1   0.000E+00   0.000E+00   0.000E+00
     54  6.38299577091E+04   7.298E+02   7.298E+02   0.000E+00   2.267E+04   8.744E-07   2.413E+01  5.00252E-04   0.000E+00   0.000E+00   3.195E+01   5.440E-07   0.000E+00   3   3.174E+03  1   0.000E+00   0.000E+00   0.000E+00
     55  6.72167868932E+04   7.431E+02   7.431E+02   0.000E+00   2.442E+04   9.254E-07   2.361E+01  5.00252E-04   0.000E+00   0.000E+00   3.196E+01   5.216E-07   0.000E+00   3   3.387E+03  1   0.000E+00   0.000E+00   0.000E+00
     56  7.06916451017E+04   7.570E+02   7.570E+02   0.000E+00   2.636E+04   9.805E-07   2.322E+01  5.00252E-04   0.000E+00   0.000E+00   3.225E+01   5.228E-07   0.000E+00   3   3.475E+03  1   0.000E+00   0.000E+00   0.000E+00
     57  7.45139891311E+04   7.720E+02   7.720E+02   0.000E+00   2.858E+04   1.042E-06   2.277E+01  5.00252E-04   0.000E+00   0.000E+00   3.244E+01   5.148E-07   0.000E+00   2   3.822E+03  1   0.000E+00   0.000E+00   0.000E+00
     58  7.75718643547E+04   7.838E+02   7.838E+02   0.000E+00   3.043E+04   1.093E-06   2.237E+01  5.00252E-04   0.000E+00   0.000E+00   3.247E+01   4.982E-07   0.000E+00   3   3.058E+03  1   0.000E+00   0.000E+00   0.000E+00
     59  8.09355271006E+04   7.966E+02   7.966E+02   0.000E+00   3.253E+04   1.150E-06   2.198E+01  5.00252E-04   0.000E+00   0.000E+00   3.255E+01   4.861E-07   0.000E+00   3   3.364E+03  1   0.000E+00   0.000E+00   0.000E+00
     60  8.46355561210E+04   8.107E+02   8.107E+02   0.000E+00   3.497E+04   1.214E-06   2.165E+01  5.00252E-04   0.000E+00   0.000E+00   3.285E+01   4.895E-07   0.000E+00   2   3.700E+03  1   0.000E+00   0.000E+00   0.000E+00
     61  8.87055880435E+04   8.254E+02   8.254E+02   0.000E+00   3.764E+04   1.284E-06   2.121E+01  5.00252E-04   0.000E+00   0.000E+00   3.291E+01   4.730E-07   0.000E+00   2   4.070E+03  1   0.000E+00   0.000E+00   0.000E+00
     62  9.28777447423E+04   8.408E+02   8.408E+02   0.000E+00   4.059E+04   1.359E-06   2.082E+01  5.00252E-04   0.000E+00   0.000E+00   3.306E+01   4.639E-07   0.000E+00   3   4.172E+03  1   0.000E+00   0.000E+00   0.000E+00
     63  9.73125462875E+04   8.567E+02   8.567E+02   0.000E+00   4.382E+04   1.440E-06   2.044E+01  5.00252E-04   0.000E+00   0.000E+00   3.324E+01   4.570E-07   0.000E+00   2   4.435E+03  1   0.000E+00   0.000E+00   0.000E+00
     64  1.01968681165E+05   8.727E+02   8.727E+02   0.000E+00   4.725E+04   1.525E-06   2.005E+01  5.00252E-04   0.000E+00   0.000E+00   3.336E+01   4.459E-07   0.000E+00   2   4.656E+03  1   0.000E+00   0.000E+00   0.000E+00
     65  1.06776132723E+05   8.893E+02   8.893E+02   0.000E+00   5.103E+04   1.616E-06   1.968E+01  5.00252E-04   0.000E+00   0.000E+00   3.354E+01   4.389E-07   0.000E+00   3   4.807E+03  1   0.000E+00   0.000E+00   0.000E+00
     66  1.11743242138E+05   9.063E+02   9.063E+02   0.000E+00   5.512E+04   1.712E-06   1.931E+01  5.00252E-04   0.000E+00   0.000E+00   3.371E+01   4.315E-07   0.000E+00   2   4.967E+03  1   0.000E+00   0.000E+00   0.000E+00
     67  1.16890823511E+05   9.230E+02   9.230E+02   0.000E+00   5.937E+04   1.811E-06   1.892E+01  5.00252E-04   0.000E+00   0.000E+00   3.374E+01   4.157E-07   0.000E+00   3   5.148E+03  1   0.000E+00   0.000E+00   0.000E+00
     68  1.22212229676E+05   9.404E+02   9.404E+02   0.000E+00   6.409E+04   1.919E-06   1.858E+01  5.00252E-04   0.000E+00   0.000E+00   3.397E+01   4.121E-07   0.000E+00   2   5.321E+03  1   0.000E+00   0.000E+00   0.000E+00
     69  1.27896265455E+05   9.584E+02   9.584E+02   0.000E+00   6.930E+04   2.036E-06   1.826E+01  5.00252E-04   0.000E+00   0.000E+00   3.423E+01   4.099E-07   0.000E+00   3   5.684E+03  1   0.000E+00   0.000E+00   0.000E+00
     70  1.33823953008E+05   9.769E+02   9.769E+02   0.000E+00   7.498E+04   2.161E-06   1.789E+01  5.00252E-04   0.000E+00   0.000E+00   3.433E+01   3.982E-07   0.000E+00   2   5.928E+03  1   0.000E+00   0.000E+00   0.000E+00
     71  1.38566103050E+05   9.918E+02   9.918E+02   0.000E+00   7.984E+04   2.266E-06   1.759E+01  5.00252E-04   0.000E+00   0.000E+00   3.432E+01   3.847E-07   0.000E+00   3   4.742E+03  1   0.000E+00   0.000E+00   0.000E+00
     72  1.43782468096E+05   1.008E+03   1.008E+03   0.000E+00   8.528E+04   2.382E-06   1.730E+01  5.00252E-04   0.000E+00   0.000E+00   3.443E+01   3.767E-07   0.000E+00   2   5.216E+03  1   0.000E+00   0.000E+00   0.000E+00
     73  1.49520469648E+05   1.025E+03   1.025E+03   0.000E+00   9.149E+04   2.513E-06   1.704E+01  5.00252E-04   0.000E+00   0.000E+00   3.477E+01   3.801E-07   0.000E+00   2   5.738E+03  1   0.000E+00   0.000E+00   0.000E+00
     74  1.55832271354E+05   1.044E+03   1.044E+03   0.000E+00   9.863E+04   2.661E-06   1.674E+01  5.00252E-04   0.000E+00   0.000E+00   3.499E+01   3.766E-07   0.000E+00   2   6.312E+03  1   0.000E+00   0.000E+00   0.000E+00
     75  1.62500049692E+05   1.063E+03   1.063E+03   0.000E+00   1.064E+05   2.818E-06   1.639E+01  5.00252E-04   0.000E+00   0.000E+00   3.494E+01   3.590E-07   0.000E+00   2   6.668E+03  1   0.000E+00   0.000E+00   0.000E+00
     76  1.69175469155E+05   1.083E+03   1.083E+03   0.000E+00   1.146E+05   2.979E-06   1.610E+01  5.00252E-04   0.000E+00   0.000E+00   3.510E+01   3.528E-07   0.000E+00   3   6.675E+03  1   0.000E+00   0.000E+00   0.000E+00
     77  1.76518430564E+05   1.103E+03   1.103E+03   0.000E+00   1.238E+05   3.159E-06   1.581E+01  5.00252E-04   0.000E+00   0.000E+00   3.525E+01   3.457E-07   0.000E+00   2   7.343E+03  1   0.000E+00   0.000E+00   0.000E+00
     78  1.84102201757E+05   1.125E+03   1.125E+03   0.000E+00   1.340E+05   3.354E-06   1.553E+01  5.00252E-04   0.000E+00   0.000E+00   3.558E+01   3.463E-07   0.000E+00   2   7.584E+03  1   0.000E+00   0.000E+00   0.000E+00
     79  1.92080928049E+05   1.146E+03   1.146E+03   0.000E+00   1.448E+05   3.557E-06   1.520E+01  5.00252E-04   0.000E+00   0.000E+00   3.556E+01   3.314E-07   0.000E+00   3   7.979E+03  1   0.000E+00   0.000E+00   0.000E+00
     80  1.98463909083E+05   1.164E+03   1.164E+03   0.000E+00   1.542E+05   3.732E-06   1.498E+01  5.00252E-04   0.000E+00   0.000E+00   3.577E+01   3.293E-07   0.000E+00   3   6.383E+03  1   0.000E+00   0.000E+00   0.000E+00
     81  2.05485188220E+05   1.183E+03   1.183E+03   0.000E+00   1.650E+05   3.929E-06   1.475E+01  5.00252E-04   0.000E+00   0.000E+00   3.598E+01   3.270E-07   0.000E+00   2   7.021E+03  1   0.000E+00   0.000E+00   0.000E+00
     82  2.13208595271E+05   1.203E+03   1.203E+03   0.000E+00   1.775E+05   4.152E-06   1.450E+01  5.00252E-04   0.000E+00   0.000E+00   3.612E+01   3.207E-07   0.000E+00   2   7.723E+03  1   0.000E+00   0.000E+00   0.000E+00
     83  2.21704343027E+05   1.225E+03   1.225E+03   0.000E+00   1.912E+05   4.395E-06   1.422E+01  5.00252E-04   0.000E+00   0.000E+00   3.612E+01   3.083E-07   0.000E+00   3   8.496E+03  1   0.000E+00   0.000E+00   0.000E+00
     84  2.30736714346E+05   1.247E+03   1.247E+03   0.000E+00   2.061E+05   4.652E-06   1.393E+01  5.00252E-04   0.000E+00   0.000E+00   3.604E+01   2.935E-07   0.000E+00   2   9.032E+03  1   0.000E+00   0.000E+00   0.000E+00
     85  2.40347808494E+05   1.271E+03   1.271E+03   0.000E+00   2.231E+05   4.941E-06   1.371E+01  5.00252E-04   0.000E+00   0.000E+00   3.655E+01   3.006E-07   0.000E+00   3   9.611E+03  1   0.000E+00   0.000E+00   0.000E+00
     86  2.50920012057E+05   1.297E+03   1.297E+03   0.000E+00   2.428E+05   5.272E-06   1.346E+01  5.00252E-04   0.000E+00   0.000E+00   3.693E+01   3.020E-07   0.000E+00   2   1.057E+04  1   0.000E+00   0.000E+00   0.000E+00
     87  2.59377774907E+05   1.319E+03   1.319E+03   0.000E+00   2.604E+05   5.559E-06   1.323E+01  5.00252E-04   0.000E+00   0.000E+00   3.706E+01   2.959E-07   0.000E+00   3   8.458E+03  1   0.000E+00   0.000E+00   0.000E+00
     88  2.68681314042E+05   1.342E+03   1.342E+03   0.000E+00   2.799E+05   5.873E-06   1.299E+01  5.00252E-04   0.000E+00   0.000E+00   3.706E+01   2.853E-07   0.000E+00   2   9.304E+03  1   0.000E+00   0.000E+00   0.000E+00
     89  2.78915207090E+05   1.366E+03   1.366E+03   0.000E+00   3.017E+05   6.218E-06   1.274E+01  5.00252E-04   0.000E+00   0.000E+00   3.699E+01   2.722E-07   0.000E+00   2   1.023E+04  1   0.000E+00   0.000E+00   0.000E+00
     90  2.89921414661E+05   1.391E+03   1.391E+03   0.000E+00   3.259E+05   6.596E-06   1.251E+01  5.00252E-04   0.000E+00   0.000E+00   3.719E+01   2.684E-07   0.000E+00   3   1.101E+04  1   0.000E+00   0.000E+00   0.000E+00
     91  3.02028242990E+05   1.420E+03   1.420E+03   0.000E+00   3.548E+05   7.038E-06   1.229E+01  5.00252E-04   0.000E+00   0.000E+00   3.769E+01   2.732E-07   0.000E+00   2   1.211E+04  1   0.000E+00   0.000E+00   0.000E+00
     92  3.14342853665E+05   1.448E+03   1.448E+03   0.000E+00   3.861E+05   7.506E-06   1.205E+01  5.00252E-04   0.000E+00   0.000E+00   3.789E+01   2.684E-07   0.000E+00   2   1.231E+04  1   0.000E+00   0.000E+00   0.000E+00
     93  3.24194542204E+05   1.472E+03   1.472E+03   0.000E+00   4.135E+05   7.905E-06   1.185E+01  5.00252E-04   0.000E+00   0.000E+00   3.799E+01   2.623E-07   0.000E+00   2   9.852E+03  1   0.000E+00   0.000E+00   0.000E+00
     94  3.35031399598E+05   1.497E+03   1.497E+03   0.000E+00   4.428E+05   8.331E-06   1.164E+01  5.00252E-04   0.000E+00   0.000E+00   3.790E+01   2.505E-07   0.000E+00   2   1.084E+04  1   0.000E+00   0.000E+00   0.000E+00
     95  3.46951942731E+05   1.524E+03   1.524E+03   0.000E+00   4.776E+05   8.824E-06   1.145E+01  5.00252E-04   0.000E+00   0.000E+00   3.814E+01   2.485E-07   0.000E+00   3   1.192E+04  1   0.000E+00   0.000E+00   0.000E+00
     96  3.60064540178E+05   1.553E+03   1.553E+03   0.000E+00   5.174E+05   9.381E-06   1.124E+01  5.00252E-04   0.000E+00   0.000E+00   3.838E+01   2.455E-07   0.000E+00   2   1.311E+04  1   0.000E+00   0.000E+00   0.000E+00
     97  3.73988304643E+05   1.583E+03   1.583E+03   0.000E+00   5.615E+05   9.985E-06   1.102E+01  5.00252E-04   0.000E+00   0.000E+00   3.847E+01   2.383E-07   0.000E+00   2   1.392E+04  1   0.000E+00   0.000E+00   0.000E+00
     98  3.88405474602E+05   1.614E+03   1.614E+03   0.000E+00   6.108E+05   1.065E-05   1.082E+01  5.00252E-04   0.000E+00   0.000E+00   3.888E+01   2.400E-07   0.000E+00   2   1.442E+04  1   0.000E+00   0.000E+00   0.000E+00
     99  4.03712577916E+05   1.647E+03   1.647E+03   0.000E+00   6.648E+05   1.137E-05   1.060E+01  5.00252E-04   0.000E+00   0.000E+00   3.895E+01   2.319E-07   0.000E+00   2   1.531E+04  1   0.000E+00   0.000E+00   0.000E+00
    100  4.15958260567E+05   1.673E+03   1.673E+03   0.000E+00   7.126E+05   1.198E-05   1.043E+01  5.00252E-04   0.000E+00   0.000E+00   3.894E+01   2.241E-07   0.000E+00   2   1.225E+04  1   0.000E+00   0.000E+00   0.000E+00
    101  4.29428511483E+05   1.702E+03   1.702E+03   0.000E+00   7.662E+05   1.267E-05   1.026E+01  5.00252E-04   0.000E+00   0.000E+00   3.922E+01   2.233E-07   0.000E+00   2   1.347E+04  1   0.000E+00   0.000E+00   0.000E+00
    102  4.44245787491E+05   1.734E+03   1.734E+03   0.000E+00   8.292E+05   1.346E-05   1.008E+01  5.00252E-04   0.000E+00   0.000E+00   3.943E+01   2.202E-07   0.000E+00   2   1.482E+04  1   0.000E+00   0.000E+00   0.000E+00
    103  4.60435776062E+05   1.760E+03   1.760E+03   0.000E+00   9.021E+05   1.443E-05   9.890E+00  5.00252E-04   0.000E+00   0.000E+00   3.963E+01   2.163E-07   0.000E+00   8   1.619E+04  1   0.000E+00   0.000E+00   0.000E+00
    104  4.73387766919E+05   1.776E+03   1.776E+03   0.000E+00   9.679E+05   1.535E-05   9.738E+00  5.00252E-04   0.000E+00   0.000E+00   3.980E+01   2.131E-07   0.000E+00   5   1.295E+04  1   0.000E+00   0.000E+00   0.000E+00
    105  4.86339757776E+05   1.788E+03   1.788E+03   0.000E+00   1.039E+06   1.636E-05   9.593E+00  5.00252E-04   0.000E+00   0.000E+00   3.994E+01   2.100E-07   0.000E+00   4   1.295E+04  1   0.000E+00   0.000E+00   0.000E+00
    106  5.00586947719E+05   1.799E+03   1.799E+03   0.000E+00   1.123E+06   1.756E-05   9.441E+00  5.00252E-04   0.000E+00   0.000E+00   4.008E+01   2.061E-07   0.000E+00   4   1.425E+04  1   0.000E+00   0.000E+00   0.000E+00
    107  5.16258856656E+05   1.812E+03   1.812E+03   0.000E+00   1.222E+06   1.898E-05   9.284E+00  5.00252E-04   0.000E+00   0.000E+00   4.010E+01   1.997E-07   0.000E+00   4   1.567E+04  1   0.000E+00   0.000E+00   0.000E+00
    108  5.33497956487E+05   1.825E+03   1.825E+03   0.000E+00   1.338E+06   2.064E-05   9.126E+00  5.00252E-04   0.000E+00   0.000E+00   4.007E+01   1.924E-07   0.000E+00   4   1.724E+04  1   0.000E+00   0.000E+00   0.000E+00
    109  5.52460966301E+05   1.840E+03   1.840E+03   0.000E+00   1.484E+06   2.271E-05   8.990E+00  5.00252E-04   0.000E+00   0.000E+00   4.064E+01   1.976E-07   0.000E+00   4   1.896E+04  1   0.000E+00   0.000E+00   0.000E+00
    110  5.73320277096E+05   1.856E+03   1.856E+03   0.000E+00   1.668E+06   2.530E-05   8.845E+00  5.00252E-04   0.000E+00   0.000E+00   4.098E+01   1.978E-07   0.000E+00   3   2.086E+04  1   0.000E+00   0.000E+00   0.000E+00
    111  5.96265518970E+05   1.874E+03   1.874E+03   0.000E+00   1.904E+06   2.860E-05   8.704E+00  5.00252E-04   0.000E+00   0.000E+00   4.128E+01   1.972E-07   0.000E+00   3   2.295E+04  1   0.000E+00   0.000E+00   0.000E+00
    112  6.21041460294E+05   1.891E+03   1.891E+03   0.000E+00   2.198E+06   3.271E-05   8.579E+00  5.00252E-04   0.000E+00   0.000E+00   4.149E+01   1.955E-07   0.000E+00   3   2.478E+04  1   0.000E+00   0.000E+00   0.000E+00
    113  6.48294995750E+05   1.909E+03   1.909E+03   0.000E+00   2.575E+06   3.795E-05   8.464E+00  5.00252E-04   0.000E+00   0.000E+00   4.133E+01   1.872E-07   0.000E+00   3   2.725E+04  1   0.000E+00   0.000E+00   0.000E+00
    114  6.77219504631E+05   1.935E+03   1.935E+03   0.000E+00   3.085E+06   4.488E-05   8.409E+00  5.00252E-04   0.000E+00   0.000E+00   4.201E+01   1.974E-07   0.000E+00   4   2.892E+04  1   0.000E+00   0.000E+00   0.000E+00
    115  7.06564603728E+05   1.971E+03   1.971E+03   0.000E+00   3.783E+06   5.401E-05   8.402E+00  5.00252E-04   0.000E+00   0.000E+00   4.263E+01   2.090E-07   0.000E+00   4   2.935E+04  1   0.000E+00   0.000E+00   0.000E+00
    116  7.30040683005E+05   2.008E+03   2.008E+03   0.000E+00   4.531E+06   6.347E-05   8.413E+00  5.00252E-04   0.000E+00   0.000E+00   4.235E+01   2.041E-07   0.000E+00   4   2.348E+04  1   0.000E+00   0.000E+00   0.000E+00
    117  7.48821546427E+05   2.048E+03   2.048E+03   0.000E+00   5.329E+06   7.320E-05   8.478E+00  5.00252E-04   0.000E+00   0.000E+00   4.260E+01   2.122E-07   0.000E+00   4   1.878E+04  1   0.000E+00   0.000E+00   0.000E+00
    118  7.56333891796E+05   2.070E+03   2.070E+03   0.000E+00   5.762E+06   7.832E-05   8.511E+00  5.00252E-04   0.000E+00   0.000E+00   4.276E+01   2.170E-07   0.000E+00   3   7.512E+03  1   0.000E+00   0.000E+00   0.000E+00
    119  7.63846237165E+05   2.098E+03   2.098E+03   0.000E+00   6.285E+06   8.430E-05   8.559E+00  5.00252E-04   0.000E+00   0.000E+00   4.303E+01   2.250E-07   0.000E+00   3   7.512E+03  1   0.000E+00   0.000E+00   0.000E+00
    120  7.71358582533E+05   2.131E+03   2.131E+03   0.000E+00   6.908E+06   9.119E-05   8.637E+00  5.00252E-04   0.000E+00   0.000E+00   4.380E+01   2.460E-07   0.000E+00   3   7.512E+03  1   0.000E+00   0.000E+00   0.000E+00
    121  7.78870927902E+05   2.166E+03   2.166E+03   0.000E+00   7.607E+06   9.877E-05   8.716E+00  5.00252E-04   0.000E+00   0.000E+00   4.387E+01   2.521E-07   0.000E+00   3   7.512E+03  1   0.000E+00   0.000E+00   0.000E+00
    122  7.87134507808E+05   2.206E+03   2.206E+03   0.000E+00   8.451E+06   1.078E-04   8.806E+00  5.00252E-04   0.000E+00   0.000E+00   4.346E+01   2.478E-07   0.000E+00   4   8.264E+03  1   0.000E+00   0.000E+00   0.000E+00
    123  7.96206080805E+05   2.256E+03   2.256E+03   0.000E+00   9.573E+06   1.193E-04   8.960E+00  5.00252E-04   0.000E+00   0.000E+00   4.360E+01   2.599E-07   0.000E+00   4   9.072E+03  1   0.000E+00   0.000E+00   0.000E+00
    124  8.03463339203E+05   2.305E+03   2.305E+03   0.000E+00   1.071E+07   1.306E-04   9.113E+00  5.00252E-04   0.000E+00   0.000E+00   4.379E+01   2.735E-07   0.000E+00   4   7.257E+03  1   0.000E+00   0.000E+00   0.000E+00
    125  8.10958699071E+05   2.360E+03   2.360E+03   0.000E+00   1.211E+07   1.442E-04   9.308E+00  5.00252E-04   0.000E+00   0.000E+00   4.397E+01   2.902E-07   0.000E+00   4   7.495E+03  1   0.000E+00   0.000E+00   0.000E+00
    126  8.16954986965E+05   2.413E+03   2.413E+03   0.000E+00   1.355E+07   1.577E-04   9.487E+00  5.00252E-04   0.000E+00   0.000E+00   4.394E+01   3.008E-07   0.000E+00   5   5.996E+03  1   0.000E+00   0.000E+00   0.000E+00
    127  8.22951274859E+05   2.473E+03   2.473E+03   0.000E+00   1.529E+07   1.735E-04   9.690E+00  5.00252E-04   0.000E+00   0.000E+00   4.360E+01   3.041E-07   0.000E+00   6   5.996E+03  1   0.000E+00   0.000E+00   0.000E+00
    128  8.27748305175E+05   2.531E+03   2.531E+03   0.000E+00   1.711E+07   1.896E-04   9.889E+00  5.00252E-04   0.000E+00   0.000E+00   4.338E+01   3.102E-07   0.000E+00   4   4.797E+03  1   0.000E+00   0.000E+00   0.000E+00
    129  8.32955194172E+05   2.605E+03   2.605E+03   0.000E+00   1.960E+07   2.110E-04   1.021E+01  5.00252E-04   0.000E+00   0.000E+00   4.425E+01   3.582E-07   0.000E+00   5   5.207E+03  1   0.000E+00   0.000E+00   0.000E+00
    130  8.37120705369E+05   2.683E+03   2.683E+03   0.000E+00   2.251E+07   2.350E-04   1.052E+01  5.00252E-04   0.000E+00   0.000E+00   4.474E+01   3.973E-07   0.000E+00   4   4.166E+03  1   0.000E+00   0.000E+00   0.000E+00
    131  8.40453114327E+05   2.761E+03   2.761E+03   0.000E+00   2.586E+07   2.619E-04   1.083E+01  5.00252E-04   0.000E+00   0.000E+00   4.490E+01   4.267E-07   0.000E+00   4   3.332E+03  1   0.000E+00   0.000E+00   0.000E+00
    132  8.43119041494E+05   2.848E+03   2.848E+03   0.000E+00   3.009E+07   2.950E-04   1.111E+01  5.00252E-04   0.000E+00   0.000E+00   4.475E+01   4.439E-07   0.000E+00   4   2.666E+03  1   0.000E+00   0.000E+00   0.000E+00
    133  8.45251783227E+05   2.429E+04   2.429E+04   0.000E+00   1.485E+12   6.349E-01   3.434E-01  5.00252E-04   0.000E+00   0.000E+00   1.240E+02   2.497E-08   0.000E+00   4   2.133E+03  1   0.000E+00   0.000E+00   0.000E+00
