      1  1.00000000000E+01   5.923E+02   5.923E+02   0.000E+00   3.528E+01   1.678E-09   4.478E+02  8.00402E-03   0.000E+00   0.000E+00   4.259E+01   5.911E-04   0.000E+00  46   1.000E+01  1   0.000E+00   0.000E+00   0.000E+00
      2  1.51197289382E+01   5.934E+02   5.934E+02   0.000E+00   3.559E+01   1.689E-09   4.399E+02  8.00402E-03   0.000E+00   0.000E+00   4.111E+01   4.955E-04   0.000E+00  26   5.120E+00  1   0.000E+00   0.000E+00   0.000E+00
      3  1.92155120888E+01   5.941E+02   5.941E+02   0.000E+00   3.579E+01   1.696E-09   4.350E+02  8.00402E-03   0.000E+00   0.000E+00   4.023E+01   4.443E-04   0.000E+00   4   4.096E+00  1   0.000E+00   0.000E+00   0.000E+00
      4  2.37208735545E+01   5.951E+02   5.951E+02   0.000E+00   3.606E+01   1.706E-09   4.306E+02  8.00402E-03   0.000E+00   0.000E+00   3.948E+01   4.035E-04   0.000E+00   3   4.505E+00  1   0.000E+00   0.000E+00   0.000E+00
      5  2.86767711667E+01   5.962E+02   5.962E+02   0.000E+00   3.635E+01   1.717E-09   4.267E+02  8.00402E-03   0.000E+00   0.000E+00   3.881E+01   3.702E-04   0.000E+00   2   4.956E+00  1   0.000E+00   0.000E+00   0.000E+00
      6  3.41282585401E+01   5.969E+02   5.969E+02   0.000E+00   3.656E+01   1.724E-09   4.235E+02  8.00402E-03   0.000E+00   0.000E+00   3.821E+01   3.427E-04   0.000E+00   3   5.451E+00  1   0.000E+00   0.000E+00   0.000E+00
      7  4.01248946509E+01   5.976E+02   5.976E+02   0.000E+00   3.677E+01   1.732E-09   4.206E+02  8.00402E-03   0.000E+00   0.000E+00   3.769E+01   3.198E-04   0.000E+00   2   5.997E+00  1   0.000E+00   0.000E+00   0.000E+00
      8  4.67211943727E+01   5.985E+02   5.985E+02   0.000E+00   3.703E+01   1.742E-09   4.179E+02  8.00402E-03   0.000E+00   0.000E+00   3.722E+01   3.004E-04   0.000E+00   2   6.596E+00  1   0.000E+00   0.000E+00   0.000E+00
      9  5.39771240668E+01   5.995E+02   5.995E+02   0.000E+00   3.732E+01   1.753E-09   4.155E+02  8.00402E-03   0.000E+00   0.000E+00   3.681E+01   2.841E-04   0.000E+00   2   7.256E+00  1   0.000E+00   0.000E+00   0.000E+00
     10  6.19586467302E+01   6.005E+02   6.005E+02   0.000E+00   3.762E+01   1.763E-09   4.134E+02  8.00402E-03   0.000E+00   0.000E+00   3.645E+01   2.705E-04   0.000E+00   2   7.982E+00  1   0.000E+00   0.000E+00   0.000E+00
     11  7.47290829917E+01   6.019E+02   6.019E+02   0.000E+00   3.804E+01   1.779E-09   4.112E+02  8.00402E-03   0.000E+00   0.000E+00   3.606E+01   2.561E-04   0.000E+00   3   1.277E+01  1   0.000E+00   0.000E+00   0.000E+00
     12  8.87765628793E+01   6.035E+02   6.035E+02   0.000E+00   3.853E+01   1.797E-09   4.094E+02  8.00402E-03   0.000E+00   0.000E+00   3.578E+01   2.462E-04   0.000E+00   2   1.405E+01  1   0.000E+00   0.000E+00   0.000E+00
     13  1.11252530700E+02   6.059E+02   6.059E+02   0.000E+00   3.928E+01   1.825E-09   4.076E+02  8.00402E-03   0.000E+00   0.000E+00   3.558E+01   2.386E-04   0.000E+00   2   2.248E+01  1   0.000E+00   0.000E+00   0.000E+00
     14  1.35976095302E+02   6.086E+02   6.086E+02   0.000E+00   4.011E+01   1.856E-09   4.063E+02  8.00402E-03   0.000E+00   0.000E+00   3.552E+01   2.354E-04   0.000E+00   2   2.472E+01  1   0.000E+00   0.000E+00   0.000E+00
     15  1.63172016364E+02   6.115E+02   6.115E+02   0.000E+00   4.104E+01   1.890E-09   4.051E+02  8.00402E-03   0.000E+00   0.000E+00   3.554E+01   2.347E-04   0.000E+00   2   2.720E+01  1   0.000E+00   0.000E+00   0.000E+00
     16  1.93087529533E+02   6.149E+02   6.149E+02   0.000E+00   4.211E+01   1.929E-09   4.039E+02  8.00402E-03   0.000E+00   0.000E+00   3.562E+01   2.352E-04   0.000E+00   2   2.992E+01  1   0.000E+00   0.000E+00   0.000E+00
     17  2.25994594019E+02   6.189E+02   6.189E+02   0.000E+00   4.337E+01   1.973E-09   4.025E+02  8.00402E-03   0.000E+00   0.000E+00   3.572E+01   2.364E-04   0.000E+00   2   3.291E+01  1   0.000E+00   0.000E+00   0.000E+00
     18  2.62192364953E+02   6.234E+02   6.234E+02   0.000E+00   4.480E+01   2.024E-09   4.011E+02  8.00402E-03   0.000E+00   0.000E+00   3.587E+01   2.386E-04   0.000E+00   2   3.620E+01  1   0.000E+00   0.000E+00   0.000E+00
     19  3.02009912980E+02   6.282E+02   6.282E+02   0.000E+00   4.637E+01   2.078E-09   3.996E+02  8.00402E-03   0.000E+00   0.000E+00   3.602E+01   2.410E-04   0.000E+00   2   3.982E+01  1   0.000E+00   0.000E+00   0.000E+00
     20  3.45809215811E+02   6.335E+02   6.335E+02   0.000E+00   4.812E+01   2.139E-09   3.979E+02  8.00402E-03   0.000E+00   0.000E+00   3.619E+01   2.435E-04   0.000E+00   2   4.380E+01  1   0.000E+00   0.000E+00   0.000E+00
     21  3.93988448924E+02   6.393E+02   6.393E+02   0.000E+00   5.011E+01   2.207E-09   3.959E+02  8.00402E-03   0.000E+00   0.000E+00   3.637E+01   2.456E-04   0.000E+00   2   4.818E+01  1   0.000E+00   0.000E+00   0.000E+00
     22  4.46985605349E+02   6.459E+02   6.459E+02   0.000E+00   5.238E+01   2.284E-09   3.937E+02  8.00402E-03   0.000E+00   0.000E+00   3.657E+01   2.484E-04   0.000E+00   2   5.300E+01  1   0.000E+00   0.000E+00   0.000E+00
     23  5.05282477416E+02   6.533E+02   6.533E+02   0.000E+00   5.500E+01   2.371E-09   3.911E+02  8.00402E-03   0.000E+00   0.000E+00   3.679E+01   2.512E-04   0.000E+00   2   5.830E+01  1   0.000E+00   0.000E+00   0.000E+00
     24  5.69409036690E+02   6.614E+02   6.614E+02   0.000E+00   5.800E+01   2.469E-09   3.881E+02  8.00402E-03   0.000E+00   0.000E+00   3.700E+01   2.531E-04   0.000E+00   2   6.413E+01  1   0.000E+00   0.000E+00   0.000E+00
     25  6.39948251891E+02   6.705E+02   6.705E+02   0.000E+00   6.143E+01   2.579E-09   3.849E+02  8.00402E-03   0.000E+00   0.000E+00   3.725E+01   2.557E-04   0.000E+00   2   7.054E+01  1   0.000E+00   0.000E+00   0.000E+00
     26  7.17541388613E+02   6.803E+02   6.803E+02   0.000E+00   6.530E+01   2.702E-09   3.814E+02  8.00402E-03   0.000E+00   0.000E+00   3.751E+01   2.580E-04   0.000E+00   2   7.759E+01  1   0.000E+00   0.000E+00   0.000E+00
     27  8.02893839006E+02   6.910E+02   6.910E+02   0.000E+00   6.975E+01   2.842E-09   3.773E+02  8.00402E-03   0.000E+00   0.000E+00   3.775E+01   2.590E-04   0.000E+00   2   8.535E+01  1   0.000E+00   0.000E+00   0.000E+00
     28  8.96781534439E+02   7.030E+02   7.030E+02   0.000E+00   7.493E+01   3.000E-09   3.730E+02  8.00402E-03   0.000E+00   0.000E+00   3.806E+01   2.615E-04   0.000E+00   2   9.389E+01  1   0.000E+00   0.000E+00   0.000E+00
     29  1.00005799942E+03   7.160E+02   7.160E+02   0.000E+00   8.085E+01   3.179E-09   3.682E+02  8.00402E-03   0.000E+00   0.000E+00   3.833E+01   2.622E-04   0.000E+00   2   1.033E+02  1   0.000E+00   0.000E+00   0.000E+00
     30  1.11366211089E+03   7.305E+02   7.305E+02   0.000E+00   8.776E+01   3.382E-09   3.630E+02  8.00402E-03   0.000E+00   0.000E+00   3.865E+01   2.636E-04   0.000E+00   3   1.136E+02  1   0.000E+00   0.000E+00   0.000E+00
     31  1.23862663351E+03   7.463E+02   7.463E+02   0.000E+00   9.580E+01   3.614E-09   3.573E+02  8.00402E-03   0.000E+00   0.000E+00   3.899E+01   2.645E-04   0.000E+00   3   1.250E+02  1   0.000E+00   0.000E+00   0.000E+00
     32  1.37424949742E+03   7.634E+02   7.634E+02   0.000E+00   1.051E+02   3.876E-09   3.513E+02  8.00402E-03   0.000E+00   0.000E+00   3.929E+01   2.636E-04   0.000E+00   3   1.356E+02  1   0.000E+00   0.000E+00   0.000E+00
     33  1.51239910043E+03   7.807E+02   7.807E+02   0.000E+00   1.153E+02   4.156E-09   3.455E+02  8.00402E-03   0.000E+00   0.000E+00   3.969E+01   2.655E-04   0.000E+00   3   1.381E+02  1   0.000E+00   0.000E+00   0.000E+00
     34  1.65776643841E+03   7.987E+02   7.987E+02   0.000E+00   1.267E+02   4.466E-09   3.394E+02  8.00402E-03   0.000E+00   0.000E+00   4.003E+01   2.649E-04   0.000E+00   2   1.454E+02  1   0.000E+00   0.000E+00   0.000E+00
     35  1.80372954613E+03   8.164E+02   8.164E+02   0.000E+00   1.390E+02   4.793E-09   3.335E+02  8.00402E-03   0.000E+00   0.000E+00   4.040E+01   2.655E-04   0.000E+00   3   1.460E+02  1   0.000E+00   0.000E+00   0.000E+00
     36  1.95588737959E+03   8.349E+02   8.349E+02   0.000E+00   1.528E+02   5.153E-09   3.276E+02  8.00402E-03   0.000E+00   0.000E+00   4.076E+01   2.655E-04   0.000E+00   2   1.522E+02  1   0.000E+00   0.000E+00   0.000E+00
     37  2.10927262796E+03   8.536E+02   8.536E+02   0.000E+00   1.679E+02   5.535E-09   3.218E+02  8.00402E-03   0.000E+00   0.000E+00   4.110E+01   2.648E-04   0.000E+00   2   1.534E+02  1   0.000E+00   0.000E+00   0.000E+00
     38  2.26617400659E+03   8.726E+02   8.726E+02   0.000E+00   1.842E+02   5.943E-09   3.161E+02  8.00402E-03   0.000E+00   0.000E+00   4.152E+01   2.661E-04   0.000E+00   3   1.569E+02  1   0.000E+00   0.000E+00   0.000E+00
     39  2.42857371068E+03   8.925E+02   8.925E+02   0.000E+00   2.025E+02   6.389E-09   3.104E+02  8.00402E-03   0.000E+00   0.000E+00   4.188E+01   2.654E-04   0.000E+00   2   1.624E+02  1   0.000E+00   0.000E+00   0.000E+00
     40  2.55849347395E+03   9.094E+02   9.094E+02   0.000E+00   2.189E+02   6.779E-09   3.058E+02  8.00402E-03   0.000E+00   0.000E+00   4.222E+01   2.663E-04   0.000E+00   2   1.299E+02  1   0.000E+00   0.000E+00   0.000E+00
     41  2.70140521355E+03   9.278E+02   9.278E+02   0.000E+00   2.379E+02   7.219E-09   3.008E+02  8.00402E-03   0.000E+00   0.000E+00   4.258E+01   2.666E-04   0.000E+00   3   1.429E+02  1   0.000E+00   0.000E+00   0.000E+00
     42  2.85860812710E+03   9.482E+02   9.482E+02   0.000E+00   2.600E+02   7.720E-09   2.956E+02  8.00402E-03   0.000E+00   0.000E+00   4.296E+01   2.669E-04   0.000E+00   3   1.572E+02  1   0.000E+00   0.000E+00   0.000E+00
     43  3.02361695843E+03   9.695E+02   9.695E+02   0.000E+00   2.846E+02   8.266E-09   2.903E+02  8.00402E-03   0.000E+00   0.000E+00   4.335E+01   2.668E-04   0.000E+00   3   1.650E+02  1   0.000E+00   0.000E+00   0.000E+00
     44  3.19393790582E+03   9.916E+02   9.916E+02   0.000E+00   3.120E+02   8.857E-09   2.851E+02  8.00402E-03   0.000E+00   0.000E+00   4.379E+01   2.678E-04   0.000E+00   2   1.703E+02  1   0.000E+00   0.000E+00   0.000E+00
     45  3.36843301354E+03   1.014E+03   1.014E+03   0.000E+00   3.416E+02   9.484E-09   2.798E+02  8.00402E-03   0.000E+00   0.000E+00   4.418E+01   2.673E-04   0.000E+00   3   1.745E+02  1   0.000E+00   0.000E+00   0.000E+00
     46  3.54726625417E+03   1.037E+03   1.037E+03   0.000E+00   3.746E+02   1.017E-08   2.746E+02  8.00402E-03   0.000E+00   0.000E+00   4.463E+01   2.680E-04   0.000E+00   2   1.788E+02  1   0.000E+00   0.000E+00   0.000E+00
     47  3.72853791909E+03   1.061E+03   1.061E+03   0.000E+00   4.105E+02   1.089E-08   2.694E+02  8.00402E-03   0.000E+00   0.000E+00   4.506E+01   2.681E-04   0.000E+00   2   1.813E+02  1   0.000E+00   0.000E+00   0.000E+00
     48  3.91273866013E+03   1.085E+03   1.085E+03   0.000E+00   4.496E+02   1.166E-08   2.643E+02  8.00402E-03   0.000E+00   0.000E+00   4.548E+01   2.679E-04   0.000E+00   2   1.842E+02  1   0.000E+00   0.000E+00   0.000E+00
     49  4.10119107458E+03   1.110E+03   1.110E+03   0.000E+00   4.922E+02   1.248E-08   2.592E+02  8.00402E-03   0.000E+00   0.000E+00   4.592E+01   2.678E-04   0.000E+00   2   1.885E+02  1   0.000E+00   0.000E+00   0.000E+00
     50  4.29402098227E+03   1.135E+03   1.135E+03   0.000E+00   5.389E+02   1.337E-08   2.541E+02  8.00402E-03   0.000E+00   0.000E+00   4.637E+01   2.675E-04   0.000E+00   2   1.928E+02  1   0.000E+00   0.000E+00   0.000E+00
     51  4.48956008696E+03   1.161E+03   1.161E+03   0.000E+00   5.901E+02   1.431E-08   2.491E+02  8.00402E-03   0.000E+00   0.000E+00   4.681E+01   2.670E-04   0.000E+00   2   1.955E+02  1   0.000E+00   0.000E+00   0.000E+00
     52  4.68698829893E+03   1.188E+03   1.188E+03   0.000E+00   6.458E+02   1.531E-08   2.442E+02  8.00402E-03   0.000E+00   0.000E+00   4.724E+01   2.661E-04   0.000E+00   2   1.974E+02  1   0.000E+00   0.000E+00   0.000E+00
     53  4.88531015747E+03   1.215E+03   1.215E+03   0.000E+00   7.060E+02   1.636E-08   2.393E+02  8.00402E-03   0.000E+00   0.000E+00   4.770E+01   2.657E-04   0.000E+00   2   1.983E+02  1   0.000E+00   0.000E+00   0.000E+00
     54  5.08649994545E+03   1.243E+03   1.243E+03   0.000E+00   7.713E+02   1.747E-08   2.345E+02  8.00402E-03   0.000E+00   0.000E+00   4.813E+01   2.645E-04   0.000E+00   2   2.012E+02  1   0.000E+00   0.000E+00   0.000E+00
     55  5.29251253144E+03   1.270E+03   1.270E+03   0.000E+00   8.418E+02   1.865E-08   2.298E+02  8.00402E-03   0.000E+00   0.000E+00   4.856E+01   2.631E-04   0.000E+00   3   2.060E+02  1   0.000E+00   0.000E+00   0.000E+00
     56  5.50663229165E+03   1.299E+03   1.299E+03   0.000E+00   9.211E+02   1.996E-08   2.250E+02  8.00402E-03   0.000E+00   0.000E+00   4.902E+01   2.619E-04   0.000E+00   2   2.141E+02  1   0.000E+00   0.000E+00   0.000E+00
     57  5.72254221571E+03   1.328E+03   1.328E+03   0.000E+00   1.006E+03   2.134E-08   2.203E+02  8.00402E-03   0.000E+00   0.000E+00   4.946E+01   2.603E-04   0.000E+00   3   2.159E+02  1   0.000E+00   0.000E+00   0.000E+00
     58  5.94431847513E+03   1.357E+03   1.357E+03   0.000E+00   1.101E+03   2.285E-08   2.156E+02  8.00402E-03   0.000E+00   0.000E+00   4.991E+01   2.585E-04   0.000E+00   2   2.218E+02  1   0.000E+00   0.000E+00   0.000E+00
     59  6.16847622614E+03   1.386E+03   1.386E+03   0.000E+00   1.203E+03   2.445E-08   2.111E+02  8.00402E-03   0.000E+00   0.000E+00   5.035E+01   2.566E-04   0.000E+00   3   2.242E+02  1   0.000E+00   0.000E+00   0.000E+00
     60  6.39958699729E+03   1.415E+03   1.415E+03   0.000E+00   1.318E+03   2.621E-08   2.065E+02  8.00402E-03   0.000E+00   0.000E+00   5.080E+01   2.546E-04   0.000E+00   2   2.311E+02  1   0.000E+00   0.000E+00   0.000E+00
     61  6.63336219484E+03   1.444E+03   1.444E+03   0.000E+00   1.441E+03   2.809E-08   2.021E+02  8.00402E-03   0.000E+00   0.000E+00   5.125E+01   2.525E-04   0.000E+00   3   2.338E+02  1   0.000E+00   0.000E+00   0.000E+00
     62  6.87520004398E+03   1.472E+03   1.472E+03   0.000E+00   1.579E+03   3.019E-08   1.977E+02  8.00402E-03   0.000E+00   0.000E+00   5.170E+01   2.501E-04   0.000E+00   3   2.418E+02  1   0.000E+00   0.000E+00   0.000E+00
     63  7.12137240741E+03   1.499E+03   1.499E+03   0.000E+00   1.731E+03   3.252E-08   1.933E+02  8.00402E-03   0.000E+00   0.000E+00   5.214E+01   2.476E-04   0.000E+00   3   2.462E+02  1   0.000E+00   0.000E+00   0.000E+00
     64  7.37534475936E+03   1.524E+03   1.524E+03   0.000E+00   1.901E+03   3.513E-08   1.891E+02  8.00402E-03   0.000E+00   0.000E+00   5.259E+01   2.451E-04   0.000E+00   3   2.540E+02  1   0.000E+00   0.000E+00   0.000E+00
     65  7.63688169004E+03   1.547E+03   1.547E+03   0.000E+00   2.092E+03   3.809E-08   1.849E+02  8.00402E-03   0.000E+00   0.000E+00   5.305E+01   2.425E-04   0.000E+00   3   2.615E+02  1   0.000E+00   0.000E+00   0.000E+00
     66  7.90515687616E+03   1.569E+03   1.569E+03   0.000E+00   2.308E+03   4.144E-08   1.807E+02  8.00402E-03   0.000E+00   0.000E+00   5.350E+01   2.398E-04   0.000E+00   3   2.683E+02  1   0.000E+00   0.000E+00   0.000E+00
     67  8.17927691988E+03   1.591E+03   1.591E+03   0.000E+00   2.556E+03   4.525E-08   1.767E+02  8.00402E-03   0.000E+00   0.000E+00   5.395E+01   2.370E-04   0.000E+00   2   2.741E+02  1   0.000E+00   0.000E+00   0.000E+00
     68  8.45717539688E+03   1.612E+03   1.612E+03   0.000E+00   2.834E+03   4.951E-08   1.728E+02  8.00402E-03   0.000E+00   0.000E+00   5.439E+01   2.342E-04   0.000E+00   2   2.779E+02  1   0.000E+00   0.000E+00   0.000E+00
     69  8.74118212733E+03   1.632E+03   1.632E+03   0.000E+00   3.153E+03   5.437E-08   1.691E+02  8.00402E-03   0.000E+00   0.000E+00   5.484E+01   2.316E-04   0.000E+00   2   2.840E+02  1   0.000E+00   0.000E+00   0.000E+00
     70  9.02946779528E+03   1.653E+03   1.653E+03   0.000E+00   3.522E+03   5.997E-08   1.655E+02  8.00402E-03   0.000E+00   0.000E+00   5.528E+01   2.292E-04   0.000E+00   2   2.883E+02  1   0.000E+00   0.000E+00   0.000E+00
     71  9.31981223479E+03   1.673E+03   1.673E+03   0.000E+00   3.952E+03   6.648E-08   1.621E+02  8.00402E-03   0.000E+00   0.000E+00   5.572E+01   2.270E-04   0.000E+00   2   2.903E+02  1   0.000E+00   0.000E+00   0.000E+00
     72  9.61162989763E+03   1.692E+03   1.692E+03   0.000E+00   4.457E+03   7.409E-08   1.589E+02  8.00402E-03   0.000E+00   0.000E+00   5.617E+01   2.252E-04   0.000E+00   2   2.918E+02  1   0.000E+00   0.000E+00   0.000E+00
     73  9.90440749097E+03   1.711E+03   1.711E+03   0.000E+00   5.056E+03   8.312E-08   1.559E+02  8.00402E-03   0.000E+00   0.000E+00   5.662E+01   2.240E-04   0.000E+00   2   2.928E+02  1   0.000E+00   0.000E+00   0.000E+00
     74  1.01977366851E+04   1.729E+03   1.729E+03   0.000E+00   5.780E+03   9.404E-08   1.533E+02  8.00402E-03   0.000E+00   0.000E+00   5.707E+01   2.233E-04   0.000E+00   2   2.933E+02  1   0.000E+00   0.000E+00   0.000E+00
     75  1.04929219066E+04   1.745E+03   1.745E+03   0.000E+00   6.667E+03   1.075E-07   1.509E+02  8.00402E-03   0.000E+00   0.000E+00   5.754E+01   2.237E-04   0.000E+00   2   2.952E+02  1   0.000E+00   0.000E+00   0.000E+00
     76  1.07941892876E+04   1.759E+03   1.759E+03   0.000E+00   7.788E+03   1.245E-07   1.491E+02  8.00402E-03   0.000E+00   0.000E+00   5.799E+01   2.253E-04   0.000E+00   2   3.013E+02  1   0.000E+00   0.000E+00   0.000E+00
     77  1.11013075119E+04   1.774E+03   1.774E+03   0.000E+00   9.259E+03   1.469E-07   1.479E+02  8.00402E-03   0.000E+00   0.000E+00   5.846E+01   2.289E-04   0.000E+00   2   3.071E+02  1   0.000E+00   0.000E+00   0.000E+00
     78  1.14109643085E+04   1.790E+03   1.790E+03   0.000E+00   1.128E+04   1.775E-07   1.476E+02  8.00402E-03   0.000E+00   0.000E+00   5.895E+01   2.357E-04   0.000E+00   3   3.097E+02  1   0.000E+00   0.000E+00   0.000E+00
     79  1.16586897458E+04   1.810E+03   1.810E+03   0.000E+00   1.365E+04   2.123E-07   1.483E+02  8.00402E-03   0.000E+00   0.000E+00   5.936E+01   2.448E-04   0.000E+00   4   2.477E+02  1   0.000E+00   0.000E+00   0.000E+00
     80  1.18568700956E+04   1.837E+03   1.837E+03   0.000E+00   1.639E+04   2.512E-07   1.499E+02  8.00402E-03   0.000E+00   0.000E+00   5.970E+01   2.559E-04   0.000E+00   5   1.982E+02  1   0.000E+00   0.000E+00   0.000E+00
     81  1.20154143755E+04   1.870E+03   1.870E+03   0.000E+00   1.947E+04   2.932E-07   1.523E+02  8.00402E-03   0.000E+00   0.000E+00   5.997E+01   2.690E-04   0.000E+00   5   1.585E+02  1   0.000E+00   0.000E+00   0.000E+00
     82  1.21422497994E+04   1.909E+03   1.909E+03   0.000E+00   2.297E+04   3.385E-07   1.553E+02  8.00402E-03   0.000E+00   0.000E+00   6.018E+01   2.835E-04   0.000E+00   6   1.268E+02  1   0.000E+00   0.000E+00   0.000E+00
     83  1.22433712656E+04   1.952E+03   1.952E+03   0.000E+00   2.685E+04   3.867E-07   1.587E+02  8.00402E-03   0.000E+00   0.000E+00   6.031E+01   2.987E-04   0.000E+00   5   1.011E+02  1   0.000E+00   0.000E+00   0.000E+00
     84  1.23238296167E+04   2.002E+03   2.002E+03   0.000E+00   3.149E+04   4.412E-07   1.624E+02  8.00402E-03   0.000E+00   0.000E+00   6.041E+01   3.147E-04   0.000E+00   6   8.046E+01  1   0.000E+00   0.000E+00   0.000E+00
     85  1.23867754711E+04   2.057E+03   2.057E+03   0.000E+00   3.710E+04   5.052E-07   1.663E+02  8.00402E-03   0.000E+00   0.000E+00   6.044E+01   3.305E-04   0.000E+00   6   6.295E+01  1   0.000E+00   0.000E+00   0.000E+00
     86  1.24354703239E+04   2.133E+03   2.133E+03   0.000E+00   4.566E+04   5.989E-07   1.703E+02  8.00402E-03   0.000E+00   0.000E+00   6.041E+01   3.463E-04   0.000E+00   7   4.869E+01  1   0.000E+00   0.000E+00   0.000E+00
     87  1.24669448616E+04   1.982E+05   1.982E+05   0.000E+00   5.646E+13   2.298E+00   3.530E-01  8.00402E-03   0.000E+00   0.000E+00   2.607E+03   5.158E-03   0.000E+00  10   3.147E+01  1   0.000E+00   0.000E+00   0.000E+00
