      1  1.00000000000E+01   4.862E+02   4.862E+02   0.000E+00   4.208E+03   2.437E-07   3.921E+01  5.00252E-04   0.000E+00   0.000E+00   2.282E+01   3.734E-07   0.000E+00   6   1.000E+01  1   0.000E+00   0.000E+00   0.000E+00
      2  2.00000000000E+01   4.859E+02   4.859E+02   0.000E+00   4.216E+03   2.443E-07   3.916E+01  5.00252E-04   0.000E+00   0.000E+00   2.269E+01   3.640E-07   0.000E+00   9   1.000E+01  1   0.000E+00   0.000E+00   0.000E+00
      3  2.80000000000E+01   4.856E+02   4.856E+02   0.000E+00   4.216E+03   2.444E-07   3.913E+01  5.00252E-04   0.000E+00   0.000E+00   2.257E+01   3.562E-07   0.000E+00   3   8.000E+00  1   0.000E+00   0.000E+00   0.000E+00
      4  3.68000000000E+01   4.853E+02   4.853E+02   0.000E+00   4.213E+03   2.445E-07   3.911E+01  5.00252E-04   0.000E+00   0.000E+00   2.247E+01   3.496E-07   0.000E+00   2   8.800E+00  1   0.000E+00   0.000E+00   0.000E+00
      5  5.08800000000E+01   4.853E+02   4.853E+02   0.000E+00   4.223E+03   2.451E-07   3.905E+01  5.00252E-04   0.000E+00   0.000E+00   2.238E+01   3.427E-07   0.000E+00   4   1.408E+01  1   0.000E+00   0.000E+00   0.000E+00
      6  6.63680000000E+01   4.854E+02   4.854E+02   0.000E+00   4.234E+03   2.456E-07   3.902E+01  5.00252E-04   0.000E+00   0.000E+00   2.231E+01   3.380E-07   0.000E+00   2   1.549E+01  1   0.000E+00   0.000E+00   0.000E+00
      7  9.11488000000E+01   4.854E+02   4.854E+02   0.000E+00   4.240E+03   2.460E-07   3.900E+01  5.00252E-04   0.000E+00   0.000E+00   2.225E+01   3.342E-07   0.000E+00   4   2.478E+01  1   0.000E+00   0.000E+00   0.000E+00
      8  1.18407680000E+02   4.855E+02   4.855E+02   0.000E+00   4.250E+03   2.465E-07   3.899E+01  5.00252E-04   0.000E+00   0.000E+00   2.222E+01   3.322E-07   0.000E+00   2   2.726E+01  1   0.000E+00   0.000E+00   0.000E+00
      9  1.62021888000E+02   4.857E+02   4.857E+02   0.000E+00   4.261E+03   2.470E-07   3.900E+01  5.00252E-04   0.000E+00   0.000E+00   2.221E+01   3.317E-07   0.000E+00   2   4.361E+01  1   0.000E+00   0.000E+00   0.000E+00
     10  2.31804620800E+02   4.859E+02   4.859E+02   0.000E+00   4.269E+03   2.474E-07   3.902E+01  5.00252E-04   0.000E+00   0.000E+00   2.222E+01   3.324E-07   0.000E+00   2   6.978E+01  1   0.000E+00   0.000E+00   0.000E+00
     11  3.43456993280E+02   4.861E+02   4.861E+02   0.000E+00   4.275E+03   2.477E-07   3.902E+01  5.00252E-04   0.000E+00   0.000E+00   2.223E+01   3.333E-07   0.000E+00   2   1.117E+02  1   0.000E+00   0.000E+00   0.000E+00
     12  5.22100789248E+02   4.868E+02   4.868E+02   0.000E+00   4.299E+03   2.486E-07   3.899E+01  5.00252E-04   0.000E+00   0.000E+00   2.225E+01   3.338E-07   0.000E+00   6   1.786E+02  1   0.000E+00   0.000E+00   0.000E+00
     13  7.00744585216E+02   4.872E+02   4.872E+02   0.000E+00   4.320E+03   2.496E-07   3.896E+01  5.00252E-04   0.000E+00   0.000E+00   2.226E+01   3.339E-07   0.000E+00   4   1.786E+02  1   0.000E+00   0.000E+00   0.000E+00
     14  8.97252760781E+02   4.875E+02   4.875E+02   0.000E+00   4.333E+03   2.502E-07   3.892E+01  5.00252E-04   0.000E+00   0.000E+00   2.227E+01   3.338E-07   0.000E+00   2   1.965E+02  1   0.000E+00   0.000E+00   0.000E+00
     15  1.21166584168E+03   4.885E+02   4.885E+02   0.000E+00   4.361E+03   2.514E-07   3.885E+01  5.00252E-04   0.000E+00   0.000E+00   2.228E+01   3.333E-07   0.000E+00   3   3.144E+02  1   0.000E+00   0.000E+00   0.000E+00
     16  1.55752023068E+03   4.896E+02   4.896E+02   0.000E+00   4.397E+03   2.529E-07   3.876E+01  5.00252E-04   0.000E+00   0.000E+00   2.229E+01   3.325E-07   0.000E+00   2   3.459E+02  1   0.000E+00   0.000E+00   0.000E+00
     17  2.11088725307E+03   4.914E+02   4.914E+02   0.000E+00   4.454E+03   2.552E-07   3.860E+01  5.00252E-04   0.000E+00   0.000E+00   2.231E+01   3.309E-07   0.000E+00   2   5.534E+02  1   0.000E+00   0.000E+00   0.000E+00
     18  2.99627448889E+03   4.934E+02   4.934E+02   0.000E+00   4.544E+03   2.593E-07   3.837E+01  5.00252E-04   0.000E+00   0.000E+00   2.233E+01   3.281E-07   0.000E+00   4   8.854E+02  1   0.000E+00   0.000E+00   0.000E+00
     19  3.97020044830E+03   4.958E+02   4.958E+02   0.000E+00   4.633E+03   2.631E-07   3.811E+01  5.00252E-04   0.000E+00   0.000E+00   2.235E+01   3.245E-07   0.000E+00   2   9.739E+02  1   0.000E+00   0.000E+00   0.000E+00
     20  5.04151900365E+03   4.992E+02   4.992E+02   0.000E+00   4.742E+03   2.675E-07   3.788E+01  5.00252E-04   0.000E+00   0.000E+00   2.239E+01   3.232E-07   0.000E+00   2   1.071E+03  1   0.000E+00   0.000E+00   0.000E+00
     21  6.21996941453E+03   5.020E+02   5.020E+02   0.000E+00   4.867E+03   2.729E-07   3.765E+01  5.00252E-04   0.000E+00   0.000E+00   2.245E+01   3.228E-07   0.000E+00   7   1.178E+03  1   0.000E+00   0.000E+00   0.000E+00
     22  7.39841982541E+03   5.049E+02   5.049E+02   0.000E+00   4.983E+03   2.779E-07   3.741E+01  5.00252E-04   0.000E+00   0.000E+00   2.250E+01   3.214E-07   0.000E+00   2   1.178E+03  1   0.000E+00   0.000E+00   0.000E+00
     23  8.69471527739E+03   5.083E+02   5.083E+02   0.000E+00   5.117E+03   2.835E-07   3.712E+01  5.00252E-04   0.000E+00   0.000E+00   2.254E+01   3.185E-07   0.000E+00   2   1.296E+03  1   0.000E+00   0.000E+00   0.000E+00
     24  1.01206402746E+04   5.121E+02   5.121E+02   0.000E+00   5.269E+03   2.898E-07   3.677E+01  5.00252E-04   0.000E+00   0.000E+00   2.256E+01   3.140E-07   0.000E+00   2   1.426E+03  1   0.000E+00   0.000E+00   0.000E+00
     25  1.16891577714E+04   5.161E+02   5.161E+02   0.000E+00   5.438E+03   2.966E-07   3.646E+01  5.00252E-04   0.000E+00   0.000E+00   2.262E+01   3.117E-07   0.000E+00   3   1.569E+03  1   0.000E+00   0.000E+00   0.000E+00
     26  1.34145270180E+04   5.203E+02   5.203E+02   0.000E+00   5.617E+03   3.039E-07   3.613E+01  5.00252E-04   0.000E+00   0.000E+00   2.267E+01   3.091E-07   0.000E+00   2   1.725E+03  1   0.000E+00   0.000E+00   0.000E+00
     27  1.53124331892E+04   5.247E+02   5.247E+02   0.000E+00   5.815E+03   3.121E-07   3.581E+01  5.00252E-04   0.000E+00   0.000E+00   2.275E+01   3.079E-07   0.000E+00   2   1.898E+03  1   0.000E+00   0.000E+00   0.000E+00
     28  1.74001299776E+04   5.296E+02   5.296E+02   0.000E+00   6.040E+03   3.212E-07   3.539E+01  5.00252E-04   0.000E+00   0.000E+00   2.280E+01   3.031E-07   0.000E+00   2   2.088E+03  1   0.000E+00   0.000E+00   0.000E+00
     29  1.96965964448E+04   5.353E+02   5.353E+02   0.000E+00   6.307E+03   3.317E-07   3.500E+01  5.00252E-04   0.000E+00   0.000E+00   2.288E+01   3.007E-07   0.000E+00   3   2.296E+03  1   0.000E+00   0.000E+00   0.000E+00
     30  2.22227095587E+04   5.409E+02   5.409E+02   0.000E+00   6.585E+03   3.428E-07   3.457E+01  5.00252E-04   0.000E+00   0.000E+00   2.294E+01   2.963E-07   0.000E+00   3   2.526E+03  1   0.000E+00   0.000E+00   0.000E+00
     31  2.50014339840E+04   5.470E+02   5.470E+02   0.000E+00   6.897E+03   3.551E-07   3.407E+01  5.00252E-04   0.000E+00   0.000E+00   2.299E+01   2.907E-07   0.000E+00   3   2.779E+03  1   0.000E+00   0.000E+00   0.000E+00
     32  2.80580308518E+04   5.539E+02   5.539E+02   0.000E+00   7.266E+03   3.693E-07   3.367E+01  5.00252E-04   0.000E+00   0.000E+00   2.312E+01   2.904E-07   0.000E+00   3   3.057E+03  1   0.000E+00   0.000E+00   0.000E+00
     33  3.14202874064E+04   5.610E+02   5.610E+02   0.000E+00   7.662E+03   3.845E-07   3.316E+01  5.00252E-04   0.000E+00   0.000E+00   2.319E+01   2.851E-07   0.000E+00   2   3.362E+03  1   0.000E+00   0.000E+00   0.000E+00
     34  3.51187696165E+04   5.686E+02   5.686E+02   0.000E+00   8.104E+03   4.013E-07   3.259E+01  5.00252E-04   0.000E+00   0.000E+00   2.324E+01   2.778E-07   0.000E+00   3   3.698E+03  1   0.000E+00   0.000E+00   0.000E+00
     35  3.91871000476E+04   5.771E+02   5.771E+02   0.000E+00   8.621E+03   4.206E-07   3.213E+01  5.00252E-04   0.000E+00   0.000E+00   2.341E+01   2.777E-07   0.000E+00   3   4.068E+03  1   0.000E+00   0.000E+00   0.000E+00
     36  4.36622635218E+04   5.861E+02   5.861E+02   0.000E+00   9.186E+03   4.414E-07   3.152E+01  5.00252E-04   0.000E+00   0.000E+00   2.347E+01   2.701E-07   0.000E+00   3   4.475E+03  1   0.000E+00   0.000E+00   0.000E+00
     37  4.85849433434E+04   5.959E+02   5.959E+02   0.000E+00   9.844E+03   4.651E-07   3.094E+01  5.00252E-04   0.000E+00   0.000E+00   2.358E+01   2.651E-07   0.000E+00   4   4.923E+03  1   0.000E+00   0.000E+00   0.000E+00
     38  5.39998911472E+04   6.065E+02   6.065E+02   0.000E+00   1.058E+04   4.912E-07   3.036E+01  5.00252E-04   0.000E+00   0.000E+00   2.372E+01   2.612E-07   0.000E+00   3   5.415E+03  1   0.000E+00   0.000E+00   0.000E+00
     39  5.99563337313E+04   6.180E+02   6.180E+02   0.000E+00   1.143E+04   5.207E-07   2.976E+01  5.00252E-04   0.000E+00   0.000E+00   2.386E+01   2.570E-07   0.000E+00   3   5.956E+03  1   0.000E+00   0.000E+00   0.000E+00
     40  6.64072191456E+04   6.298E+02   6.298E+02   0.000E+00   1.236E+04   5.524E-07   2.909E+01  5.00252E-04   0.000E+00   0.000E+00   2.393E+01   2.486E-07   0.000E+00   3   6.451E+03  1   0.000E+00   0.000E+00   0.000E+00
     41  7.30273920890E+04   6.419E+02   6.419E+02   0.000E+00   1.337E+04   5.863E-07   2.854E+01  5.00252E-04   0.000E+00   0.000E+00   2.411E+01   2.466E-07   0.000E+00   3   6.620E+03  1   0.000E+00   0.000E+00   0.000E+00
     42  8.03095823267E+04   6.548E+02   6.548E+02   0.000E+00   1.451E+04   6.239E-07   2.790E+01  5.00252E-04   0.000E+00   0.000E+00   2.423E+01   2.403E-07   0.000E+00   3   7.282E+03  1   0.000E+00   0.000E+00   0.000E+00
     43  8.61353345169E+04   6.652E+02   6.652E+02   0.000E+00   1.549E+04   6.555E-07   2.739E+01  5.00252E-04   0.000E+00   0.000E+00   2.429E+01   2.342E-07   0.000E+00   3   5.826E+03  1   0.000E+00   0.000E+00   0.000E+00
     44  9.25436619262E+04   6.767E+02   6.767E+02   0.000E+00   1.662E+04   6.914E-07   2.695E+01  5.00252E-04   0.000E+00   0.000E+00   2.448E+01   2.338E-07   0.000E+00   3   6.408E+03  1   0.000E+00   0.000E+00   0.000E+00
     45  9.95928220763E+04   6.886E+02   6.886E+02   0.000E+00   1.786E+04   7.305E-07   2.638E+01  5.00252E-04   0.000E+00   0.000E+00   2.453E+01   2.259E-07   0.000E+00   2   7.049E+03  1   0.000E+00   0.000E+00   0.000E+00
     46  1.07190319053E+05   7.017E+02   7.017E+02   0.000E+00   1.930E+04   7.744E-07   2.588E+01  5.00252E-04   0.000E+00   0.000E+00   2.468E+01   2.227E-07   0.000E+00   3   7.597E+03  1   0.000E+00   0.000E+00   0.000E+00
     47  1.15547565727E+05   7.153E+02   7.153E+02   0.000E+00   2.089E+04   8.224E-07   2.535E+01  5.00252E-04   0.000E+00   0.000E+00   2.482E+01   2.184E-07   0.000E+00   3   8.357E+03  1   0.000E+00   0.000E+00   0.000E+00
     48  1.24268784794E+05   7.295E+02   7.295E+02   0.000E+00   2.265E+04   8.743E-07   2.483E+01  5.00252E-04   0.000E+00   0.000E+00   2.496E+01   2.147E-07   0.000E+00   3   8.721E+03  1   0.000E+00   0.000E+00   0.000E+00
     49  1.33299486260E+05   7.437E+02   7.437E+02   0.000E+00   2.452E+04   9.286E-07   2.430E+01  5.00252E-04   0.000E+00   0.000E+00   2.506E+01   2.086E-07   0.000E+00   3   9.031E+03  1   0.000E+00   0.000E+00   0.000E+00
     50  1.42539426428E+05   7.582E+02   7.582E+02   0.000E+00   2.656E+04   9.861E-07   2.382E+01  5.00252E-04   0.000E+00   0.000E+00   2.522E+01   2.057E-07   0.000E+00   2   9.240E+03  1   0.000E+00   0.000E+00   0.000E+00
     51  1.52448962147E+05   7.732E+02   7.732E+02   0.000E+00   2.879E+04   1.048E-06   2.335E+01  5.00252E-04   0.000E+00   0.000E+00   2.537E+01   2.022E-07   0.000E+00   3   9.910E+03  1   0.000E+00   0.000E+00   0.000E+00
     52  1.62711116349E+05   7.883E+02   7.883E+02   0.000E+00   3.117E+04   1.114E-06   2.281E+01  5.00252E-04   0.000E+00   0.000E+00   2.540E+01   1.941E-07   0.000E+00   3   1.026E+04  1   0.000E+00   0.000E+00   0.000E+00
     53  1.70920839711E+05   8.009E+02   8.009E+02   0.000E+00   3.329E+04   1.170E-06   2.247E+01  5.00252E-04   0.000E+00   0.000E+00   2.558E+01   1.936E-07   0.000E+00   3   8.210E+03  1   0.000E+00   0.000E+00   0.000E+00
     54  1.79951535410E+05   8.144E+02   8.144E+02   0.000E+00   3.565E+04   1.233E-06   2.211E+01  5.00252E-04   0.000E+00   0.000E+00   2.575E+01   1.925E-07   0.000E+00   2   9.031E+03  1   0.000E+00   0.000E+00   0.000E+00
     55  1.89885300678E+05   8.291E+02   8.291E+02   0.000E+00   3.837E+04   1.303E-06   2.165E+01  5.00252E-04   0.000E+00   0.000E+00   2.579E+01   1.858E-07   0.000E+00   3   9.934E+03  1   0.000E+00   0.000E+00   0.000E+00
     56  2.00440621869E+05   8.443E+02   8.443E+02   0.000E+00   4.133E+04   1.378E-06   2.125E+01  5.00252E-04   0.000E+00   0.000E+00   2.590E+01   1.822E-07   0.000E+00   3   1.056E+04  1   0.000E+00   0.000E+00   0.000E+00
     57  2.12051475179E+05   8.607E+02   8.607E+02   0.000E+00   4.471E+04   1.462E-06   2.087E+01  5.00252E-04   0.000E+00   0.000E+00   2.612E+01   1.818E-07   0.000E+00   2   1.161E+04  1   0.000E+00   0.000E+00   0.000E+00
     58  2.24704287094E+05   8.779E+02   8.779E+02   0.000E+00   4.845E+04   1.554E-06   2.041E+01  5.00252E-04   0.000E+00   0.000E+00   2.620E+01   1.759E-07   0.000E+00   2   1.265E+04  1   0.000E+00   0.000E+00   0.000E+00
     59  2.34826536626E+05   8.923E+02   8.923E+02   0.000E+00   5.176E+04   1.633E-06   2.008E+01  5.00252E-04   0.000E+00   0.000E+00   2.632E+01   1.735E-07   0.000E+00   3   1.012E+04  1   0.000E+00   0.000E+00   0.000E+00
     60  2.45961011111E+05   9.074E+02   9.074E+02   0.000E+00   5.542E+04   1.720E-06   1.974E+01  5.00252E-04   0.000E+00   0.000E+00   2.641E+01   1.699E-07   0.000E+00   3   1.113E+04  1   0.000E+00   0.000E+00   0.000E+00
     61  2.58208933044E+05   9.236E+02   9.236E+02   0.000E+00   5.959E+04   1.816E-06   1.936E+01  5.00252E-04   0.000E+00   0.000E+00   2.652E+01   1.661E-07   0.000E+00   3   1.225E+04  1   0.000E+00   0.000E+00   0.000E+00
     62  2.71681647171E+05   9.412E+02   9.412E+02   0.000E+00   6.435E+04   1.925E-06   1.902E+01  5.00252E-04   0.000E+00   0.000E+00   2.672E+01   1.651E-07   0.000E+00   3   1.347E+04  1   0.000E+00   0.000E+00   0.000E+00
     63  2.86501632710E+05   9.599E+02   9.599E+02   0.000E+00   6.978E+04   2.047E-06   1.864E+01  5.00252E-04   0.000E+00   0.000E+00   2.685E+01   1.618E-07   0.000E+00   2   1.482E+04  1   0.000E+00   0.000E+00   0.000E+00
     64  3.01560996492E+05   9.781E+02   9.781E+02   0.000E+00   7.541E+04   2.171E-06   1.823E+01  5.00252E-04   0.000E+00   0.000E+00   2.685E+01   1.547E-07   0.000E+00   3   1.506E+04  1   0.000E+00   0.000E+00   0.000E+00
     65  3.17027098245E+05   9.970E+02   9.970E+02   0.000E+00   8.161E+04   2.305E-06   1.791E+01  5.00252E-04   0.000E+00   0.000E+00   2.709E+01   1.549E-07   0.000E+00   3   1.547E+04  1   0.000E+00   0.000E+00   0.000E+00
     66  3.34039810172E+05   1.017E+03   1.017E+03   0.000E+00   8.871E+04   2.456E-06   1.756E+01  5.00252E-04   0.000E+00   0.000E+00   2.730E+01   1.535E-07   0.000E+00   2   1.701E+04  1   0.000E+00   0.000E+00   0.000E+00
     67  3.51099956739E+05   1.037E+03   1.037E+03   0.000E+00   9.619E+04   2.611E-06   1.717E+01  5.00252E-04   0.000E+00   0.000E+00   2.735E+01   1.478E-07   0.000E+00   2   1.706E+04  1   0.000E+00   0.000E+00   0.000E+00
     68  3.64748073993E+05   1.054E+03   1.054E+03   0.000E+00   1.026E+05   2.742E-06   1.689E+01  5.00252E-04   0.000E+00   0.000E+00   2.743E+01   1.448E-07   0.000E+00   3   1.365E+04  1   0.000E+00   0.000E+00   0.000E+00
     69  3.79761002972E+05   1.072E+03   1.072E+03   0.000E+00   1.099E+05   2.888E-06   1.663E+01  5.00252E-04   0.000E+00   0.000E+00   2.762E+01   1.443E-07   0.000E+00   2   1.501E+04  1   0.000E+00   0.000E+00   0.000E+00
     70  3.96275224849E+05   1.091E+03   1.091E+03   0.000E+00   1.183E+05   3.053E-06   1.634E+01  5.00252E-04   0.000E+00   0.000E+00   2.779E+01   1.426E-07   0.000E+00   2   1.651E+04  1   0.000E+00   0.000E+00   0.000E+00
     71  4.14440868913E+05   1.111E+03   1.111E+03   0.000E+00   1.277E+05   3.235E-06   1.600E+01  5.00252E-04   0.000E+00   0.000E+00   2.780E+01   1.371E-07   0.000E+00   3   1.817E+04  1   0.000E+00   0.000E+00   0.000E+00
     72  4.33221290214E+05   1.132E+03   1.132E+03   0.000E+00   1.379E+05   3.429E-06   1.572E+01  5.00252E-04   0.000E+00   0.000E+00   2.800E+01   1.361E-07   0.000E+00   3   1.878E+04  1   0.000E+00   0.000E+00   0.000E+00
     73  4.53879753644E+05   1.155E+03   1.155E+03   0.000E+00   1.494E+05   3.644E-06   1.541E+01  5.00252E-04   0.000E+00   0.000E+00   2.812E+01   1.330E-07   0.000E+00   3   2.066E+04  1   0.000E+00   0.000E+00   0.000E+00
     74  4.75098375777E+05   1.177E+03   1.177E+03   0.000E+00   1.620E+05   3.874E-06   1.511E+01  5.00252E-04   0.000E+00   0.000E+00   2.830E+01   1.312E-07   0.000E+00   3   2.122E+04  1   0.000E+00   0.000E+00   0.000E+00
     75  4.97748186326E+05   1.201E+03   1.201E+03   0.000E+00   1.759E+05   4.125E-06   1.480E+01  5.00252E-04   0.000E+00   0.000E+00   2.842E+01   1.281E-07   0.000E+00   2   2.265E+04  1   0.000E+00   0.000E+00   0.000E+00
     76  5.20772333667E+05   1.225E+03   1.225E+03   0.000E+00   1.909E+05   4.389E-06   1.451E+01  5.00252E-04   0.000E+00   0.000E+00   2.859E+01   1.262E-07   0.000E+00   2   2.302E+04  1   0.000E+00   0.000E+00   0.000E+00
     77  5.45272120229E+05   1.249E+03   1.249E+03   0.000E+00   2.073E+05   4.674E-06   1.422E+01  5.00252E-04   0.000E+00   0.000E+00   2.871E+01   1.232E-07   0.000E+00   3   2.450E+04  1   0.000E+00   0.000E+00   0.000E+00
     78  5.70427206966E+05   1.273E+03   1.273E+03   0.000E+00   2.249E+05   4.973E-06   1.392E+01  5.00252E-04   0.000E+00   0.000E+00   2.874E+01   1.184E-07   0.000E+00   4   2.516E+04  1   0.000E+00   0.000E+00   0.000E+00
     79  5.95948813170E+05   1.299E+03   1.299E+03   0.000E+00   2.442E+05   5.293E-06   1.367E+01  5.00252E-04   0.000E+00   0.000E+00   2.902E+01   1.186E-07   0.000E+00   3   2.552E+04  1   0.000E+00   0.000E+00   0.000E+00
     80  6.24022579995E+05   1.326E+03   1.326E+03   0.000E+00   2.663E+05   5.656E-06   1.339E+01  5.00252E-04   0.000E+00   0.000E+00   2.921E+01   1.170E-07   0.000E+00   2   2.807E+04  1   0.000E+00   0.000E+00   0.000E+00
     81  6.46481593455E+05   1.348E+03   1.348E+03   0.000E+00   2.858E+05   5.968E-06   1.316E+01  5.00252E-04   0.000E+00   0.000E+00   2.933E+01   1.148E-07   0.000E+00   3   2.246E+04  1   0.000E+00   0.000E+00   0.000E+00
     82  6.71186508261E+05   1.372E+03   1.372E+03   0.000E+00   3.075E+05   6.311E-06   1.292E+01  5.00252E-04   0.000E+00   0.000E+00   2.935E+01   1.109E-07   0.000E+00   2   2.470E+04  1   0.000E+00   0.000E+00   0.000E+00
     83  6.98361914547E+05   1.398E+03   1.398E+03   0.000E+00   3.325E+05   6.697E-06   1.267E+01  5.00252E-04   0.000E+00   0.000E+00   2.944E+01   1.080E-07   0.000E+00   2   2.718E+04  1   0.000E+00   0.000E+00   0.000E+00
     84  7.28129394720E+05   1.426E+03   1.426E+03   0.000E+00   3.612E+05   7.133E-06   1.244E+01  5.00252E-04   0.000E+00   0.000E+00   2.978E+01   1.092E-07   0.000E+00   2   2.977E+04  1   0.000E+00   0.000E+00   0.000E+00
     85  7.60873622911E+05   1.455E+03   1.455E+03   0.000E+00   3.941E+05   7.624E-06   1.219E+01  5.00252E-04   0.000E+00   0.000E+00   2.997E+01   1.075E-07   0.000E+00   2   3.274E+04  1   0.000E+00   0.000E+00   0.000E+00
     86  7.87069005463E+05   1.481E+03   1.481E+03   0.000E+00   4.234E+05   8.050E-06   1.198E+01  5.00252E-04   0.000E+00   0.000E+00   3.003E+01   1.046E-07   0.000E+00   2   2.620E+04  1   0.000E+00   0.000E+00   0.000E+00
     87  8.15883926270E+05   1.507E+03   1.507E+03   0.000E+00   4.553E+05   8.510E-06   1.176E+01  5.00252E-04   0.000E+00   0.000E+00   3.004E+01   1.009E-07   0.000E+00   2   2.881E+04  1   0.000E+00   0.000E+00   0.000E+00
     88  8.47580339159E+05   1.535E+03   1.535E+03   0.000E+00   4.930E+05   9.041E-06   1.154E+01  5.00252E-04   0.000E+00   0.000E+00   3.022E+01   9.953E-08   0.000E+00   2   3.170E+04  1   0.000E+00   0.000E+00   0.000E+00
     89  8.82446393336E+05   1.566E+03   1.566E+03   0.000E+00   5.368E+05   9.649E-06   1.133E+01  5.00252E-04   0.000E+00   0.000E+00   3.057E+01   1.006E-07   0.000E+00   2   3.487E+04  1   0.000E+00   0.000E+00   0.000E+00
     90  9.20007919612E+05   1.599E+03   1.599E+03   0.000E+00   5.864E+05   1.033E-05   1.110E+01  5.00252E-04   0.000E+00   0.000E+00   3.071E+01   9.810E-08   0.000E+00   2   3.756E+04  1   0.000E+00   0.000E+00   0.000E+00
     91  9.50057140633E+05   1.626E+03   1.626E+03   0.000E+00   6.302E+05   1.091E-05   1.090E+01  5.00252E-04   0.000E+00   0.000E+00   3.073E+01   9.495E-08   0.000E+00   3   3.005E+04  1   0.000E+00   0.000E+00   0.000E+00
     92  9.83111283756E+05   1.655E+03   1.655E+03   0.000E+00   6.796E+05   1.156E-05   1.071E+01  5.00252E-04   0.000E+00   0.000E+00   3.084E+01   9.286E-08   0.000E+00   2   3.305E+04  1   0.000E+00   0.000E+00   0.000E+00
     93  1.01947084119E+06   1.686E+03   1.686E+03   0.000E+00   7.372E+05   1.231E-05   1.051E+01  5.00252E-04   0.000E+00   0.000E+00   3.103E+01   9.176E-08   0.000E+00   2   3.636E+04  1   0.000E+00   0.000E+00   0.000E+00
     94  1.05946635437E+06   1.721E+03   1.721E+03   0.000E+00   8.038E+05   1.315E-05   1.031E+01  5.00252E-04   0.000E+00   0.000E+00   3.125E+01   9.078E-08   0.000E+00   3   4.000E+04  1   0.000E+00   0.000E+00   0.000E+00
     95  1.10115050166E+06   1.755E+03   1.755E+03   0.000E+00   8.780E+05   1.409E-05   1.010E+01  5.00252E-04   0.000E+00   0.000E+00   3.146E+01   8.953E-08   0.000E+00   5   4.168E+04  1   0.000E+00   0.000E+00   0.000E+00
     96  1.14283464895E+06   1.777E+03   1.777E+03   0.000E+00   9.578E+05   1.517E-05   9.898E+00  5.00252E-04   0.000E+00   0.000E+00   3.157E+01   8.726E-08   0.000E+00   7   4.168E+04  1   0.000E+00   0.000E+00   0.000E+00
     97  1.18451879623E+06   1.794E+03   1.794E+03   0.000E+00   1.045E+06   1.640E-05   9.707E+00  5.00252E-04   0.000E+00   0.000E+00   3.169E+01   8.515E-08   0.000E+00   5   4.168E+04  1   0.000E+00   0.000E+00   0.000E+00
     98  1.22620294352E+06   1.811E+03   1.811E+03   0.000E+00   1.143E+06   1.778E-05   9.535E+00  5.00252E-04   0.000E+00   0.000E+00   3.191E+01   8.447E-08   0.000E+00   5   4.168E+04  1   0.000E+00   0.000E+00   0.000E+00
     99  1.26788709081E+06   1.827E+03   1.827E+03   0.000E+00   1.253E+06   1.931E-05   9.372E+00  5.00252E-04   0.000E+00   0.000E+00   3.210E+01   8.355E-08   0.000E+00   4   4.168E+04  1   0.000E+00   0.000E+00   0.000E+00
    100  1.31373965283E+06   1.844E+03   1.844E+03   0.000E+00   1.384E+06   2.114E-05   9.201E+00  5.00252E-04   0.000E+00   0.000E+00   3.219E+01   8.144E-08   0.000E+00   4   4.585E+04  1   0.000E+00   0.000E+00   0.000E+00
    101  1.36417747104E+06   1.860E+03   1.860E+03   0.000E+00   1.542E+06   2.334E-05   9.026E+00  5.00252E-04   0.000E+00   0.000E+00   3.217E+01   7.824E-08   0.000E+00   3   5.044E+04  1   0.000E+00   0.000E+00   0.000E+00
    102  1.41855391883E+06   1.878E+03   1.878E+03   0.000E+00   1.738E+06   2.606E-05   8.879E+00  5.00252E-04   0.000E+00   0.000E+00   3.258E+01   7.958E-08   0.000E+00   3   5.438E+04  1   0.000E+00   0.000E+00   0.000E+00
    103  1.47836801140E+06   1.898E+03   1.898E+03   0.000E+00   1.992E+06   2.954E-05   8.737E+00  5.00252E-04   0.000E+00   0.000E+00   3.298E+01   8.092E-08   0.000E+00   3   5.981E+04  1   0.000E+00   0.000E+00   0.000E+00
    104  1.54027291949E+06   1.920E+03   1.920E+03   0.000E+00   2.302E+06   3.373E-05   8.598E+00  5.00252E-04   0.000E+00   0.000E+00   3.304E+01   7.897E-08   0.000E+00   3   6.190E+04  1   0.000E+00   0.000E+00   0.000E+00
    105  1.58979684596E+06   1.941E+03   1.941E+03   0.000E+00   2.600E+06   3.771E-05   8.501E+00  5.00252E-04   0.000E+00   0.000E+00   3.304E+01   7.717E-08   0.000E+00   3   4.952E+04  1   0.000E+00   0.000E+00   0.000E+00
    106  1.64427316508E+06   1.969E+03   1.969E+03   0.000E+00   3.005E+06   4.294E-05   8.442E+00  5.00252E-04   0.000E+00   0.000E+00   3.364E+01   8.176E-08   0.000E+00   3   5.448E+04  1   0.000E+00   0.000E+00   0.000E+00
    107  1.70205096709E+06   2.002E+03   2.002E+03   0.000E+00   3.518E+06   4.943E-05   8.389E+00  5.00252E-04   0.000E+00   0.000E+00   3.379E+01   8.219E-08   0.000E+00   4   5.778E+04  1   0.000E+00   0.000E+00   0.000E+00
    108  1.74827320869E+06   2.036E+03   2.036E+03   0.000E+00   4.041E+06   5.586E-05   8.362E+00  5.00252E-04   0.000E+00   0.000E+00   3.381E+01   8.187E-08   0.000E+00   3   4.622E+04  1   0.000E+00   0.000E+00   0.000E+00
    109  1.79695806272E+06   2.080E+03   2.080E+03   0.000E+00   4.731E+06   6.400E-05   8.381E+00  5.00252E-04   0.000E+00   0.000E+00   3.426E+01   8.674E-08   0.000E+00   4   4.868E+04  1   0.000E+00   0.000E+00   0.000E+00
    110  1.83590594595E+06   2.123E+03   2.123E+03   0.000E+00   5.431E+06   7.197E-05   8.410E+00  5.00252E-04   0.000E+00   0.000E+00   3.442E+01   8.893E-08   0.000E+00   4   3.895E+04  1   0.000E+00   0.000E+00   0.000E+00
    111  1.87616384911E+06   2.175E+03   2.175E+03   0.000E+00   6.307E+06   8.159E-05   8.476E+00  5.00252E-04   0.000E+00   0.000E+00   3.458E+01   9.205E-08   0.000E+00   4   4.026E+04  1   0.000E+00   0.000E+00   0.000E+00
    112  1.90837017163E+06   2.225E+03   2.225E+03   0.000E+00   7.200E+06   9.102E-05   8.551E+00  5.00252E-04   0.000E+00   0.000E+00   3.466E+01   9.457E-08   0.000E+00   4   3.221E+04  1   0.000E+00   0.000E+00   0.000E+00
    113  1.94325312259E+06   2.286E+03   2.286E+03   0.000E+00   8.367E+06   1.029E-04   8.676E+00  5.00252E-04   0.000E+00   0.000E+00   3.491E+01   1.002E-07   0.000E+00   4   3.488E+04  1   0.000E+00   0.000E+00   0.000E+00
    114  1.97115948336E+06   2.346E+03   2.346E+03   0.000E+00   9.586E+06   1.148E-04   8.809E+00  5.00252E-04   0.000E+00   0.000E+00   3.512E+01   1.058E-07   0.000E+00   4   2.791E+04  1   0.000E+00   0.000E+00   0.000E+00
    115  1.99965540891E+06   2.415E+03   2.415E+03   0.000E+00   1.113E+07   1.294E-04   8.988E+00  5.00252E-04   0.000E+00   0.000E+00   3.533E+01   1.129E-07   0.000E+00   4   2.850E+04  1   0.000E+00   0.000E+00   0.000E+00
    116  2.02245214935E+06   2.482E+03   2.482E+03   0.000E+00   1.277E+07   1.443E-04   9.157E+00  5.00252E-04   0.000E+00   0.000E+00   3.527E+01   1.162E-07   0.000E+00   4   2.280E+04  1   0.000E+00   0.000E+00   0.000E+00
    117  2.04564398233E+06   2.563E+03   2.563E+03   0.000E+00   1.492E+07   1.631E-04   9.400E+00  5.00252E-04   0.000E+00   0.000E+00   3.554E+01   1.263E-07   0.000E+00   4   2.319E+04  1   0.000E+00   0.000E+00   0.000E+00
    118  2.06419744871E+06   2.646E+03   2.646E+03   0.000E+00   1.734E+07   1.836E-04   9.647E+00  5.00252E-04   0.000E+00   0.000E+00   3.579E+01   1.369E-07   0.000E+00   4   1.855E+04  1   0.000E+00   0.000E+00   0.000E+00
    119  2.07904022181E+06   2.730E+03   2.730E+03   0.000E+00   2.017E+07   2.067E-04   9.895E+00  5.00252E-04   0.000E+00   0.000E+00   3.588E+01   1.454E-07   0.000E+00   4   1.484E+04  1   0.000E+00   0.000E+00   0.000E+00
    120  2.09091444029E+06   2.820E+03   2.820E+03   0.000E+00   2.366E+07   2.343E-04   1.014E+01  5.00252E-04   0.000E+00   0.000E+00   3.580E+01   1.512E-07   0.000E+00   4   1.187E+04  1   0.000E+00   0.000E+00   0.000E+00
    121  2.10041381508E+06   2.556E+04   2.556E+04   0.000E+00   1.552E+12   6.458E-01   3.310E-01  5.00252E-04   0.000E+00   0.000E+00   1.119E+02   1.539E-08   0.000E+00   3   9.499E+03  1   0.000E+00   0.000E+00   0.000E+00
