      1  1.00000000000E+01   4.878E+02   4.878E+02   0.000E+00   2.626E+02   1.516E-08   1.517E+02  2.00101E-03   0.000E+00   0.000E+00   2.921E+01   1.502E-05   0.000E+00   6   1.000E+01  1   0.000E+00   0.000E+00   0.000E+00
      2  2.00000000000E+01   4.877E+02   4.877E+02   0.000E+00   2.630E+02   1.518E-08   1.501E+02  2.00101E-03   0.000E+00   0.000E+00   2.829E+01   1.293E-05   0.000E+00   6   1.000E+01  1   0.000E+00   0.000E+00   0.000E+00
      3  3.00000000000E+01   4.875E+02   4.875E+02   0.000E+00   2.631E+02   1.519E-08   1.490E+02  2.00101E-03   0.000E+00   0.000E+00   2.771E+01   1.173E-05   0.000E+00   3   1.000E+01  1   0.000E+00   0.000E+00   0.000E+00
      4  4.10000000000E+01   4.874E+02   4.874E+02   0.000E+00   2.633E+02   1.521E-08   1.482E+02  2.00101E-03   0.000E+00   0.000E+00   2.730E+01   1.092E-05   0.000E+00   2   1.100E+01  1   0.000E+00   0.000E+00   0.000E+00
      5  5.86000000000E+01   4.877E+02   4.877E+02   0.000E+00   2.644E+02   1.527E-08   1.471E+02  2.00101E-03   0.000E+00   0.000E+00   2.692E+01   1.018E-05   0.000E+00   3   1.760E+01  1   0.000E+00   0.000E+00   0.000E+00
      6  7.79600000000E+01   4.882E+02   4.882E+02   0.000E+00   2.658E+02   1.533E-08   1.463E+02  2.00101E-03   0.000E+00   0.000E+00   2.666E+01   9.687E-06   0.000E+00   2   1.936E+01  1   0.000E+00   0.000E+00   0.000E+00
      7  1.08936000000E+02   4.883E+02   4.883E+02   0.000E+00   2.665E+02   1.537E-08   1.454E+02  2.00101E-03   0.000E+00   0.000E+00   2.643E+01   9.254E-06   0.000E+00   3   3.098E+01  1   0.000E+00   0.000E+00   0.000E+00
      8  1.43009600000E+02   4.888E+02   4.888E+02   0.000E+00   2.678E+02   1.543E-08   1.446E+02  2.00101E-03   0.000E+00   0.000E+00   2.629E+01   8.956E-06   0.000E+00   3   3.407E+01  1   0.000E+00   0.000E+00   0.000E+00
      9  1.80490560000E+02   4.895E+02   4.895E+02   0.000E+00   2.696E+02   1.551E-08   1.439E+02  2.00101E-03   0.000E+00   0.000E+00   2.619E+01   8.737E-06   0.000E+00   2   3.748E+01  1   0.000E+00   0.000E+00   0.000E+00
     10  2.40460096000E+02   4.905E+02   4.905E+02   0.000E+00   2.721E+02   1.562E-08   1.431E+02  2.00101E-03   0.000E+00   0.000E+00   2.611E+01   8.529E-06   0.000E+00   3   5.997E+01  1   0.000E+00   0.000E+00   0.000E+00
     11  3.06426585600E+02   4.915E+02   4.915E+02   0.000E+00   2.744E+02   1.572E-08   1.425E+02  2.00101E-03   0.000E+00   0.000E+00   2.606E+01   8.392E-06   0.000E+00   2   6.597E+01  1   0.000E+00   0.000E+00   0.000E+00
     12  4.11972968960E+02   4.931E+02   4.931E+02   0.000E+00   2.779E+02   1.587E-08   1.417E+02  2.00101E-03   0.000E+00   0.000E+00   2.604E+01   8.272E-06   0.000E+00   2   1.055E+02  1   0.000E+00   0.000E+00   0.000E+00
     13  5.80847182336E+02   4.957E+02   4.957E+02   0.000E+00   2.839E+02   1.613E-08   1.407E+02  2.00101E-03   0.000E+00   0.000E+00   2.604E+01   8.160E-06   0.000E+00   2   1.689E+02  1   0.000E+00   0.000E+00   0.000E+00
     14  7.66608817050E+02   4.987E+02   4.987E+02   0.000E+00   2.909E+02   1.643E-08   1.396E+02  2.00101E-03   0.000E+00   0.000E+00   2.607E+01   8.067E-06   0.000E+00   2   1.858E+02  1   0.000E+00   0.000E+00   0.000E+00
     15  9.70946615235E+02   5.021E+02   5.021E+02   0.000E+00   2.989E+02   1.676E-08   1.386E+02  2.00101E-03   0.000E+00   0.000E+00   2.610E+01   8.000E-06   0.000E+00   3   2.043E+02  1   0.000E+00   0.000E+00   0.000E+00
     16  1.19571819324E+03   5.056E+02   5.056E+02   0.000E+00   3.074E+02   1.711E-08   1.377E+02  2.00101E-03   0.000E+00   0.000E+00   2.615E+01   7.946E-06   0.000E+00   2   2.248E+02  1   0.000E+00   0.000E+00   0.000E+00
     17  1.44296692904E+03   5.093E+02   5.093E+02   0.000E+00   3.166E+02   1.751E-08   1.366E+02  2.00101E-03   0.000E+00   0.000E+00   2.622E+01   7.906E-06   0.000E+00   2   2.472E+02  1   0.000E+00   0.000E+00   0.000E+00
     18  1.71494053843E+03   5.135E+02   5.135E+02   0.000E+00   3.274E+02   1.796E-08   1.354E+02  2.00101E-03   0.000E+00   0.000E+00   2.628E+01   7.842E-06   0.000E+00   2   2.720E+02  1   0.000E+00   0.000E+00   0.000E+00
     19  2.01411150875E+03   5.183E+02   5.183E+02   0.000E+00   3.400E+02   1.847E-08   1.341E+02  2.00101E-03   0.000E+00   0.000E+00   2.635E+01   7.778E-06   0.000E+00   2   2.992E+02  1   0.000E+00   0.000E+00   0.000E+00
     20  2.34319957610E+03   5.232E+02   5.232E+02   0.000E+00   3.532E+02   1.901E-08   1.328E+02  2.00101E-03   0.000E+00   0.000E+00   2.642E+01   7.702E-06   0.000E+00   3   3.291E+02  1   0.000E+00   0.000E+00   0.000E+00
     21  2.70519645019E+03   5.284E+02   5.284E+02   0.000E+00   3.679E+02   1.960E-08   1.313E+02  2.00101E-03   0.000E+00   0.000E+00   2.648E+01   7.603E-06   0.000E+00   2   3.620E+02  1   0.000E+00   0.000E+00   0.000E+00
     22  3.10339301169E+03   5.343E+02   5.343E+02   0.000E+00   3.849E+02   2.028E-08   1.298E+02  2.00101E-03   0.000E+00   0.000E+00   2.657E+01   7.533E-06   0.000E+00   2   3.982E+02  1   0.000E+00   0.000E+00   0.000E+00
     23  3.54140922934E+03   5.408E+02   5.408E+02   0.000E+00   4.040E+02   2.103E-08   1.283E+02  2.00101E-03   0.000E+00   0.000E+00   2.668E+01   7.471E-06   0.000E+00   3   4.380E+02  1   0.000E+00   0.000E+00   0.000E+00
     24  4.02322706876E+03   5.476E+02   5.476E+02   0.000E+00   4.250E+02   2.185E-08   1.266E+02  2.00101E-03   0.000E+00   0.000E+00   2.676E+01   7.366E-06   0.000E+00   2   4.818E+02  1   0.000E+00   0.000E+00   0.000E+00
     25  4.55322669211E+03   5.550E+02   5.550E+02   0.000E+00   4.487E+02   2.276E-08   1.248E+02  2.00101E-03   0.000E+00   0.000E+00   2.685E+01   7.251E-06   0.000E+00   2   5.300E+02  1   0.000E+00   0.000E+00   0.000E+00
     26  5.13622627780E+03   5.628E+02   5.628E+02   0.000E+00   4.751E+02   2.376E-08   1.231E+02  2.00101E-03   0.000E+00   0.000E+00   2.697E+01   7.186E-06   0.000E+00   3   5.830E+02  1   0.000E+00   0.000E+00   0.000E+00
     27  5.77752582206E+03   5.713E+02   5.713E+02   0.000E+00   5.049E+02   2.489E-08   1.211E+02  2.00101E-03   0.000E+00   0.000E+00   2.707E+01   7.055E-06   0.000E+00   2   6.413E+02  1   0.000E+00   0.000E+00   0.000E+00
     28  6.48295532075E+03   5.809E+02   5.809E+02   0.000E+00   5.398E+02   2.616E-08   1.190E+02  2.00101E-03   0.000E+00   0.000E+00   2.719E+01   6.941E-06   0.000E+00   3   7.054E+02  1   0.000E+00   0.000E+00   0.000E+00
     29  7.25892776931E+03   5.909E+02   5.909E+02   0.000E+00   5.782E+02   2.755E-08   1.169E+02  2.00101E-03   0.000E+00   0.000E+00   2.732E+01   6.831E-06   0.000E+00   2   7.760E+02  1   0.000E+00   0.000E+00   0.000E+00
     30  8.11249746272E+03   6.018E+02   6.018E+02   0.000E+00   6.223E+02   2.911E-08   1.148E+02  2.00101E-03   0.000E+00   0.000E+00   2.747E+01   6.731E-06   0.000E+00   3   8.536E+02  1   0.000E+00   0.000E+00   0.000E+00
     31  9.05142412547E+03   6.133E+02   6.133E+02   0.000E+00   6.715E+02   3.083E-08   1.125E+02  2.00101E-03   0.000E+00   0.000E+00   2.759E+01   6.568E-06   0.000E+00   3   9.389E+02  1   0.000E+00   0.000E+00   0.000E+00
     32  1.00842434545E+04   6.258E+02   6.258E+02   0.000E+00   7.291E+02   3.279E-08   1.103E+02  2.00101E-03   0.000E+00   0.000E+00   2.778E+01   6.491E-06   0.000E+00   3   1.033E+03  1   0.000E+00   0.000E+00   0.000E+00
     33  1.12203447164E+04   6.388E+02   6.388E+02   0.000E+00   7.931E+02   3.496E-08   1.078E+02  2.00101E-03   0.000E+00   0.000E+00   2.790E+01   6.309E-06   0.000E+00   3   1.136E+03  1   0.000E+00   0.000E+00   0.000E+00
     34  1.23727178726E+04   6.522E+02   6.522E+02   0.000E+00   8.635E+02   3.727E-08   1.057E+02  2.00101E-03   0.000E+00   0.000E+00   2.810E+01   6.235E-06   0.000E+00   3   1.152E+03  1   0.000E+00   0.000E+00   0.000E+00
     35  1.36167720282E+04   6.661E+02   6.661E+02   0.000E+00   9.406E+02   3.976E-08   1.033E+02  2.00101E-03   0.000E+00   0.000E+00   2.823E+01   6.070E-06   0.000E+00   3   1.244E+03  1   0.000E+00   0.000E+00   0.000E+00
     36  1.46120153526E+04   6.778E+02   6.778E+02   0.000E+00   1.009E+03   4.189E-08   1.015E+02  2.00101E-03   0.000E+00   0.000E+00   2.837E+01   5.980E-06   0.000E+00   3   9.952E+02  1   0.000E+00   0.000E+00   0.000E+00
     37  1.57067830095E+04   6.904E+02   6.904E+02   0.000E+00   1.085E+03   4.424E-08   9.968E+01  2.00101E-03   0.000E+00   0.000E+00   2.852E+01   5.891E-06   0.000E+00   2   1.095E+03  1   0.000E+00   0.000E+00   0.000E+00
     38  1.69110274321E+04   7.042E+02   7.042E+02   0.000E+00   1.173E+03   4.688E-08   9.775E+01  2.00101E-03   0.000E+00   0.000E+00   2.867E+01   5.788E-06   0.000E+00   3   1.204E+03  1   0.000E+00   0.000E+00   0.000E+00
     39  1.82356962969E+04   7.189E+02   7.189E+02   0.000E+00   1.271E+03   4.978E-08   9.573E+01  2.00101E-03   0.000E+00   0.000E+00   2.880E+01   5.652E-06   0.000E+00   3   1.325E+03  1   0.000E+00   0.000E+00   0.000E+00
     40  1.96306313389E+04   7.339E+02   7.339E+02   0.000E+00   1.379E+03   5.291E-08   9.379E+01  2.00101E-03   0.000E+00   0.000E+00   2.897E+01   5.556E-06   0.000E+00   3   1.395E+03  1   0.000E+00   0.000E+00   0.000E+00
     41  2.11300736934E+04   7.496E+02   7.496E+02   0.000E+00   1.501E+03   5.636E-08   9.185E+01  2.00101E-03   0.000E+00   0.000E+00   2.915E+01   5.462E-06   0.000E+00   3   1.499E+03  1   0.000E+00   0.000E+00   0.000E+00
     42  2.26903075117E+04   7.654E+02   7.654E+02   0.000E+00   1.631E+03   6.001E-08   8.983E+01  2.00101E-03   0.000E+00   0.000E+00   2.927E+01   5.306E-06   0.000E+00   3   1.560E+03  1   0.000E+00   0.000E+00   0.000E+00
     43  2.42856146857E+04   7.814E+02   7.814E+02   0.000E+00   1.774E+03   6.390E-08   8.804E+01  2.00101E-03   0.000E+00   0.000E+00   2.948E+01   5.247E-06   0.000E+00   3   1.595E+03  1   0.000E+00   0.000E+00   0.000E+00
     44  2.60149894066E+04   7.980E+02   7.980E+02   0.000E+00   1.932E+03   6.817E-08   8.608E+01  2.00101E-03   0.000E+00   0.000E+00   2.962E+01   5.109E-06   0.000E+00   3   1.729E+03  1   0.000E+00   0.000E+00   0.000E+00
     45  2.77496333817E+04   8.145E+02   8.145E+02   0.000E+00   2.102E+03   7.264E-08   8.431E+01  2.00101E-03   0.000E+00   0.000E+00   2.978E+01   5.011E-06   0.000E+00   3   1.735E+03  1   0.000E+00   0.000E+00   0.000E+00
     46  2.95952870822E+04   8.314E+02   8.314E+02   0.000E+00   2.288E+03   7.748E-08   8.253E+01  2.00101E-03   0.000E+00   0.000E+00   2.996E+01   4.916E-06   0.000E+00   3   1.846E+03  1   0.000E+00   0.000E+00   0.000E+00
     47  3.15207015507E+04   8.487E+02   8.487E+02   0.000E+00   2.494E+03   8.271E-08   8.078E+01  2.00101E-03   0.000E+00   0.000E+00   3.014E+01   4.825E-06   0.000E+00   3   1.925E+03  1   0.000E+00   0.000E+00   0.000E+00
     48  3.35137939928E+04   8.663E+02   8.663E+02   0.000E+00   2.717E+03   8.830E-08   7.907E+01  2.00101E-03   0.000E+00   0.000E+00   3.030E+01   4.724E-06   0.000E+00   3   1.993E+03  1   0.000E+00   0.000E+00   0.000E+00
     49  3.55822349546E+04   8.839E+02   8.839E+02   0.000E+00   2.958E+03   9.422E-08   7.734E+01  2.00101E-03   0.000E+00   0.000E+00   3.042E+01   4.590E-06   0.000E+00   3   2.068E+03  1   0.000E+00   0.000E+00   0.000E+00
     50  3.77079447983E+04   9.021E+02   9.021E+02   0.000E+00   3.223E+03   1.006E-07   7.582E+01  2.00101E-03   0.000E+00   0.000E+00   3.066E+01   4.553E-06   0.000E+00   3   2.126E+03  1   0.000E+00   0.000E+00   0.000E+00
     51  4.00039950904E+04   9.211E+02   9.211E+02   0.000E+00   3.517E+03   1.075E-07   7.414E+01  2.00101E-03   0.000E+00   0.000E+00   3.080E+01   4.432E-06   0.000E+00   3   2.296E+03  1   0.000E+00   0.000E+00   0.000E+00
     52  4.18408353241E+04   9.369E+02   9.369E+02   0.000E+00   3.774E+03   1.134E-07   7.284E+01  2.00101E-03   0.000E+00   0.000E+00   3.092E+01   4.344E-06   0.000E+00   3   1.837E+03  1   0.000E+00   0.000E+00   0.000E+00
     53  4.38613595812E+04   9.540E+02   9.540E+02   0.000E+00   4.068E+03   1.201E-07   7.157E+01  2.00101E-03   0.000E+00   0.000E+00   3.112E+01   4.303E-06   0.000E+00   2   2.021E+03  1   0.000E+00   0.000E+00   0.000E+00
     54  4.60839362640E+04   9.725E+02   9.725E+02   0.000E+00   4.402E+03   1.274E-07   7.017E+01  2.00101E-03   0.000E+00   0.000E+00   3.126E+01   4.213E-06   0.000E+00   2   2.223E+03  1   0.000E+00   0.000E+00   0.000E+00
     55  4.85218898780E+04   9.921E+02   9.921E+02   0.000E+00   4.776E+03   1.355E-07   6.878E+01  2.00101E-03   0.000E+00   0.000E+00   3.141E+01   4.128E-06   0.000E+00   3   2.438E+03  1   0.000E+00   0.000E+00   0.000E+00
     56  5.11196104849E+04   1.013E+03   1.013E+03   0.000E+00   5.194E+03   1.444E-07   6.737E+01  2.00101E-03   0.000E+00   0.000E+00   3.158E+01   4.043E-06   0.000E+00   3   2.598E+03  1   0.000E+00   0.000E+00   0.000E+00
     57  5.38256447792E+04   1.034E+03   1.034E+03   0.000E+00   5.651E+03   1.539E-07   6.597E+01  2.00101E-03   0.000E+00   0.000E+00   3.174E+01   3.958E-06   0.000E+00   3   2.706E+03  1   0.000E+00   0.000E+00   0.000E+00
     58  5.66365396073E+04   1.056E+03   1.056E+03   0.000E+00   6.153E+03   1.641E-07   6.464E+01  2.00101E-03   0.000E+00   0.000E+00   3.194E+01   3.896E-06   0.000E+00   3   2.811E+03  1   0.000E+00   0.000E+00   0.000E+00
     59  5.95942247359E+04   1.078E+03   1.078E+03   0.000E+00   6.703E+03   1.751E-07   6.329E+01  2.00101E-03   0.000E+00   0.000E+00   3.210E+01   3.812E-06   0.000E+00   3   2.958E+03  1   0.000E+00   0.000E+00   0.000E+00
     60  6.26385388349E+04   1.100E+03   1.100E+03   0.000E+00   7.296E+03   1.867E-07   6.194E+01  2.00101E-03   0.000E+00   0.000E+00   3.221E+01   3.701E-06   0.000E+00   3   3.044E+03  1   0.000E+00   0.000E+00   0.000E+00
     61  6.57784271425E+04   1.123E+03   1.123E+03   0.000E+00   7.945E+03   1.992E-07   6.073E+01  2.00101E-03   0.000E+00   0.000E+00   3.247E+01   3.673E-06   0.000E+00   3   3.140E+03  1   0.000E+00   0.000E+00   0.000E+00
     62  6.91821581253E+04   1.147E+03   1.147E+03   0.000E+00   8.681E+03   2.131E-07   5.944E+01  2.00101E-03   0.000E+00   0.000E+00   3.265E+01   3.599E-06   0.000E+00   2   3.404E+03  1   0.000E+00   0.000E+00   0.000E+00
     63  7.25921048861E+04   1.170E+03   1.170E+03   0.000E+00   9.447E+03   2.273E-07   5.818E+01  2.00101E-03   0.000E+00   0.000E+00   3.274E+01   3.487E-06   0.000E+00   3   3.410E+03  1   0.000E+00   0.000E+00   0.000E+00
     64  7.61426442444E+04   1.194E+03   1.194E+03   0.000E+00   1.030E+04   2.427E-07   5.701E+01  2.00101E-03   0.000E+00   0.000E+00   3.298E+01   3.445E-06   0.000E+00   3   3.551E+03  1   0.000E+00   0.000E+00   0.000E+00
     65  7.99202968573E+04   1.220E+03   1.220E+03   0.000E+00   1.126E+04   2.599E-07   5.584E+01  2.00101E-03   0.000E+00   0.000E+00   3.322E+01   3.402E-06   0.000E+00   2   3.778E+03  1   0.000E+00   0.000E+00   0.000E+00
     66  8.37788348004E+04   1.245E+03   1.245E+03   0.000E+00   1.228E+04   2.777E-07   5.463E+01  2.00101E-03   0.000E+00   0.000E+00   3.331E+01   3.295E-06   0.000E+00   3   3.859E+03  1   0.000E+00   0.000E+00   0.000E+00
     67  8.77083785751E+04   1.270E+03   1.270E+03   0.000E+00   1.339E+04   2.968E-07   5.353E+01  2.00101E-03   0.000E+00   0.000E+00   3.350E+01   3.236E-06   0.000E+00   3   3.930E+03  1   0.000E+00   0.000E+00   0.000E+00
     68  9.18805692246E+04   1.297E+03   1.297E+03   0.000E+00   1.464E+04   3.178E-07   5.243E+01  2.00101E-03   0.000E+00   0.000E+00   3.374E+01   3.193E-06   0.000E+00   2   4.172E+03  1   0.000E+00   0.000E+00   0.000E+00
     69  9.61918850321E+04   1.324E+03   1.324E+03   0.000E+00   1.599E+04   3.401E-07   5.134E+01  2.00101E-03   0.000E+00   0.000E+00   3.391E+01   3.123E-06   0.000E+00   3   4.311E+03  1   0.000E+00   0.000E+00   0.000E+00
     70  1.00625607192E+05   1.351E+03   1.351E+03   0.000E+00   1.748E+04   3.641E-07   5.027E+01  2.00101E-03   0.000E+00   0.000E+00   3.410E+01   3.061E-06   0.000E+00   2   4.434E+03  1   0.000E+00   0.000E+00   0.000E+00
     71  1.05177616936E+05   1.379E+03   1.379E+03   0.000E+00   1.908E+04   3.895E-07   4.926E+01  2.00101E-03   0.000E+00   0.000E+00   3.429E+01   3.006E-06   0.000E+00   3   4.552E+03  1   0.000E+00   0.000E+00   0.000E+00
     72  1.09971056448E+05   1.408E+03   1.408E+03   0.000E+00   2.086E+04   4.172E-07   4.821E+01  2.00101E-03   0.000E+00   0.000E+00   3.440E+01   2.916E-06   0.000E+00   3   4.793E+03  1   0.000E+00   0.000E+00   0.000E+00
     73  1.13805808057E+05   1.432E+03   1.432E+03   0.000E+00   2.245E+04   4.412E-07   4.739E+01  2.00101E-03   0.000E+00   0.000E+00   3.455E+01   2.869E-06   0.000E+00   3   3.835E+03  1   0.000E+00   0.000E+00   0.000E+00
     74  1.18024034827E+05   1.459E+03   1.459E+03   0.000E+00   2.426E+04   4.683E-07   4.659E+01  2.00101E-03   0.000E+00   0.000E+00   3.483E+01   2.864E-06   0.000E+00   2   4.218E+03  1   0.000E+00   0.000E+00   0.000E+00
     75  1.22664084274E+05   1.487E+03   1.487E+03   0.000E+00   2.637E+04   4.993E-07   4.571E+01  2.00101E-03   0.000E+00   0.000E+00   3.502E+01   2.815E-06   0.000E+00   2   4.640E+03  1   0.000E+00   0.000E+00   0.000E+00
     76  1.27705427908E+05   1.517E+03   1.517E+03   0.000E+00   2.876E+04   5.337E-07   4.477E+01  2.00101E-03   0.000E+00   0.000E+00   3.510E+01   2.728E-06   0.000E+00   3   5.041E+03  1   0.000E+00   0.000E+00   0.000E+00
     77  1.32946579897E+05   1.548E+03   1.548E+03   0.000E+00   3.135E+04   5.703E-07   4.389E+01  2.00101E-03   0.000E+00   0.000E+00   3.526E+01   2.668E-06   0.000E+00   3   5.241E+03  1   0.000E+00   0.000E+00   0.000E+00
     78  1.38622583276E+05   1.580E+03   1.580E+03   0.000E+00   3.436E+04   6.121E-07   4.304E+01  2.00101E-03   0.000E+00   0.000E+00   3.561E+01   2.670E-06   0.000E+00   2   5.676E+03  1   0.000E+00   0.000E+00   0.000E+00
     79  1.44604204313E+05   1.614E+03   1.614E+03   0.000E+00   3.770E+04   6.577E-07   4.213E+01  2.00101E-03   0.000E+00   0.000E+00   3.580E+01   2.614E-06   0.000E+00   2   5.982E+03  1   0.000E+00   0.000E+00   0.000E+00
     80  1.49389501143E+05   1.642E+03   1.642E+03   0.000E+00   4.069E+04   6.976E-07   4.139E+01  2.00101E-03   0.000E+00   0.000E+00   3.588E+01   2.545E-06   0.000E+00   2   4.785E+03  1   0.000E+00   0.000E+00   0.000E+00
     81  1.54653327656E+05   1.671E+03   1.671E+03   0.000E+00   4.408E+04   7.424E-07   4.066E+01  2.00101E-03   0.000E+00   0.000E+00   3.606E+01   2.505E-06   0.000E+00   2   5.264E+03  1   0.000E+00   0.000E+00   0.000E+00
     82  1.60443536820E+05   1.705E+03   1.705E+03   0.000E+00   4.808E+04   7.940E-07   3.990E+01  2.00101E-03   0.000E+00   0.000E+00   3.629E+01   2.474E-06   0.000E+00   2   5.790E+03  1   0.000E+00   0.000E+00   0.000E+00
     83  1.66699625310E+05   1.736E+03   1.736E+03   0.000E+00   5.278E+04   8.554E-07   3.909E+01  2.00101E-03   0.000E+00   0.000E+00   3.653E+01   2.437E-06   0.000E+00   5   6.256E+03  1   0.000E+00   0.000E+00   0.000E+00
     84  1.72955713800E+05   1.755E+03   1.755E+03   0.000E+00   5.780E+04   9.270E-07   3.832E+01  2.00101E-03   0.000E+00   0.000E+00   3.668E+01   2.383E-06   0.000E+00   6   6.256E+03  1   0.000E+00   0.000E+00   0.000E+00
     85  1.79211802290E+05   1.766E+03   1.766E+03   0.000E+00   6.347E+04   1.012E-06   3.760E+01  2.00101E-03   0.000E+00   0.000E+00   3.689E+01   2.346E-06   0.000E+00   4   6.256E+03  1   0.000E+00   0.000E+00   0.000E+00
     86  1.86013860032E+05   1.775E+03   1.775E+03   0.000E+00   7.053E+04   1.119E-06   3.687E+01  2.00101E-03   0.000E+00   0.000E+00   3.713E+01   2.315E-06   0.000E+00   4   6.802E+03  1   0.000E+00   0.000E+00   0.000E+00
     87  1.93035116515E+05   1.782E+03   1.782E+03   0.000E+00   7.889E+04   1.246E-06   3.618E+01  2.00101E-03   0.000E+00   0.000E+00   3.727E+01   2.262E-06   0.000E+00   5   7.021E+03  1   0.000E+00   0.000E+00   0.000E+00
     88  2.00056372999E+05   1.788E+03   1.788E+03   0.000E+00   8.866E+04   1.395E-06   3.556E+01  2.00101E-03   0.000E+00   0.000E+00   3.745E+01   2.230E-06   0.000E+00   3   7.021E+03  1   0.000E+00   0.000E+00   0.000E+00
     89  2.07767535090E+05   1.796E+03   1.796E+03   0.000E+00   1.011E+05   1.586E-06   3.502E+01  2.00101E-03   0.000E+00   0.000E+00   3.782E+01   2.247E-06   0.000E+00   4   7.711E+03  1   0.000E+00   0.000E+00   0.000E+00
     90  2.16198868713E+05   1.805E+03   1.805E+03   0.000E+00   1.176E+05   1.834E-06   3.451E+01  2.00101E-03   0.000E+00   0.000E+00   3.800E+01   2.225E-06   0.000E+00   4   8.431E+03  1   0.000E+00   0.000E+00   0.000E+00
     91  2.22943935612E+05   1.817E+03   1.817E+03   0.000E+00   1.343E+05   2.082E-06   3.418E+01  2.00101E-03   0.000E+00   0.000E+00   3.818E+01   2.225E-06   0.000E+00   3   6.745E+03  1   0.000E+00   0.000E+00   0.000E+00
     92  2.30363509201E+05   1.832E+03   1.832E+03   0.000E+00   1.570E+05   2.412E-06   3.395E+01  2.00101E-03   0.000E+00   0.000E+00   3.848E+01   2.265E-06   0.000E+00   4   7.420E+03  1   0.000E+00   0.000E+00   0.000E+00
     93  2.38197718288E+05   1.852E+03   1.852E+03   0.000E+00   1.864E+05   2.833E-06   3.386E+01  2.00101E-03   0.000E+00   0.000E+00   3.862E+01   2.284E-06   0.000E+00   4   7.834E+03  1   0.000E+00   0.000E+00   0.000E+00
     94  2.44465085559E+05   1.877E+03   1.877E+03   0.000E+00   2.178E+05   3.267E-06   3.392E+01  2.00101E-03   0.000E+00   0.000E+00   3.886E+01   2.352E-06   0.000E+00   4   6.267E+03  1   0.000E+00   0.000E+00   0.000E+00
     95  2.50880402307E+05   1.909E+03   1.909E+03   0.000E+00   2.588E+05   3.816E-06   3.413E+01  2.00101E-03   0.000E+00   0.000E+00   3.901E+01   2.417E-06   0.000E+00   4   6.415E+03  1   0.000E+00   0.000E+00   0.000E+00
     96  2.56012655705E+05   1.942E+03   1.942E+03   0.000E+00   3.020E+05   4.375E-06   3.445E+01  2.00101E-03   0.000E+00   0.000E+00   3.911E+01   2.489E-06   0.000E+00   4   5.132E+03  1   0.000E+00   0.000E+00   0.000E+00
     97  2.60118458424E+05   1.977E+03   1.977E+03   0.000E+00   3.472E+05   4.941E-06   3.482E+01  2.00101E-03   0.000E+00   0.000E+00   3.922E+01   2.571E-06   0.000E+00   4   4.106E+03  1   0.000E+00   0.000E+00   0.000E+00
     98  2.64470256447E+05   2.019E+03   2.019E+03   0.000E+00   4.066E+05   5.659E-06   3.543E+01  2.00101E-03   0.000E+00   0.000E+00   3.941E+01   2.713E-06   0.000E+00   4   4.352E+03  1   0.000E+00   0.000E+00   0.000E+00
     99  2.67951694865E+05   2.061E+03   2.061E+03   0.000E+00   4.680E+05   6.381E-06   3.601E+01  2.00101E-03   0.000E+00   0.000E+00   3.931E+01   2.775E-06   0.000E+00   4   3.481E+03  1   0.000E+00   0.000E+00   0.000E+00
    100  2.70736845600E+05   2.106E+03   2.106E+03   0.000E+00   5.339E+05   7.125E-06   3.666E+01  2.00101E-03   0.000E+00   0.000E+00   3.943E+01   2.912E-06   0.000E+00   4   2.785E+03  1   0.000E+00   0.000E+00   0.000E+00
    101  2.73591487323E+05   2.161E+03   2.161E+03   0.000E+00   6.187E+05   8.045E-06   3.751E+01  2.00101E-03   0.000E+00   0.000E+00   3.952E+01   3.076E-06   0.000E+00   4   2.855E+03  1   0.000E+00   0.000E+00   0.000E+00
    102  2.75875200702E+05   2.218E+03   2.218E+03   0.000E+00   7.122E+05   9.020E-06   3.838E+01  2.00101E-03   0.000E+00   0.000E+00   3.953E+01   3.222E-06   0.000E+00   4   2.284E+03  1   0.000E+00   0.000E+00   0.000E+00
    103  2.77702171405E+05   2.277E+03   2.277E+03   0.000E+00   8.172E+05   1.007E-05   3.927E+01  2.00101E-03   0.000E+00   0.000E+00   3.954E+01   3.378E-06   0.000E+00   4   1.827E+03  1   0.000E+00   0.000E+00   0.000E+00
    104  2.79163747968E+05   2.338E+03   2.338E+03   0.000E+00   9.387E+05   1.126E-05   4.015E+01  2.00101E-03   0.000E+00   0.000E+00   3.933E+01   3.455E-06   0.000E+00   4   1.462E+03  1   0.000E+00   0.000E+00   0.000E+00
    105  2.80627733205E+05   2.414E+03   2.414E+03   0.000E+00   1.112E+06   1.288E-05   4.148E+01  2.00101E-03   0.000E+00   0.000E+00   3.965E+01   3.809E-06   0.000E+00   4   1.464E+03  1   0.000E+00   0.000E+00   0.000E+00
    106  2.81751617148E+05   2.502E+03   2.502E+03   0.000E+00   1.349E+06   1.504E-05   4.283E+01  2.00101E-03   0.000E+00   0.000E+00   3.952E+01   4.011E-06   0.000E+00   5   1.124E+03  1   0.000E+00   0.000E+00   0.000E+00
    107  2.82595066588E+05   7.463E+04   7.463E+04   0.000E+00   1.158E+13   1.352E+00   2.989E-01  2.00101E-03   0.000E+00   0.000E+00   3.151E+02   7.897E-07   0.000E+00   5   8.434E+02  1   0.000E+00   0.000E+00   0.000E+00
