      1  1.00000000000E+01   5.757E+02   5.757E+02   0.000E+00   5.622E+01   2.750E-09   3.519E+02  6.00302E-03   0.000E+00   0.000E+00   4.066E+01   3.033E-04   0.000E+00  36   1.000E+01  1   0.000E+00   0.000E+00   0.000E+00
      2  1.51597841510E+01   5.764E+02   5.764E+02   0.000E+00   5.655E+01   2.762E-09   3.467E+02  6.00302E-03   0.000E+00   0.000E+00   3.946E+01   2.611E-04   0.000E+00  20   5.160E+00  1   0.000E+00   0.000E+00   0.000E+00
      3  1.92876114718E+01   5.767E+02   5.767E+02   0.000E+00   5.670E+01   2.769E-09   3.436E+02  6.00302E-03   0.000E+00   0.000E+00   3.874E+01   2.383E-04   0.000E+00   4   4.128E+00  1   0.000E+00   0.000E+00   0.000E+00
      4  2.38282215246E+01   5.774E+02   5.774E+02   0.000E+00   5.699E+01   2.780E-09   3.405E+02  6.00302E-03   0.000E+00   0.000E+00   3.813E+01   2.196E-04   0.000E+00   3   4.541E+00  1   0.000E+00   0.000E+00   0.000E+00
      5  2.88228925828E+01   5.783E+02   5.783E+02   0.000E+00   5.737E+01   2.793E-09   3.377E+02  6.00302E-03   0.000E+00   0.000E+00   3.758E+01   2.038E-04   0.000E+00   2   4.995E+00  1   0.000E+00   0.000E+00   0.000E+00
      6  3.43170307468E+01   5.789E+02   5.789E+02   0.000E+00   5.765E+01   2.804E-09   3.353E+02  6.00302E-03   0.000E+00   0.000E+00   3.708E+01   1.903E-04   0.000E+00   3   5.494E+00  1   0.000E+00   0.000E+00   0.000E+00
      7  4.03605827271E+01   5.794E+02   5.794E+02   0.000E+00   5.791E+01   2.814E-09   3.330E+02  6.00302E-03   0.000E+00   0.000E+00   3.662E+01   1.787E-04   0.000E+00   2   6.044E+00  1   0.000E+00   0.000E+00   0.000E+00
      8  4.70084899056E+01   5.800E+02   5.800E+02   0.000E+00   5.818E+01   2.824E-09   3.310E+02  6.00302E-03   0.000E+00   0.000E+00   3.620E+01   1.685E-04   0.000E+00   2   6.648E+00  1   0.000E+00   0.000E+00   0.000E+00
      9  5.76451413910E+01   5.809E+02   5.809E+02   0.000E+00   5.861E+01   2.841E-09   3.283E+02  6.00302E-03   0.000E+00   0.000E+00   3.569E+01   1.566E-04   0.000E+00   2   1.064E+01  1   0.000E+00   0.000E+00   0.000E+00
     10  6.93454580250E+01   5.821E+02   5.821E+02   0.000E+00   5.917E+01   2.861E-09   3.259E+02  6.00302E-03   0.000E+00   0.000E+00   3.526E+01   1.471E-04   0.000E+00   3   1.170E+01  1   0.000E+00   0.000E+00   0.000E+00
     11  8.22158063224E+01   5.832E+02   5.832E+02   0.000E+00   5.967E+01   2.880E-09   3.239E+02  6.00302E-03   0.000E+00   0.000E+00   3.490E+01   1.395E-04   0.000E+00   3   1.287E+01  1   0.000E+00   0.000E+00   0.000E+00
     12  9.63731894495E+01   5.843E+02   5.843E+02   0.000E+00   6.019E+01   2.900E-09   3.223E+02  6.00302E-03   0.000E+00   0.000E+00   3.462E+01   1.336E-04   0.000E+00   2   1.416E+01  1   0.000E+00   0.000E+00   0.000E+00
     13  1.19025002453E+02   5.861E+02   5.861E+02   0.000E+00   6.104E+01   2.932E-09   3.204E+02  6.00302E-03   0.000E+00   0.000E+00   3.434E+01   1.280E-04   0.000E+00   2   2.265E+01  1   0.000E+00   0.000E+00   0.000E+00
     14  1.43941996757E+02   5.881E+02   5.881E+02   0.000E+00   6.201E+01   2.968E-09   3.188E+02  6.00302E-03   0.000E+00   0.000E+00   3.418E+01   1.243E-04   0.000E+00   2   2.492E+01  1   0.000E+00   0.000E+00   0.000E+00
     15  1.71350690491E+02   5.902E+02   5.902E+02   0.000E+00   6.302E+01   3.005E-09   3.175E+02  6.00302E-03   0.000E+00   0.000E+00   3.409E+01   1.221E-04   0.000E+00   2   2.741E+01  1   0.000E+00   0.000E+00   0.000E+00
     16  2.15204600465E+02   5.935E+02   5.935E+02   0.000E+00   6.459E+01   3.064E-09   3.158E+02  6.00302E-03   0.000E+00   0.000E+00   3.407E+01   1.205E-04   0.000E+00   2   4.385E+01  1   0.000E+00   0.000E+00   0.000E+00
     17  2.63443901438E+02   5.972E+02   5.972E+02   0.000E+00   6.640E+01   3.131E-09   3.141E+02  6.00302E-03   0.000E+00   0.000E+00   3.411E+01   1.196E-04   0.000E+00   2   4.824E+01  1   0.000E+00   0.000E+00   0.000E+00
     18  3.16507132507E+02   6.014E+02   6.014E+02   0.000E+00   6.847E+01   3.206E-09   3.123E+02  6.00302E-03   0.000E+00   0.000E+00   3.416E+01   1.190E-04   0.000E+00   2   5.306E+01  1   0.000E+00   0.000E+00   0.000E+00
     19  3.74876686683E+02   6.062E+02   6.062E+02   0.000E+00   7.085E+01   3.291E-09   3.104E+02  6.00302E-03   0.000E+00   0.000E+00   3.424E+01   1.187E-04   0.000E+00   2   5.837E+01  1   0.000E+00   0.000E+00   0.000E+00
     20  4.39083196277E+02   6.113E+02   6.113E+02   0.000E+00   7.345E+01   3.382E-09   3.085E+02  6.00302E-03   0.000E+00   0.000E+00   3.436E+01   1.188E-04   0.000E+00   2   6.421E+01  1   0.000E+00   0.000E+00   0.000E+00
     21  5.09710356830E+02   6.166E+02   6.166E+02   0.000E+00   7.625E+01   3.482E-09   3.064E+02  6.00302E-03   0.000E+00   0.000E+00   3.447E+01   1.188E-04   0.000E+00   2   7.063E+01  1   0.000E+00   0.000E+00   0.000E+00
     22  5.87400233439E+02   6.226E+02   6.226E+02   0.000E+00   7.949E+01   3.595E-09   3.040E+02  6.00302E-03   0.000E+00   0.000E+00   3.458E+01   1.184E-04   0.000E+00   2   7.769E+01  1   0.000E+00   0.000E+00   0.000E+00
     23  6.72859097708E+02   6.293E+02   6.293E+02   0.000E+00   8.325E+01   3.724E-09   3.014E+02  6.00302E-03   0.000E+00   0.000E+00   3.469E+01   1.179E-04   0.000E+00   1   8.546E+01  1   0.000E+00   0.000E+00   0.000E+00
     24  7.66863848404E+02   6.366E+02   6.366E+02   0.000E+00   8.744E+01   3.868E-09   2.987E+02  6.00302E-03   0.000E+00   0.000E+00   3.484E+01   1.178E-04   0.000E+00   3   9.400E+01  1   0.000E+00   0.000E+00   0.000E+00
     25  8.70269074170E+02   6.447E+02   6.447E+02   0.000E+00   9.225E+01   4.029E-09   2.958E+02  6.00302E-03   0.000E+00   0.000E+00   3.501E+01   1.178E-04   0.000E+00   3   1.034E+02  1   0.000E+00   0.000E+00   0.000E+00
     26  9.84014822513E+02   6.534E+02   6.534E+02   0.000E+00   9.762E+01   4.206E-09   2.927E+02  6.00302E-03   0.000E+00   0.000E+00   3.516E+01   1.173E-04   0.000E+00   2   1.137E+02  1   0.000E+00   0.000E+00   0.000E+00
     27  1.10913514569E+03   6.628E+02   6.628E+02   0.000E+00   1.037E+02   4.404E-09   2.894E+02  6.00302E-03   0.000E+00   0.000E+00   3.534E+01   1.170E-04   0.000E+00   2   1.251E+02  1   0.000E+00   0.000E+00   0.000E+00
     28  1.24676750118E+03   6.732E+02   6.732E+02   0.000E+00   1.106E+02   4.626E-09   2.859E+02  6.00302E-03   0.000E+00   0.000E+00   3.554E+01   1.168E-04   0.000E+00   2   1.376E+02  1   0.000E+00   0.000E+00   0.000E+00
     29  1.39816309223E+03   6.846E+02   6.846E+02   0.000E+00   1.186E+02   4.875E-09   2.820E+02  6.00302E-03   0.000E+00   0.000E+00   3.571E+01   1.160E-04   0.000E+00   2   1.514E+02  1   0.000E+00   0.000E+00   0.000E+00
     30  1.56469824238E+03   6.972E+02   6.972E+02   0.000E+00   1.277E+02   5.156E-09   2.781E+02  6.00302E-03   0.000E+00   0.000E+00   3.594E+01   1.156E-04   0.000E+00   2   1.665E+02  1   0.000E+00   0.000E+00   0.000E+00
     31  1.74788690754E+03   7.106E+02   7.106E+02   0.000E+00   1.381E+02   5.470E-09   2.739E+02  6.00302E-03   0.000E+00   0.000E+00   3.616E+01   1.150E-04   0.000E+00   3   1.832E+02  1   0.000E+00   0.000E+00   0.000E+00
     32  1.94939443922E+03   7.253E+02   7.253E+02   0.000E+00   1.501E+02   5.827E-09   2.694E+02  6.00302E-03   0.000E+00   0.000E+00   3.638E+01   1.139E-04   0.000E+00   3   2.015E+02  1   0.000E+00   0.000E+00   0.000E+00
     33  2.17098776269E+03   7.414E+02   7.414E+02   0.000E+00   1.642E+02   6.235E-09   2.648E+02  6.00302E-03   0.000E+00   0.000E+00   3.668E+01   1.137E-04   0.000E+00   3   2.216E+02  1   0.000E+00   0.000E+00   0.000E+00
     34  2.40528788514E+03   7.580E+02   7.580E+02   0.000E+00   1.800E+02   6.682E-09   2.601E+02  6.00302E-03   0.000E+00   0.000E+00   3.691E+01   1.125E-04   0.000E+00   2   2.343E+02  1   0.000E+00   0.000E+00   0.000E+00
     35  2.64378021925E+03   7.746E+02   7.746E+02   0.000E+00   1.969E+02   7.156E-09   2.556E+02  6.00302E-03   0.000E+00   0.000E+00   3.722E+01   1.123E-04   0.000E+00   3   2.385E+02  1   0.000E+00   0.000E+00   0.000E+00
     36  2.89854502385E+03   7.920E+02   7.920E+02   0.000E+00   2.162E+02   7.685E-09   2.510E+02  6.00302E-03   0.000E+00   0.000E+00   3.749E+01   1.116E-04   0.000E+00   2   2.548E+02  1   0.000E+00   0.000E+00   0.000E+00
     37  3.15497284392E+03   8.095E+02   8.095E+02   0.000E+00   2.371E+02   8.246E-09   2.466E+02  6.00302E-03   0.000E+00   0.000E+00   3.776E+01   1.108E-04   0.000E+00   3   2.564E+02  1   0.000E+00   0.000E+00   0.000E+00
     38  3.41959145312E+03   8.276E+02   8.276E+02   0.000E+00   2.603E+02   8.854E-09   2.423E+02  6.00302E-03   0.000E+00   0.000E+00   3.810E+01   1.109E-04   0.000E+00   3   2.646E+02  1   0.000E+00   0.000E+00   0.000E+00
     39  3.69331781018E+03   8.463E+02   8.463E+02   0.000E+00   2.860E+02   9.512E-09   2.379E+02  6.00302E-03   0.000E+00   0.000E+00   3.836E+01   1.099E-04   0.000E+00   2   2.737E+02  1   0.000E+00   0.000E+00   0.000E+00
     40  3.96739970966E+03   8.651E+02   8.651E+02   0.000E+00   3.135E+02   1.020E-08   2.338E+02  6.00302E-03   0.000E+00   0.000E+00   3.872E+01   1.101E-04   0.000E+00   3   2.741E+02  1   0.000E+00   0.000E+00   0.000E+00
     41  4.25570137385E+03   8.847E+02   8.847E+02   0.000E+00   3.446E+02   1.096E-08   2.297E+02  6.00302E-03   0.000E+00   0.000E+00   3.904E+01   1.097E-04   0.000E+00   2   2.883E+02  1   0.000E+00   0.000E+00   0.000E+00
     42  4.54631451112E+03   9.045E+02   9.045E+02   0.000E+00   3.781E+02   1.177E-08   2.257E+02  6.00302E-03   0.000E+00   0.000E+00   3.935E+01   1.094E-04   0.000E+00   3   2.906E+02  1   0.000E+00   0.000E+00   0.000E+00
     43  4.84527086609E+03   9.249E+02   9.249E+02   0.000E+00   4.153E+02   1.264E-08   2.217E+02  6.00302E-03   0.000E+00   0.000E+00   3.972E+01   1.096E-04   0.000E+00   3   2.990E+02  1   0.000E+00   0.000E+00   0.000E+00
     44  5.15106901342E+03   9.461E+02   9.461E+02   0.000E+00   4.565E+02   1.358E-08   2.177E+02  6.00302E-03   0.000E+00   0.000E+00   4.007E+01   1.096E-04   0.000E+00   2   3.058E+02  1   0.000E+00   0.000E+00   0.000E+00
     45  5.45940522612E+03   9.675E+02   9.675E+02   0.000E+00   5.007E+02   1.457E-08   2.139E+02  6.00302E-03   0.000E+00   0.000E+00   4.041E+01   1.094E-04   0.000E+00   3   3.083E+02  1   0.000E+00   0.000E+00   0.000E+00
     46  5.77601957979E+03   9.897E+02   9.897E+02   0.000E+00   5.499E+02   1.564E-08   2.101E+02  6.00302E-03   0.000E+00   0.000E+00   4.079E+01   1.096E-04   0.000E+00   2   3.166E+02  1   0.000E+00   0.000E+00   0.000E+00
     47  6.09799494298E+03   1.012E+03   1.012E+03   0.000E+00   6.034E+02   1.678E-08   2.064E+02  6.00302E-03   0.000E+00   0.000E+00   4.118E+01   1.098E-04   0.000E+00   3   3.220E+02  1   0.000E+00   0.000E+00   0.000E+00
     48  6.42621970765E+03   1.036E+03   1.036E+03   0.000E+00   6.624E+02   1.801E-08   2.027E+02  6.00302E-03   0.000E+00   0.000E+00   4.152E+01   1.095E-04   0.000E+00   2   3.282E+02  1   0.000E+00   0.000E+00   0.000E+00
     49  6.75776050517E+03   1.059E+03   1.059E+03   0.000E+00   7.263E+02   1.930E-08   1.991E+02  6.00302E-03   0.000E+00   0.000E+00   4.197E+01   1.102E-04   0.000E+00   3   3.315E+02  1   0.000E+00   0.000E+00   0.000E+00
     50  7.09830144775E+03   1.084E+03   1.084E+03   0.000E+00   7.969E+02   2.070E-08   1.954E+02  6.00302E-03   0.000E+00   0.000E+00   4.231E+01   1.097E-04   0.000E+00   3   3.405E+02  1   0.000E+00   0.000E+00   0.000E+00
     51  7.37073420182E+03   1.105E+03   1.105E+03   0.000E+00   8.599E+02   2.191E-08   1.925E+02  6.00302E-03   0.000E+00   0.000E+00   4.267E+01   1.101E-04   0.000E+00   2   2.724E+02  1   0.000E+00   0.000E+00   0.000E+00
     52  7.67041023129E+03   1.127E+03   1.127E+03   0.000E+00   9.319E+02   2.328E-08   1.893E+02  6.00302E-03   0.000E+00   0.000E+00   4.302E+01   1.101E-04   0.000E+00   2   2.997E+02  1   0.000E+00   0.000E+00   0.000E+00
     53  8.00005386371E+03   1.152E+03   1.152E+03   0.000E+00   1.017E+03   2.485E-08   1.859E+02  6.00302E-03   0.000E+00   0.000E+00   4.342E+01   1.101E-04   0.000E+00   2   3.296E+02  1   0.000E+00   0.000E+00   0.000E+00
     54  8.34777793937E+03   1.177E+03   1.177E+03   0.000E+00   1.111E+03   2.656E-08   1.826E+02  6.00302E-03   0.000E+00   0.000E+00   4.376E+01   1.095E-04   0.000E+00   3   3.477E+02  1   0.000E+00   0.000E+00   0.000E+00
     55  8.71150929087E+03   1.204E+03   1.204E+03   0.000E+00   1.216E+03   2.843E-08   1.791E+02  6.00302E-03   0.000E+00   0.000E+00   4.424E+01   1.100E-04   0.000E+00   3   3.637E+02  1   0.000E+00   0.000E+00   0.000E+00
     56  9.08421721447E+03   1.232E+03   1.232E+03   0.000E+00   1.333E+03   3.045E-08   1.755E+02  6.00302E-03   0.000E+00   0.000E+00   4.465E+01   1.097E-04   0.000E+00   2   3.727E+02  1   0.000E+00   0.000E+00   0.000E+00
     57  9.38238355335E+03   1.255E+03   1.255E+03   0.000E+00   1.436E+03   3.220E-08   1.727E+02  6.00302E-03   0.000E+00   0.000E+00   4.495E+01   1.092E-04   0.000E+00   2   2.982E+02  1   0.000E+00   0.000E+00   0.000E+00
     58  9.71036652612E+03   1.280E+03   1.280E+03   0.000E+00   1.553E+03   3.416E-08   1.697E+02  6.00302E-03   0.000E+00   0.000E+00   4.533E+01   1.090E-04   0.000E+00   3   3.280E+02  1   0.000E+00   0.000E+00   0.000E+00
     59  1.00711477962E+04   1.308E+03   1.308E+03   0.000E+00   1.692E+03   3.643E-08   1.665E+02  6.00302E-03   0.000E+00   0.000E+00   4.574E+01   1.087E-04   0.000E+00   2   3.608E+02  1   0.000E+00   0.000E+00   0.000E+00
     60  1.04533177370E+04   1.336E+03   1.336E+03   0.000E+00   1.847E+03   3.891E-08   1.632E+02  6.00302E-03   0.000E+00   0.000E+00   4.614E+01   1.082E-04   0.000E+00   3   3.822E+02  1   0.000E+00   0.000E+00   0.000E+00
     61  1.08516383912E+04   1.366E+03   1.366E+03   0.000E+00   2.019E+03   4.163E-08   1.599E+02  6.00302E-03   0.000E+00   0.000E+00   4.655E+01   1.076E-04   0.000E+00   3   3.983E+02  1   0.000E+00   0.000E+00   0.000E+00
     62  1.12608250401E+04   1.396E+03   1.396E+03   0.000E+00   2.211E+03   4.458E-08   1.566E+02  6.00302E-03   0.000E+00   0.000E+00   4.695E+01   1.068E-04   0.000E+00   2   4.092E+02  1   0.000E+00   0.000E+00   0.000E+00
     63  1.16765847743E+04   1.427E+03   1.427E+03   0.000E+00   2.418E+03   4.772E-08   1.533E+02  6.00302E-03   0.000E+00   0.000E+00   4.740E+01   1.063E-04   0.000E+00   2   4.158E+02  1   0.000E+00   0.000E+00   0.000E+00
     64  1.20996736793E+04   1.459E+03   1.459E+03   0.000E+00   2.645E+03   5.104E-08   1.501E+02  6.00302E-03   0.000E+00   0.000E+00   4.781E+01   1.055E-04   0.000E+00   2   4.231E+02  1   0.000E+00   0.000E+00   0.000E+00
     65  1.25260304156E+04   1.491E+03   1.491E+03   0.000E+00   2.892E+03   5.461E-08   1.470E+02  6.00302E-03   0.000E+00   0.000E+00   4.819E+01   1.045E-04   0.000E+00   3   4.264E+02  1   0.000E+00   0.000E+00   0.000E+00
     66  1.29640295089E+04   1.524E+03   1.524E+03   0.000E+00   3.164E+03   5.850E-08   1.439E+02  6.00302E-03   0.000E+00   0.000E+00   4.863E+01   1.038E-04   0.000E+00   3   4.380E+02  1   0.000E+00   0.000E+00   0.000E+00
     67  1.34128519343E+04   1.554E+03   1.554E+03   0.000E+00   3.465E+03   6.279E-08   1.408E+02  6.00302E-03   0.000E+00   0.000E+00   4.906E+01   1.029E-04   0.000E+00   3   4.488E+02  1   0.000E+00   0.000E+00   0.000E+00
     68  1.38755775355E+04   1.582E+03   1.582E+03   0.000E+00   3.799E+03   6.760E-08   1.377E+02  6.00302E-03   0.000E+00   0.000E+00   4.946E+01   1.017E-04   0.000E+00   3   4.627E+02  1   0.000E+00   0.000E+00   0.000E+00
     69  1.43519543174E+04   1.608E+03   1.608E+03   0.000E+00   4.172E+03   7.302E-08   1.347E+02  6.00302E-03   0.000E+00   0.000E+00   4.990E+01   1.008E-04   0.000E+00   3   4.764E+02  1   0.000E+00   0.000E+00   0.000E+00
     70  1.48404047299E+04   1.633E+03   1.633E+03   0.000E+00   4.596E+03   7.923E-08   1.317E+02  6.00302E-03   0.000E+00   0.000E+00   5.033E+01   9.972E-05   0.000E+00   3   4.885E+02  1   0.000E+00   0.000E+00   0.000E+00
     71  1.53376920720E+04   1.655E+03   1.655E+03   0.000E+00   5.078E+03   8.635E-08   1.288E+02  6.00302E-03   0.000E+00   0.000E+00   5.076E+01   9.862E-05   0.000E+00   3   4.973E+02  1   0.000E+00   0.000E+00   0.000E+00
     72  1.58434115960E+04   1.675E+03   1.675E+03   0.000E+00   5.636E+03   9.462E-08   1.259E+02  6.00302E-03   0.000E+00   0.000E+00   5.120E+01   9.760E-05   0.000E+00   2   5.057E+02  1   0.000E+00   0.000E+00   0.000E+00
     73  1.63550702170E+04   1.694E+03   1.694E+03   0.000E+00   6.265E+03   1.041E-07   1.231E+02  6.00302E-03   0.000E+00   0.000E+00   5.165E+01   9.661E-05   0.000E+00   3   5.117E+02  1   0.000E+00   0.000E+00   0.000E+00
     74  1.68789374336E+04   1.711E+03   1.711E+03   0.000E+00   7.016E+03   1.154E-07   1.204E+02  6.00302E-03   0.000E+00   0.000E+00   5.208E+01   9.554E-05   0.000E+00   2   5.239E+02  1   0.000E+00   0.000E+00   0.000E+00
     75  1.72980312069E+04   1.725E+03   1.725E+03   0.000E+00   7.741E+03   1.263E-07   1.182E+02  6.00302E-03   0.000E+00   0.000E+00   5.244E+01   9.475E-05   0.000E+00   3   4.191E+02  1   0.000E+00   0.000E+00   0.000E+00
     76  1.77590343575E+04   1.739E+03   1.739E+03   0.000E+00   8.665E+03   1.403E-07   1.160E+02  6.00302E-03   0.000E+00   0.000E+00   5.286E+01   9.412E-05   0.000E+00   3   4.610E+02  1   0.000E+00   0.000E+00   0.000E+00
     77  1.82661378231E+04   1.750E+03   1.750E+03   0.000E+00   9.830E+03   1.580E-07   1.138E+02  6.00302E-03   0.000E+00   0.000E+00   5.327E+01   9.348E-05   0.000E+00   3   5.071E+02  1   0.000E+00   0.000E+00   0.000E+00
     78  1.87981212193E+04   1.761E+03   1.761E+03   0.000E+00   1.129E+04   1.803E-07   1.118E+02  6.00302E-03   0.000E+00   0.000E+00   5.367E+01   9.295E-05   0.000E+00   2   5.320E+02  1   0.000E+00   0.000E+00   0.000E+00
     79  1.93416532066E+04   1.772E+03   1.772E+03   0.000E+00   1.312E+04   2.082E-07   1.101E+02  6.00302E-03   0.000E+00   0.000E+00   5.407E+01   9.290E-05   0.000E+00   2   5.435E+02  1   0.000E+00   0.000E+00   0.000E+00
     80  1.98974742403E+04   1.783E+03   1.783E+03   0.000E+00   1.548E+04   2.442E-07   1.088E+02  6.00302E-03   0.000E+00   0.000E+00   5.447E+01   9.347E-05   0.000E+00   2   5.558E+02  1   0.000E+00   0.000E+00   0.000E+00
     81  2.04631703644E+04   1.796E+03   1.796E+03   0.000E+00   1.859E+04   2.914E-07   1.081E+02  6.00302E-03   0.000E+00   0.000E+00   5.487E+01   9.496E-05   0.000E+00   3   5.657E+02  1   0.000E+00   0.000E+00   0.000E+00
     82  2.10327525811E+04   1.814E+03   1.814E+03   0.000E+00   2.286E+04   3.550E-07   1.082E+02  6.00302E-03   0.000E+00   0.000E+00   5.528E+01   9.805E-05   0.000E+00   3   5.696E+02  1   0.000E+00   0.000E+00   0.000E+00
     83  2.14884183544E+04   1.839E+03   1.839E+03   0.000E+00   2.784E+04   4.264E-07   1.091E+02  6.00302E-03   0.000E+00   0.000E+00   5.562E+01   1.022E-04   0.000E+00   4   4.557E+02  1   0.000E+00   0.000E+00   0.000E+00
     84  2.18529509730E+04   1.872E+03   1.872E+03   0.000E+00   3.360E+04   5.054E-07   1.107E+02  6.00302E-03   0.000E+00   0.000E+00   5.593E+01   1.074E-04   0.000E+00   4   3.645E+02  1   0.000E+00   0.000E+00   0.000E+00
     85  2.21445770679E+04   1.912E+03   1.912E+03   0.000E+00   4.012E+04   5.906E-07   1.128E+02  6.00302E-03   0.000E+00   0.000E+00   5.618E+01   1.135E-04   0.000E+00   4   2.916E+02  1   0.000E+00   0.000E+00   0.000E+00
     86  2.23688410716E+04   1.956E+03   1.956E+03   0.000E+00   4.727E+04   6.794E-07   1.151E+02  6.00302E-03   0.000E+00   0.000E+00   5.636E+01   1.198E-04   0.000E+00   5   2.243E+02  1   0.000E+00   0.000E+00   0.000E+00
     87  2.25444167375E+04   2.002E+03   2.002E+03   0.000E+00   5.504E+04   7.720E-07   1.177E+02  6.00302E-03   0.000E+00   0.000E+00   5.649E+01   1.266E-04   0.000E+00   4   1.756E+02  1   0.000E+00   0.000E+00   0.000E+00
     88  2.26848772703E+04   2.053E+03   2.053E+03   0.000E+00   6.420E+04   8.772E-07   1.206E+02  6.00302E-03   0.000E+00   0.000E+00   5.659E+01   1.335E-04   0.000E+00   5   1.405E+02  1   0.000E+00   0.000E+00   0.000E+00
     89  2.27972456965E+04   2.112E+03   2.112E+03   0.000E+00   7.566E+04   1.004E-06   1.236E+02  6.00302E-03   0.000E+00   0.000E+00   5.662E+01   1.407E-04   0.000E+00   5   1.124E+02  1   0.000E+00   0.000E+00   0.000E+00
     90  2.28841091747E+04   2.194E+03   2.194E+03   0.000E+00   9.324E+04   1.189E-06   1.268E+02  6.00302E-03   0.000E+00   0.000E+00   5.663E+01   1.483E-04   0.000E+00   7   8.686E+01  1   0.000E+00   0.000E+00   0.000E+00
     91  2.29403636264E+04   1.604E+05   1.604E+05   0.000E+00   4.000E+13   2.037E+00   3.407E-01  6.00302E-03   0.000E+00   0.000E+00   9.191E+02   7.424E-05   0.000E+00   8   5.625E+01  1   0.000E+00   0.000E+00   0.000E+00
