      1  1.00000000000E+01   6.377E+02   6.377E+02   0.000E+00   6.242E+01   2.756E-09   3.649E+02  7.00352E-03   0.000E+00   0.000E+00   4.229E+01   3.817E-04   0.000E+00  73   1.000E+01  1   0.000E+00   0.000E+00   0.000E+00
      2  1.40693171531E+01   6.383E+02   6.383E+02   0.000E+00   6.271E+01   2.766E-09   3.603E+02  7.00352E-03   0.000E+00   0.000E+00   4.109E+01   3.317E-04   0.000E+00  31   4.069E+00  1   0.000E+00   0.000E+00   0.000E+00
      3  1.73247708755E+01   6.386E+02   6.386E+02   0.000E+00   6.285E+01   2.772E-09   3.574E+02  7.00352E-03   0.000E+00   0.000E+00   4.036E+01   3.036E-04   0.000E+00   4   3.255E+00  1   0.000E+00   0.000E+00   0.000E+00
      4  2.09057699702E+01   6.393E+02   6.393E+02   0.000E+00   6.314E+01   2.782E-09   3.546E+02  7.00352E-03   0.000E+00   0.000E+00   3.971E+01   2.801E-04   0.000E+00   3   3.581E+00  1   0.000E+00   0.000E+00   0.000E+00
      5  2.48448689744E+01   6.401E+02   6.401E+02   0.000E+00   6.349E+01   2.793E-09   3.520E+02  7.00352E-03   0.000E+00   0.000E+00   3.912E+01   2.601E-04   0.000E+00   2   3.939E+00  1   0.000E+00   0.000E+00   0.000E+00
      6  3.11474273811E+01   6.410E+02   6.410E+02   0.000E+00   6.387E+01   2.805E-09   3.489E+02  7.00352E-03   0.000E+00   0.000E+00   3.840E+01   2.372E-04   0.000E+00   3   6.303E+00  1   0.000E+00   0.000E+00   0.000E+00
      7  3.80802416284E+01   6.417E+02   6.417E+02   0.000E+00   6.422E+01   2.818E-09   3.463E+02  7.00352E-03   0.000E+00   0.000E+00   3.778E+01   2.189E-04   0.000E+00   3   6.933E+00  1   0.000E+00   0.000E+00   0.000E+00
      8  4.57063373005E+01   6.425E+02   6.425E+02   0.000E+00   6.460E+01   2.831E-09   3.440E+02  7.00352E-03   0.000E+00   0.000E+00   3.724E+01   2.041E-04   0.000E+00   2   7.626E+00  1   0.000E+00   0.000E+00   0.000E+00
      9  5.79080903758E+01   6.438E+02   6.438E+02   0.000E+00   6.519E+01   2.851E-09   3.414E+02  7.00352E-03   0.000E+00   0.000E+00   3.664E+01   1.883E-04   0.000E+00   2   1.220E+01  1   0.000E+00   0.000E+00   0.000E+00
     10  7.13300187587E+01   6.451E+02   6.451E+02   0.000E+00   6.584E+01   2.873E-09   3.394E+02  7.00352E-03   0.000E+00   0.000E+00   3.619E+01   1.771E-04   0.000E+00   3   1.342E+01  1   0.000E+00   0.000E+00   0.000E+00
     11  8.60941399798E+01   6.464E+02   6.464E+02   0.000E+00   6.649E+01   2.896E-09   3.379E+02  7.00352E-03   0.000E+00   0.000E+00   3.587E+01   1.694E-04   0.000E+00   2   1.476E+01  1   0.000E+00   0.000E+00   0.000E+00
     12  1.09716733934E+02   6.484E+02   6.484E+02   0.000E+00   6.748E+01   2.930E-09   3.364E+02  7.00352E-03   0.000E+00   0.000E+00   3.562E+01   1.632E-04   0.000E+00   2   2.362E+01  1   0.000E+00   0.000E+00   0.000E+00
     13  1.35701587283E+02   6.509E+02   6.509E+02   0.000E+00   6.866E+01   2.970E-09   3.352E+02  7.00352E-03   0.000E+00   0.000E+00   3.551E+01   1.601E-04   0.000E+00   2   2.598E+01  1   0.000E+00   0.000E+00   0.000E+00
     14  1.77277352642E+02   6.547E+02   6.547E+02   0.000E+00   7.054E+01   3.033E-09   3.340E+02  7.00352E-03   0.000E+00   0.000E+00   3.553E+01   1.592E-04   0.000E+00   2   4.158E+01  1   0.000E+00   0.000E+00   0.000E+00
     15  2.23010694536E+02   6.588E+02   6.588E+02   0.000E+00   7.257E+01   3.101E-09   3.328E+02  7.00352E-03   0.000E+00   0.000E+00   3.562E+01   1.598E-04   0.000E+00   2   4.573E+01  1   0.000E+00   0.000E+00   0.000E+00
     16  2.73317370620E+02   6.633E+02   6.633E+02   0.000E+00   7.483E+01   3.177E-09   3.315E+02  7.00352E-03   0.000E+00   0.000E+00   3.572E+01   1.603E-04   0.000E+00   2   5.031E+01  1   0.000E+00   0.000E+00   0.000E+00
     17  3.28654714313E+02   6.686E+02   6.686E+02   0.000E+00   7.750E+01   3.264E-09   3.300E+02  7.00352E-03   0.000E+00   0.000E+00   3.583E+01   1.608E-04   0.000E+00   2   5.534E+01  1   0.000E+00   0.000E+00   0.000E+00
     18  3.89525792374E+02   6.747E+02   6.747E+02   0.000E+00   8.058E+01   3.363E-09   3.285E+02  7.00352E-03   0.000E+00   0.000E+00   3.602E+01   1.627E-04   0.000E+00   2   6.087E+01  1   0.000E+00   0.000E+00   0.000E+00
     19  4.56483978242E+02   6.811E+02   6.811E+02   0.000E+00   8.395E+01   3.470E-09   3.268E+02  7.00352E-03   0.000E+00   0.000E+00   3.621E+01   1.646E-04   0.000E+00   2   6.696E+01  1   0.000E+00   0.000E+00   0.000E+00
     20  5.30137982697E+02   6.882E+02   6.882E+02   0.000E+00   8.775E+01   3.590E-09   3.247E+02  7.00352E-03   0.000E+00   0.000E+00   3.639E+01   1.658E-04   0.000E+00   2   7.365E+01  1   0.000E+00   0.000E+00   0.000E+00
     21  6.11157387597E+02   6.961E+02   6.961E+02   0.000E+00   9.213E+01   3.726E-09   3.224E+02  7.00352E-03   0.000E+00   0.000E+00   3.658E+01   1.668E-04   0.000E+00   2   8.102E+01  1   0.000E+00   0.000E+00   0.000E+00
     22  7.00278732987E+02   7.047E+02   7.047E+02   0.000E+00   9.702E+01   3.877E-09   3.199E+02  7.00352E-03   0.000E+00   0.000E+00   3.674E+01   1.670E-04   0.000E+00   3   8.912E+01  1   0.000E+00   0.000E+00   0.000E+00
     23  7.98312212916E+02   7.144E+02   7.144E+02   0.000E+00   1.027E+02   4.048E-09   3.172E+02  7.00352E-03   0.000E+00   0.000E+00   3.701E+01   1.692E-04   0.000E+00   2   9.803E+01  1   0.000E+00   0.000E+00   0.000E+00
     24  9.06149040838E+02   7.251E+02   7.251E+02   0.000E+00   1.092E+02   4.241E-09   3.141E+02  7.00352E-03   0.000E+00   0.000E+00   3.726E+01   1.705E-04   0.000E+00   2   1.078E+02  1   0.000E+00   0.000E+00   0.000E+00
     25  1.02476955155E+03   7.367E+02   7.367E+02   0.000E+00   1.166E+02   4.457E-09   3.106E+02  7.00352E-03   0.000E+00   0.000E+00   3.746E+01   1.702E-04   0.000E+00   2   1.186E+02  1   0.000E+00   0.000E+00   0.000E+00
     26  1.15525211334E+03   7.493E+02   7.493E+02   0.000E+00   1.251E+02   4.701E-09   3.071E+02  7.00352E-03   0.000E+00   0.000E+00   3.776E+01   1.718E-04   0.000E+00   3   1.305E+02  1   0.000E+00   0.000E+00   0.000E+00
     27  1.29878293130E+03   7.631E+02   7.631E+02   0.000E+00   1.349E+02   4.978E-09   3.030E+02  7.00352E-03   0.000E+00   0.000E+00   3.802E+01   1.719E-04   0.000E+00   2   1.435E+02  1   0.000E+00   0.000E+00   0.000E+00
     28  1.45666683106E+03   7.781E+02   7.781E+02   0.000E+00   1.464E+02   5.296E-09   2.988E+02  7.00352E-03   0.000E+00   0.000E+00   3.832E+01   1.725E-04   0.000E+00   3   1.579E+02  1   0.000E+00   0.000E+00   0.000E+00
     29  1.62539044433E+03   7.937E+02   7.937E+02   0.000E+00   1.592E+02   5.647E-09   2.942E+02  7.00352E-03   0.000E+00   0.000E+00   3.857E+01   1.717E-04   0.000E+00   3   1.687E+02  1   0.000E+00   0.000E+00   0.000E+00
     30  1.80034346286E+03   8.099E+02   8.099E+02   0.000E+00   1.735E+02   6.031E-09   2.898E+02  7.00352E-03   0.000E+00   0.000E+00   3.896E+01   1.735E-04   0.000E+00   3   1.750E+02  1   0.000E+00   0.000E+00   0.000E+00
     31  1.98099755607E+03   8.265E+02   8.265E+02   0.000E+00   1.892E+02   6.445E-09   2.852E+02  7.00352E-03   0.000E+00   0.000E+00   3.921E+01   1.723E-04   0.000E+00   2   1.807E+02  1   0.000E+00   0.000E+00   0.000E+00
     32  2.16257433036E+03   8.432E+02   8.432E+02   0.000E+00   2.061E+02   6.882E-09   2.808E+02  7.00352E-03   0.000E+00   0.000E+00   3.955E+01   1.730E-04   0.000E+00   3   1.816E+02  1   0.000E+00   0.000E+00   0.000E+00
     33  2.35114760882E+03   8.606E+02   8.606E+02   0.000E+00   2.249E+02   7.357E-09   2.763E+02  7.00352E-03   0.000E+00   0.000E+00   3.991E+01   1.737E-04   0.000E+00   2   1.886E+02  1   0.000E+00   0.000E+00   0.000E+00
     34  2.54090849613E+03   8.784E+02   8.784E+02   0.000E+00   2.452E+02   7.860E-09   2.719E+02  7.00352E-03   0.000E+00   0.000E+00   4.023E+01   1.735E-04   0.000E+00   2   1.898E+02  1   0.000E+00   0.000E+00   0.000E+00
     35  2.73132253840E+03   8.963E+02   8.963E+02   0.000E+00   2.670E+02   8.386E-09   2.676E+02  7.00352E-03   0.000E+00   0.000E+00   4.053E+01   1.732E-04   0.000E+00   3   1.904E+02  1   0.000E+00   0.000E+00   0.000E+00
     36  2.92605628077E+03   9.149E+02   9.149E+02   0.000E+00   2.908E+02   8.949E-09   2.634E+02  7.00352E-03   0.000E+00   0.000E+00   4.087E+01   1.735E-04   0.000E+00   2   1.947E+02  1   0.000E+00   0.000E+00   0.000E+00
     37  3.12374281041E+03   9.338E+02   9.338E+02   0.000E+00   3.167E+02   9.549E-09   2.592E+02  7.00352E-03   0.000E+00   0.000E+00   4.127E+01   1.746E-04   0.000E+00   2   1.977E+02  1   0.000E+00   0.000E+00   0.000E+00
     38  3.32383946051E+03   9.530E+02   9.530E+02   0.000E+00   3.447E+02   1.018E-08   2.551E+02  7.00352E-03   0.000E+00   0.000E+00   4.157E+01   1.742E-04   0.000E+00   2   2.001E+02  1   0.000E+00   0.000E+00   0.000E+00
     39  3.52621859686E+03   9.726E+02   9.726E+02   0.000E+00   3.748E+02   1.085E-08   2.511E+02  7.00352E-03   0.000E+00   0.000E+00   4.189E+01   1.740E-04   0.000E+00   2   2.024E+02  1   0.000E+00   0.000E+00   0.000E+00
     40  3.73279466946E+03   9.927E+02   9.927E+02   0.000E+00   4.077E+02   1.156E-08   2.471E+02  7.00352E-03   0.000E+00   0.000E+00   4.233E+01   1.756E-04   0.000E+00   2   2.066E+02  1   0.000E+00   0.000E+00   0.000E+00
     41  3.94416304407E+03   1.013E+03   1.013E+03   0.000E+00   4.434E+02   1.232E-08   2.430E+02  7.00352E-03   0.000E+00   0.000E+00   4.263E+01   1.748E-04   0.000E+00   2   2.114E+02  1   0.000E+00   0.000E+00   0.000E+00
     42  4.11325774376E+03   1.030E+03   1.030E+03   0.000E+00   4.751E+02   1.298E-08   2.398E+02  7.00352E-03   0.000E+00   0.000E+00   4.298E+01   1.758E-04   0.000E+00   2   1.691E+02  1   0.000E+00   0.000E+00   0.000E+00
     43  4.29926191342E+03   1.049E+03   1.049E+03   0.000E+00   5.118E+02   1.374E-08   2.363E+02  7.00352E-03   0.000E+00   0.000E+00   4.330E+01   1.759E-04   0.000E+00   3   1.860E+02  1   0.000E+00   0.000E+00   0.000E+00
     44  4.50386650004E+03   1.070E+03   1.070E+03   0.000E+00   5.546E+02   1.459E-08   2.325E+02  7.00352E-03   0.000E+00   0.000E+00   4.363E+01   1.756E-04   0.000E+00   2   2.046E+02  1   0.000E+00   0.000E+00   0.000E+00
     45  4.71828128404E+03   1.092E+03   1.092E+03   0.000E+00   6.014E+02   1.551E-08   2.287E+02  7.00352E-03   0.000E+00   0.000E+00   4.405E+01   1.766E-04   0.000E+00   3   2.144E+02  1   0.000E+00   0.000E+00   0.000E+00
     46  4.94243257312E+03   1.114E+03   1.114E+03   0.000E+00   6.536E+02   1.651E-08   2.248E+02  7.00352E-03   0.000E+00   0.000E+00   4.446E+01   1.768E-04   0.000E+00   2   2.242E+02  1   0.000E+00   0.000E+00   0.000E+00
     47  5.12175360438E+03   1.133E+03   1.133E+03   0.000E+00   6.993E+02   1.738E-08   2.216E+02  7.00352E-03   0.000E+00   0.000E+00   4.474E+01   1.762E-04   0.000E+00   3   1.793E+02  1   0.000E+00   0.000E+00   0.000E+00
     48  5.31900673877E+03   1.154E+03   1.154E+03   0.000E+00   7.523E+02   1.836E-08   2.183E+02  7.00352E-03   0.000E+00   0.000E+00   4.505E+01   1.758E-04   0.000E+00   3   1.973E+02  1   0.000E+00   0.000E+00   0.000E+00
     49  5.53598518660E+03   1.177E+03   1.177E+03   0.000E+00   8.141E+02   1.947E-08   2.146E+02  7.00352E-03   0.000E+00   0.000E+00   4.548E+01   1.766E-04   0.000E+00   2   2.170E+02  1   0.000E+00   0.000E+00   0.000E+00
     50  5.76216528255E+03   1.201E+03   1.201E+03   0.000E+00   8.810E+02   2.066E-08   2.109E+02  7.00352E-03   0.000E+00   0.000E+00   4.585E+01   1.762E-04   0.000E+00   3   2.262E+02  1   0.000E+00   0.000E+00   0.000E+00
     51  5.99659862783E+03   1.225E+03   1.225E+03   0.000E+00   9.551E+02   2.194E-08   2.072E+02  7.00352E-03   0.000E+00   0.000E+00   4.620E+01   1.753E-04   0.000E+00   2   2.344E+02  1   0.000E+00   0.000E+00   0.000E+00
     52  6.23742783371E+03   1.250E+03   1.250E+03   0.000E+00   1.035E+03   2.331E-08   2.035E+02  7.00352E-03   0.000E+00   0.000E+00   4.662E+01   1.754E-04   0.000E+00   3   2.408E+02  1   0.000E+00   0.000E+00   0.000E+00
     53  6.48782250280E+03   1.276E+03   1.276E+03   0.000E+00   1.124E+03   2.480E-08   1.997E+02  7.00352E-03   0.000E+00   0.000E+00   4.701E+01   1.746E-04   0.000E+00   2   2.504E+02  1   0.000E+00   0.000E+00   0.000E+00
     54  6.73918527723E+03   1.303E+03   1.303E+03   0.000E+00   1.220E+03   2.637E-08   1.960E+02  7.00352E-03   0.000E+00   0.000E+00   4.743E+01   1.742E-04   0.000E+00   3   2.514E+02  1   0.000E+00   0.000E+00   0.000E+00
     55  6.99731206152E+03   1.329E+03   1.329E+03   0.000E+00   1.325E+03   2.807E-08   1.923E+02  7.00352E-03   0.000E+00   0.000E+00   4.779E+01   1.730E-04   0.000E+00   3   2.581E+02  1   0.000E+00   0.000E+00   0.000E+00
     56  7.25964840936E+03   1.356E+03   1.356E+03   0.000E+00   1.439E+03   2.988E-08   1.886E+02  7.00352E-03   0.000E+00   0.000E+00   4.822E+01   1.724E-04   0.000E+00   3   2.623E+02  1   0.000E+00   0.000E+00   0.000E+00
     57  7.52765810412E+03   1.384E+03   1.384E+03   0.000E+00   1.564E+03   3.182E-08   1.850E+02  7.00352E-03   0.000E+00   0.000E+00   4.863E+01   1.714E-04   0.000E+00   3   2.680E+02  1   0.000E+00   0.000E+00   0.000E+00
     58  7.80078308137E+03   1.411E+03   1.411E+03   0.000E+00   1.700E+03   3.391E-08   1.813E+02  7.00352E-03   0.000E+00   0.000E+00   4.903E+01   1.702E-04   0.000E+00   3   2.731E+02  1   0.000E+00   0.000E+00   0.000E+00
     59  8.07990653650E+03   1.440E+03   1.440E+03   0.000E+00   1.848E+03   3.614E-08   1.778E+02  7.00352E-03   0.000E+00   0.000E+00   4.941E+01   1.689E-04   0.000E+00   3   2.791E+02  1   0.000E+00   0.000E+00   0.000E+00
     60  8.36382321052E+03   1.468E+03   1.468E+03   0.000E+00   2.010E+03   3.855E-08   1.742E+02  7.00352E-03   0.000E+00   0.000E+00   4.983E+01   1.678E-04   0.000E+00   3   2.839E+02  1   0.000E+00   0.000E+00   0.000E+00
     61  8.65333175455E+03   1.496E+03   1.496E+03   0.000E+00   2.187E+03   4.117E-08   1.707E+02  7.00352E-03   0.000E+00   0.000E+00   5.024E+01   1.664E-04   0.000E+00   3   2.895E+02  1   0.000E+00   0.000E+00   0.000E+00
     62  8.95180189544E+03   1.523E+03   1.523E+03   0.000E+00   2.381E+03   4.403E-08   1.673E+02  7.00352E-03   0.000E+00   0.000E+00   5.065E+01   1.650E-04   0.000E+00   3   2.985E+02  1   0.000E+00   0.000E+00   0.000E+00
     63  9.25991253460E+03   1.549E+03   1.549E+03   0.000E+00   2.597E+03   4.723E-08   1.638E+02  7.00352E-03   0.000E+00   0.000E+00   5.107E+01   1.636E-04   0.000E+00   3   3.081E+02  1   0.000E+00   0.000E+00   0.000E+00
     64  9.57462190144E+03   1.572E+03   1.572E+03   0.000E+00   2.834E+03   5.078E-08   1.605E+02  7.00352E-03   0.000E+00   0.000E+00   5.147E+01   1.619E-04   0.000E+00   3   3.147E+02  1   0.000E+00   0.000E+00   0.000E+00
     65  9.89684085793E+03   1.594E+03   1.594E+03   0.000E+00   3.100E+03   5.476E-08   1.572E+02  7.00352E-03   0.000E+00   0.000E+00   5.187E+01   1.602E-04   0.000E+00   3   3.222E+02  1   0.000E+00   0.000E+00   0.000E+00
     66  1.02281408650E+04   1.616E+03   1.616E+03   0.000E+00   3.402E+03   5.926E-08   1.539E+02  7.00352E-03   0.000E+00   0.000E+00   5.229E+01   1.586E-04   0.000E+00   3   3.313E+02  1   0.000E+00   0.000E+00   0.000E+00
     67  1.05692161608E+04   1.637E+03   1.637E+03   0.000E+00   3.747E+03   6.443E-08   1.506E+02  7.00352E-03   0.000E+00   0.000E+00   5.273E+01   1.571E-04   0.000E+00   3   3.411E+02  1   0.000E+00   0.000E+00   0.000E+00
     68  1.09198248955E+04   1.657E+03   1.657E+03   0.000E+00   4.144E+03   7.038E-08   1.474E+02  7.00352E-03   0.000E+00   0.000E+00   5.316E+01   1.554E-04   0.000E+00   3   3.506E+02  1   0.000E+00   0.000E+00   0.000E+00
     69  1.12805097504E+04   1.676E+03   1.676E+03   0.000E+00   4.606E+03   7.732E-08   1.443E+02  7.00352E-03   0.000E+00   0.000E+00   5.359E+01   1.538E-04   0.000E+00   3   3.607E+02  1   0.000E+00   0.000E+00   0.000E+00
     70  1.16509440957E+04   1.694E+03   1.694E+03   0.000E+00   5.149E+03   8.551E-08   1.412E+02  7.00352E-03   0.000E+00   0.000E+00   5.403E+01   1.523E-04   0.000E+00   3   3.704E+02  1   0.000E+00   0.000E+00   0.000E+00
     71  1.20290685056E+04   1.711E+03   1.711E+03   0.000E+00   5.793E+03   9.522E-08   1.383E+02  7.00352E-03   0.000E+00   0.000E+00   5.446E+01   1.508E-04   0.000E+00   3   3.781E+02  1   0.000E+00   0.000E+00   0.000E+00
     72  1.24145531212E+04   1.728E+03   1.728E+03   0.000E+00   6.568E+03   1.069E-07   1.356E+02  7.00352E-03   0.000E+00   0.000E+00   5.492E+01   1.498E-04   0.000E+00   3   3.855E+02  1   0.000E+00   0.000E+00   0.000E+00
     73  1.28112995196E+04   1.742E+03   1.742E+03   0.000E+00   7.519E+03   1.214E-07   1.330E+02  7.00352E-03   0.000E+00   0.000E+00   5.537E+01   1.490E-04   0.000E+00   3   3.967E+02  1   0.000E+00   0.000E+00   0.000E+00
     74  1.32228690198E+04   1.756E+03   1.756E+03   0.000E+00   8.724E+03   1.398E-07   1.307E+02  7.00352E-03   0.000E+00   0.000E+00   5.583E+01   1.488E-04   0.000E+00   3   4.116E+02  1   0.000E+00   0.000E+00   0.000E+00
     75  1.36513558649E+04   1.769E+03   1.769E+03   0.000E+00   1.030E+04   1.639E-07   1.289E+02  7.00352E-03   0.000E+00   0.000E+00   5.629E+01   1.493E-04   0.000E+00   3   4.285E+02  1   0.000E+00   0.000E+00   0.000E+00
     76  1.41010335644E+04   1.783E+03   1.783E+03   0.000E+00   1.245E+04   1.965E-07   1.277E+02  7.00352E-03   0.000E+00   0.000E+00   5.673E+01   1.513E-04   0.000E+00   3   4.497E+02  1   0.000E+00   0.000E+00   0.000E+00
     77  1.45789180427E+04   1.799E+03   1.799E+03   0.000E+00   1.554E+04   2.429E-07   1.275E+02  7.00352E-03   0.000E+00   0.000E+00   5.722E+01   1.563E-04   0.000E+00   3   4.779E+02  1   0.000E+00   0.000E+00   0.000E+00
     78  1.49612256254E+04   1.821E+03   1.821E+03   0.000E+00   1.915E+04   2.962E-07   1.286E+02  7.00352E-03   0.000E+00   0.000E+00   5.765E+01   1.636E-04   0.000E+00   4   3.823E+02  1   0.000E+00   0.000E+00   0.000E+00
     79  1.52670716915E+04   1.855E+03   1.855E+03   0.000E+00   2.358E+04   3.581E-07   1.305E+02  7.00352E-03   0.000E+00   0.000E+00   5.801E+01   1.730E-04   0.000E+00   5   3.058E+02  1   0.000E+00   0.000E+00   0.000E+00
     80  1.54828506233E+04   1.894E+03   1.894E+03   0.000E+00   2.827E+04   4.201E-07   1.330E+02  7.00352E-03   0.000E+00   0.000E+00   5.826E+01   1.825E-04   0.000E+00   6   2.158E+02  1   0.000E+00   0.000E+00   0.000E+00
     81  1.56272604737E+04   1.934E+03   1.934E+03   0.000E+00   3.288E+04   4.782E-07   1.353E+02  7.00352E-03   0.000E+00   0.000E+00   5.844E+01   1.914E-04   0.000E+00   6   1.444E+02  1   0.000E+00   0.000E+00   0.000E+00
     82  1.57330278591E+04   1.976E+03   1.976E+03   0.000E+00   3.774E+04   5.365E-07   1.377E+02  7.00352E-03   0.000E+00   0.000E+00   5.856E+01   1.997E-04   0.000E+00   6   1.058E+02  1   0.000E+00   0.000E+00   0.000E+00
     83  1.58162727392E+04   2.020E+03   2.020E+03   0.000E+00   4.318E+04   5.997E-07   1.401E+02  7.00352E-03   0.000E+00   0.000E+00   5.863E+01   2.080E-04   0.000E+00   6   8.324E+01  1   0.000E+00   0.000E+00   0.000E+00
     84  1.58828686433E+04   2.071E+03   2.071E+03   0.000E+00   4.993E+04   6.757E-07   1.427E+02  7.00352E-03   0.000E+00   0.000E+00   5.867E+01   2.162E-04   0.000E+00   6   6.660E+01  1   0.000E+00   0.000E+00   0.000E+00
     85  1.59351588921E+04   2.143E+03   2.143E+03   0.000E+00   6.038E+04   7.889E-07   1.452E+02  7.00352E-03   0.000E+00   0.000E+00   5.868E+01   2.241E-04   0.000E+00   7   5.229E+01  1   0.000E+00   0.000E+00   0.000E+00
     86  1.59690602385E+04   1.793E+05   1.793E+05   0.000E+00   4.783E+13   2.165E+00   3.444E-01  7.00352E-03   0.000E+00   0.000E+00   2.562E+03   4.576E-03   0.000E+00  10   3.390E+01  1   0.000E+00   0.000E+00   0.000E+00
