      1  1.00000000000E+01   6.362E+02   6.362E+02   0.000E+00   6.191E+01   2.740E-09   3.752E+02  7.00352E-03   0.000E+00   0.000E+00   3.733E+01   2.449E-04   0.000E+00  69   1.000E+01  1   0.000E+00   0.000E+00   0.000E+00
      2  1.31636015729E+01   6.364E+02   6.364E+02   0.000E+00   6.203E+01   2.744E-09   3.719E+02  7.00352E-03   0.000E+00   0.000E+00   3.647E+01   2.192E-04   0.000E+00  24   3.164E+00  1   0.000E+00   0.000E+00   0.000E+00
      3  1.56944828312E+01   6.366E+02   6.366E+02   0.000E+00   6.212E+01   2.748E-09   3.696E+02  7.00352E-03   0.000E+00   0.000E+00   3.595E+01   2.046E-04   0.000E+00   4   2.531E+00  1   0.000E+00   0.000E+00   0.000E+00
      4  1.84784522154E+01   6.371E+02   6.371E+02   0.000E+00   6.230E+01   2.754E-09   3.674E+02  7.00352E-03   0.000E+00   0.000E+00   3.551E+01   1.923E-04   0.000E+00   3   2.784E+00  1   0.000E+00   0.000E+00   0.000E+00
      5  2.15408185380E+01   6.375E+02   6.375E+02   0.000E+00   6.250E+01   2.760E-09   3.653E+02  7.00352E-03   0.000E+00   0.000E+00   3.510E+01   1.814E-04   0.000E+00   2   3.062E+00  1   0.000E+00   0.000E+00   0.000E+00
      6  2.64406046541E+01   6.380E+02   6.380E+02   0.000E+00   6.270E+01   2.767E-09   3.627E+02  7.00352E-03   0.000E+00   0.000E+00   3.456E+01   1.682E-04   0.000E+00   2   4.900E+00  1   0.000E+00   0.000E+00   0.000E+00
      7  3.42802624399E+01   6.384E+02   6.384E+02   0.000E+00   6.292E+01   2.774E-09   3.595E+02  7.00352E-03   0.000E+00   0.000E+00   3.390E+01   1.530E-04   0.000E+00   2   7.840E+00  1   0.000E+00   0.000E+00   0.000E+00
      8  4.68237148972E+01   6.390E+02   6.390E+02   0.000E+00   6.323E+01   2.786E-09   3.557E+02  7.00352E-03   0.000E+00   0.000E+00   3.315E+01   1.369E-04   0.000E+00   2   1.254E+01  1   0.000E+00   0.000E+00   0.000E+00
      9  6.06215126002E+01   6.398E+02   6.398E+02   0.000E+00   6.360E+01   2.799E-09   3.526E+02  7.00352E-03   0.000E+00   0.000E+00   3.255E+01   1.250E-04   0.000E+00   2   1.380E+01  1   0.000E+00   0.000E+00   0.000E+00
     10  8.26979889250E+01   6.411E+02   6.411E+02   0.000E+00   6.424E+01   2.821E-09   3.492E+02  7.00352E-03   0.000E+00   0.000E+00   3.193E+01   1.135E-04   0.000E+00   3   2.208E+01  1   0.000E+00   0.000E+00   0.000E+00
     11  1.06982112882E+02   6.425E+02   6.425E+02   0.000E+00   6.490E+01   2.844E-09   3.467E+02  7.00352E-03   0.000E+00   0.000E+00   3.150E+01   1.060E-04   0.000E+00   3   2.428E+01  1   0.000E+00   0.000E+00   0.000E+00
     12  1.33694649235E+02   6.439E+02   6.439E+02   0.000E+00   6.556E+01   2.867E-09   3.449E+02  7.00352E-03   0.000E+00   0.000E+00   3.122E+01   1.013E-04   0.000E+00   2   2.671E+01  1   0.000E+00   0.000E+00   0.000E+00
     13  1.76434707400E+02   6.461E+02   6.461E+02   0.000E+00   6.661E+01   2.903E-09   3.431E+02  7.00352E-03   0.000E+00   0.000E+00   3.103E+01   9.783E-05   0.000E+00   2   4.274E+01  1   0.000E+00   0.000E+00   0.000E+00
     14  2.23448771381E+02   6.487E+02   6.487E+02   0.000E+00   6.785E+01   2.945E-09   3.416E+02  7.00352E-03   0.000E+00   0.000E+00   3.097E+01   9.619E-05   0.000E+00   2   4.701E+01  1   0.000E+00   0.000E+00   0.000E+00
     15  2.75164241761E+02   6.517E+02   6.517E+02   0.000E+00   6.923E+01   2.991E-09   3.402E+02  7.00352E-03   0.000E+00   0.000E+00   3.097E+01   9.544E-05   0.000E+00   2   5.172E+01  1   0.000E+00   0.000E+00   0.000E+00
     16  3.32051259178E+02   6.550E+02   6.550E+02   0.000E+00   7.076E+01   3.042E-09   3.387E+02  7.00352E-03   0.000E+00   0.000E+00   3.100E+01   9.496E-05   0.000E+00   2   5.689E+01  1   0.000E+00   0.000E+00   0.000E+00
     17  3.94626978337E+02   6.585E+02   6.585E+02   0.000E+00   7.241E+01   3.096E-09   3.372E+02  7.00352E-03   0.000E+00   0.000E+00   3.103E+01   9.447E-05   0.000E+00   2   6.258E+01  1   0.000E+00   0.000E+00   0.000E+00
     18  4.63460269412E+02   6.623E+02   6.623E+02   0.000E+00   7.423E+01   3.156E-09   3.355E+02  7.00352E-03   0.000E+00   0.000E+00   3.105E+01   9.380E-05   0.000E+00   2   6.883E+01  1   0.000E+00   0.000E+00   0.000E+00
     19  5.39176889595E+02   6.665E+02   6.665E+02   0.000E+00   7.627E+01   3.222E-09   3.338E+02  7.00352E-03   0.000E+00   0.000E+00   3.110E+01   9.336E-05   0.000E+00   2   7.572E+01  1   0.000E+00   0.000E+00   0.000E+00
     20  6.22465171796E+02   6.711E+02   6.711E+02   0.000E+00   7.851E+01   3.294E-09   3.322E+02  7.00352E-03   0.000E+00   0.000E+00   3.120E+01   9.372E-05   0.000E+00   2   8.329E+01  1   0.000E+00   0.000E+00   0.000E+00
     21  7.14082282217E+02   6.760E+02   6.760E+02   0.000E+00   8.098E+01   3.373E-09   3.304E+02  7.00352E-03   0.000E+00   0.000E+00   3.132E+01   9.417E-05   0.000E+00   2   9.162E+01  1   0.000E+00   0.000E+00   0.000E+00
     22  8.14861103680E+02   6.817E+02   6.817E+02   0.000E+00   8.386E+01   3.464E-09   3.282E+02  7.00352E-03   0.000E+00   0.000E+00   3.142E+01   9.410E-05   0.000E+00   2   1.008E+02  1   0.000E+00   0.000E+00   0.000E+00
     23  9.25717807289E+02   6.881E+02   6.881E+02   0.000E+00   8.717E+01   3.567E-09   3.257E+02  7.00352E-03   0.000E+00   0.000E+00   3.149E+01   9.348E-05   0.000E+00   2   1.109E+02  1   0.000E+00   0.000E+00   0.000E+00
     24  1.04766018126E+03   6.951E+02   6.951E+02   0.000E+00   9.088E+01   3.681E-09   3.231E+02  7.00352E-03   0.000E+00   0.000E+00   3.159E+01   9.320E-05   0.000E+00   3   1.219E+02  1   0.000E+00   0.000E+00   0.000E+00
     25  1.18179679263E+03   7.023E+02   7.023E+02   0.000E+00   9.486E+01   3.803E-09   3.204E+02  7.00352E-03   0.000E+00   0.000E+00   3.168E+01   9.267E-05   0.000E+00   3   1.341E+02  1   0.000E+00   0.000E+00   0.000E+00
     26  1.32934706513E+03   7.103E+02   7.103E+02   0.000E+00   9.938E+01   3.940E-09   3.176E+02  7.00352E-03   0.000E+00   0.000E+00   3.182E+01   9.264E-05   0.000E+00   3   1.476E+02  1   0.000E+00   0.000E+00   0.000E+00
     27  1.49165236488E+03   7.193E+02   7.193E+02   0.000E+00   1.046E+02   4.095E-09   3.145E+02  7.00352E-03   0.000E+00   0.000E+00   3.196E+01   9.242E-05   0.000E+00   2   1.623E+02  1   0.000E+00   0.000E+00   0.000E+00
     28  1.67018819461E+03   7.291E+02   7.291E+02   0.000E+00   1.105E+02   4.269E-09   3.112E+02  7.00352E-03   0.000E+00   0.000E+00   3.211E+01   9.227E-05   0.000E+00   3   1.785E+02  1   0.000E+00   0.000E+00   0.000E+00
     29  1.86657760732E+03   7.396E+02   7.396E+02   0.000E+00   1.172E+02   4.460E-09   3.075E+02  7.00352E-03   0.000E+00   0.000E+00   3.222E+01   9.136E-05   0.000E+00   2   1.964E+02  1   0.000E+00   0.000E+00   0.000E+00
     30  2.08260596129E+03   7.507E+02   7.507E+02   0.000E+00   1.246E+02   4.671E-09   3.038E+02  7.00352E-03   0.000E+00   0.000E+00   3.236E+01   9.068E-05   0.000E+00   3   2.160E+02  1   0.000E+00   0.000E+00   0.000E+00
     31  2.32023715066E+03   7.630E+02   7.630E+02   0.000E+00   1.332E+02   4.914E-09   3.000E+02  7.00352E-03   0.000E+00   0.000E+00   3.259E+01   9.102E-05   0.000E+00   2   2.376E+02  1   0.000E+00   0.000E+00   0.000E+00
     32  2.58163145897E+03   7.760E+02   7.760E+02   0.000E+00   1.429E+02   5.186E-09   2.957E+02  7.00352E-03   0.000E+00   0.000E+00   3.274E+01   9.003E-05   0.000E+00   3   2.614E+02  1   0.000E+00   0.000E+00   0.000E+00
     33  2.86916519811E+03   7.902E+02   7.902E+02   0.000E+00   1.542E+02   5.494E-09   2.913E+02  7.00352E-03   0.000E+00   0.000E+00   3.290E+01   8.907E-05   0.000E+00   3   2.875E+02  1   0.000E+00   0.000E+00   0.000E+00
     34  3.18545231116E+03   8.054E+02   8.054E+02   0.000E+00   1.672E+02   5.845E-09   2.869E+02  7.00352E-03   0.000E+00   0.000E+00   3.318E+01   8.945E-05   0.000E+00   3   3.163E+02  1   0.000E+00   0.000E+00   0.000E+00
     35  3.52030610324E+03   8.213E+02   8.213E+02   0.000E+00   1.818E+02   6.230E-09   2.822E+02  7.00352E-03   0.000E+00   0.000E+00   3.337E+01   8.845E-05   0.000E+00   2   3.349E+02  1   0.000E+00   0.000E+00   0.000E+00
     36  3.85877332412E+03   8.372E+02   8.372E+02   0.000E+00   1.973E+02   6.635E-09   2.778E+02  7.00352E-03   0.000E+00   0.000E+00   3.360E+01   8.814E-05   0.000E+00   3   3.385E+02  1   0.000E+00   0.000E+00   0.000E+00
     37  4.21458668628E+03   8.536E+02   8.536E+02   0.000E+00   2.144E+02   7.073E-09   2.732E+02  7.00352E-03   0.000E+00   0.000E+00   3.374E+01   8.664E-05   0.000E+00   3   3.558E+02  1   0.000E+00   0.000E+00   0.000E+00
     38  4.57557233078E+03   8.707E+02   8.707E+02   0.000E+00   2.334E+02   7.546E-09   2.691E+02  7.00352E-03   0.000E+00   0.000E+00   3.412E+01   8.792E-05   0.000E+00   3   3.610E+02  1   0.000E+00   0.000E+00   0.000E+00
     39  4.94840460064E+03   8.884E+02   8.884E+02   0.000E+00   2.541E+02   8.053E-09   2.646E+02  7.00352E-03   0.000E+00   0.000E+00   3.435E+01   8.735E-05   0.000E+00   2   3.728E+02  1   0.000E+00   0.000E+00   0.000E+00
     40  5.24667041653E+03   9.029E+02   9.029E+02   0.000E+00   2.721E+02   8.485E-09   2.611E+02  7.00352E-03   0.000E+00   0.000E+00   3.446E+01   8.615E-05   0.000E+00   3   2.983E+02  1   0.000E+00   0.000E+00   0.000E+00
     41  5.57476281401E+03   9.190E+02   9.190E+02   0.000E+00   2.930E+02   8.976E-09   2.576E+02  7.00352E-03   0.000E+00   0.000E+00   3.475E+01   8.669E-05   0.000E+00   3   3.281E+02  1   0.000E+00   0.000E+00   0.000E+00
     42  5.93566445123E+03   9.365E+02   9.365E+02   0.000E+00   3.171E+02   9.531E-09   2.538E+02  7.00352E-03   0.000E+00   0.000E+00   3.505E+01   8.711E-05   0.000E+00   2   3.609E+02  1   0.000E+00   0.000E+00   0.000E+00
     43  6.31862222245E+03   9.550E+02   9.550E+02   0.000E+00   3.439E+02   1.014E-08   2.498E+02  7.00352E-03   0.000E+00   0.000E+00   3.525E+01   8.629E-05   0.000E+00   2   3.830E+02  1   0.000E+00   0.000E+00   0.000E+00
     44  6.70750919874E+03   9.735E+02   9.735E+02   0.000E+00   3.725E+02   1.077E-08   2.461E+02  7.00352E-03   0.000E+00   0.000E+00   3.551E+01   8.628E-05   0.000E+00   3   3.889E+02  1   0.000E+00   0.000E+00   0.000E+00
     45  7.11661857847E+03   9.931E+02   9.931E+02   0.000E+00   4.045E+02   1.147E-08   2.422E+02  7.00352E-03   0.000E+00   0.000E+00   3.575E+01   8.590E-05   0.000E+00   3   4.091E+02  1   0.000E+00   0.000E+00   0.000E+00
     46  7.52700891315E+03   1.013E+03   1.013E+03   0.000E+00   4.395E+02   1.221E-08   2.385E+02  7.00352E-03   0.000E+00   0.000E+00   3.610E+01   8.655E-05   0.000E+00   2   4.104E+02  1   0.000E+00   0.000E+00   0.000E+00
     47  7.94398951174E+03   1.034E+03   1.034E+03   0.000E+00   4.773E+02   1.300E-08   2.346E+02  7.00352E-03   0.000E+00   0.000E+00   3.641E+01   8.666E-05   0.000E+00   2   4.170E+02  1   0.000E+00   0.000E+00   0.000E+00
     48  8.36522225746E+03   1.054E+03   1.054E+03   0.000E+00   5.173E+02   1.382E-08   2.310E+02  7.00352E-03   0.000E+00   0.000E+00   3.656E+01   8.542E-05   0.000E+00   3   4.212E+02  1   0.000E+00   0.000E+00   0.000E+00
     49  8.79851607660E+03   1.075E+03   1.075E+03   0.000E+00   5.615E+02   1.470E-08   2.275E+02  7.00352E-03   0.000E+00   0.000E+00   3.692E+01   8.615E-05   0.000E+00   3   4.333E+02  1   0.000E+00   0.000E+00   0.000E+00
     50  9.24433208978E+03   1.097E+03   1.097E+03   0.000E+00   6.105E+02   1.566E-08   2.237E+02  7.00352E-03   0.000E+00   0.000E+00   3.733E+01   8.707E-05   0.000E+00   2   4.458E+02  1   0.000E+00   0.000E+00   0.000E+00
     51  9.60098490031E+03   1.116E+03   1.116E+03   0.000E+00   6.534E+02   1.649E-08   2.206E+02  7.00352E-03   0.000E+00   0.000E+00   3.752E+01   8.645E-05   0.000E+00   3   3.567E+02  1   0.000E+00   0.000E+00   0.000E+00
     52  9.99330299191E+03   1.136E+03   1.136E+03   0.000E+00   7.029E+02   1.742E-08   2.174E+02  7.00352E-03   0.000E+00   0.000E+00   3.774E+01   8.590E-05   0.000E+00   3   3.923E+02  1   0.000E+00   0.000E+00   0.000E+00
     53  1.04248528927E+04   1.158E+03   1.158E+03   0.000E+00   7.599E+02   1.847E-08   2.140E+02  7.00352E-03   0.000E+00   0.000E+00   3.808E+01   8.631E-05   0.000E+00   3   4.315E+02  1   0.000E+00   0.000E+00   0.000E+00
     54  1.08776080326E+04   1.182E+03   1.182E+03   0.000E+00   8.227E+02   1.960E-08   2.106E+02  7.00352E-03   0.000E+00   0.000E+00   3.838E+01   8.618E-05   0.000E+00   3   4.528E+02  1   0.000E+00   0.000E+00   0.000E+00
     55  1.13356204313E+04   1.205E+03   1.205E+03   0.000E+00   8.908E+02   2.081E-08   2.071E+02  7.00352E-03   0.000E+00   0.000E+00   3.867E+01   8.599E-05   0.000E+00   2   4.580E+02  1   0.000E+00   0.000E+00   0.000E+00
     56  1.18044521131E+04   1.229E+03   1.229E+03   0.000E+00   9.643E+02   2.208E-08   2.037E+02  7.00352E-03   0.000E+00   0.000E+00   3.904E+01   8.642E-05   0.000E+00   3   4.688E+02  1   0.000E+00   0.000E+00   0.000E+00
     57  1.22905204908E+04   1.254E+03   1.254E+03   0.000E+00   1.046E+03   2.347E-08   2.002E+02  7.00352E-03   0.000E+00   0.000E+00   3.935E+01   8.605E-05   0.000E+00   2   4.861E+02  1   0.000E+00   0.000E+00   0.000E+00
     58  1.27792849423E+04   1.279E+03   1.279E+03   0.000E+00   1.132E+03   2.492E-08   1.969E+02  7.00352E-03   0.000E+00   0.000E+00   3.956E+01   8.506E-05   0.000E+00   3   4.888E+02  1   0.000E+00   0.000E+00   0.000E+00
     59  1.32868760686E+04   1.305E+03   1.305E+03   0.000E+00   1.228E+03   2.650E-08   1.935E+02  7.00352E-03   0.000E+00   0.000E+00   3.996E+01   8.551E-05   0.000E+00   3   5.076E+02  1   0.000E+00   0.000E+00   0.000E+00
     60  1.38066978202E+04   1.332E+03   1.332E+03   0.000E+00   1.334E+03   2.820E-08   1.899E+02  7.00352E-03   0.000E+00   0.000E+00   4.035E+01   8.561E-05   0.000E+00   2   5.198E+02  1   0.000E+00   0.000E+00   0.000E+00
     61  1.42225552215E+04   1.354E+03   1.354E+03   0.000E+00   1.427E+03   2.967E-08   1.870E+02  7.00352E-03   0.000E+00   0.000E+00   4.062E+01   8.528E-05   0.000E+00   3   4.159E+02  1   0.000E+00   0.000E+00   0.000E+00
     62  1.46799983629E+04   1.378E+03   1.378E+03   0.000E+00   1.534E+03   3.135E-08   1.839E+02  7.00352E-03   0.000E+00   0.000E+00   4.088E+01   8.471E-05   0.000E+00   3   4.574E+02  1   0.000E+00   0.000E+00   0.000E+00
     63  1.51831858184E+04   1.404E+03   1.404E+03   0.000E+00   1.658E+03   3.326E-08   1.808E+02  7.00352E-03   0.000E+00   0.000E+00   4.114E+01   8.394E-05   0.000E+00   3   5.032E+02  1   0.000E+00   0.000E+00   0.000E+00
     64  1.57236583569E+04   1.431E+03   1.431E+03   0.000E+00   1.799E+03   3.539E-08   1.775E+02  7.00352E-03   0.000E+00   0.000E+00   4.150E+01   8.375E-05   0.000E+00   3   5.405E+02  1   0.000E+00   0.000E+00   0.000E+00
     65  1.62834230312E+04   1.459E+03   1.459E+03   0.000E+00   1.954E+03   3.771E-08   1.742E+02  7.00352E-03   0.000E+00   0.000E+00   4.185E+01   8.337E-05   0.000E+00   3   5.598E+02  1   0.000E+00   0.000E+00   0.000E+00
     66  1.68546783191E+04   1.487E+03   1.487E+03   0.000E+00   2.124E+03   4.023E-08   1.707E+02  7.00352E-03   0.000E+00   0.000E+00   4.223E+01   8.309E-05   0.000E+00   3   5.713E+02  1   0.000E+00   0.000E+00   0.000E+00
     67  1.74384073793E+04   1.514E+03   1.514E+03   0.000E+00   2.309E+03   4.296E-08   1.675E+02  7.00352E-03   0.000E+00   0.000E+00   4.247E+01   8.182E-05   0.000E+00   3   5.837E+02  1   0.000E+00   0.000E+00   0.000E+00
     68  1.80455025672E+04   1.540E+03   1.540E+03   0.000E+00   2.515E+03   4.601E-08   1.643E+02  7.00352E-03   0.000E+00   0.000E+00   4.285E+01   8.154E-05   0.000E+00   3   6.071E+02  1   0.000E+00   0.000E+00   0.000E+00
     69  1.86667418320E+04   1.564E+03   1.564E+03   0.000E+00   2.742E+03   4.940E-08   1.610E+02  7.00352E-03   0.000E+00   0.000E+00   4.322E+01   8.099E-05   0.000E+00   3   6.212E+02  1   0.000E+00   0.000E+00   0.000E+00
     70  1.92966972874E+04   1.586E+03   1.586E+03   0.000E+00   2.994E+03   5.317E-08   1.577E+02  7.00352E-03   0.000E+00   0.000E+00   4.357E+01   8.034E-05   0.000E+00   3   6.300E+02  1   0.000E+00   0.000E+00   0.000E+00
     71  1.99396257729E+04   1.608E+03   1.608E+03   0.000E+00   3.277E+03   5.739E-08   1.545E+02  7.00352E-03   0.000E+00   0.000E+00   4.391E+01   7.954E-05   0.000E+00   3   6.429E+02  1   0.000E+00   0.000E+00   0.000E+00
     72  2.06036574767E+04   1.628E+03   1.628E+03   0.000E+00   3.598E+03   6.220E-08   1.515E+02  7.00352E-03   0.000E+00   0.000E+00   4.419E+01   7.842E-05   0.000E+00   4   6.640E+02  1   0.000E+00   0.000E+00   0.000E+00
     73  2.12968608247E+04   1.649E+03   1.649E+03   0.000E+00   3.973E+03   6.782E-08   1.484E+02  7.00352E-03   0.000E+00   0.000E+00   4.456E+01   7.782E-05   0.000E+00   3   6.932E+02  1   0.000E+00   0.000E+00   0.000E+00
     74  2.20093536863E+04   1.668E+03   1.668E+03   0.000E+00   4.407E+03   7.434E-08   1.452E+02  7.00352E-03   0.000E+00   0.000E+00   4.498E+01   7.735E-05   0.000E+00   3   7.125E+02  1   0.000E+00   0.000E+00   0.000E+00
     75  2.27432515887E+04   1.686E+03   1.686E+03   0.000E+00   4.916E+03   8.200E-08   1.421E+02  7.00352E-03   0.000E+00   0.000E+00   4.536E+01   7.665E-05   0.000E+00   3   7.339E+02  1   0.000E+00   0.000E+00   0.000E+00
     76  2.34961005543E+04   1.704E+03   1.704E+03   0.000E+00   5.520E+03   9.110E-08   1.392E+02  7.00352E-03   0.000E+00   0.000E+00   4.573E+01   7.591E-05   0.000E+00   3   7.528E+02  1   0.000E+00   0.000E+00   0.000E+00
     77  2.42694421311E+04   1.721E+03   1.721E+03   0.000E+00   6.245E+03   1.021E-07   1.364E+02  7.00352E-03   0.000E+00   0.000E+00   4.608E+01   7.522E-05   0.000E+00   3   7.733E+02  1   0.000E+00   0.000E+00   0.000E+00
     78  2.50721002675E+04   1.737E+03   1.737E+03   0.000E+00   7.138E+03   1.156E-07   1.339E+02  7.00352E-03   0.000E+00   0.000E+00   4.642E+01   7.463E-05   0.000E+00   3   8.027E+02  1   0.000E+00   0.000E+00   0.000E+00
     79  2.59173694508E+04   1.751E+03   1.751E+03   0.000E+00   8.278E+03   1.330E-07   1.315E+02  7.00352E-03   0.000E+00   0.000E+00   4.685E+01   7.468E-05   0.000E+00   3   8.453E+02  1   0.000E+00   0.000E+00   0.000E+00
     80  2.68069687816E+04   1.765E+03   1.765E+03   0.000E+00   9.778E+03   1.559E-07   1.295E+02  7.00352E-03   0.000E+00   0.000E+00   4.726E+01   7.492E-05   0.000E+00   3   8.896E+02  1   0.000E+00   0.000E+00   0.000E+00
     81  2.77516696364E+04   1.779E+03   1.779E+03   0.000E+00   1.185E+04   1.874E-07   1.280E+02  7.00352E-03   0.000E+00   0.000E+00   4.768E+01   7.588E-05   0.000E+00   3   9.447E+02  1   0.000E+00   0.000E+00   0.000E+00
     82  2.87692500503E+04   1.795E+03   1.795E+03   0.000E+00   1.486E+04   2.329E-07   1.277E+02  7.00352E-03   0.000E+00   0.000E+00   4.810E+01   7.820E-05   0.000E+00   3   1.018E+03  1   0.000E+00   0.000E+00   0.000E+00
     83  2.95833143815E+04   1.816E+03   1.816E+03   0.000E+00   1.842E+04   2.857E-07   1.287E+02  7.00352E-03   0.000E+00   0.000E+00   4.846E+01   8.182E-05   0.000E+00   6   8.141E+02  1   0.000E+00   0.000E+00   0.000E+00
     84  3.02345658463E+04   1.849E+03   1.849E+03   0.000E+00   2.283E+04   3.477E-07   1.306E+02  7.00352E-03   0.000E+00   0.000E+00   4.880E+01   8.671E-05   0.000E+00   6   6.513E+02  1   0.000E+00   0.000E+00   0.000E+00
     85  3.06917959878E+04   1.887E+03   1.887E+03   0.000E+00   2.747E+04   4.098E-07   1.331E+02  7.00352E-03   0.000E+00   0.000E+00   4.903E+01   9.176E-05   0.000E+00   6   4.572E+02  1   0.000E+00   0.000E+00   0.000E+00
     86  3.09884643174E+04   1.927E+03   1.927E+03   0.000E+00   3.201E+04   4.672E-07   1.355E+02  7.00352E-03   0.000E+00   0.000E+00   4.918E+01   9.627E-05   0.000E+00   6   2.967E+02  1   0.000E+00   0.000E+00   0.000E+00
     87  3.11967469624E+04   1.969E+03   1.969E+03   0.000E+00   3.670E+04   5.238E-07   1.377E+02  7.00352E-03   0.000E+00   0.000E+00   4.933E+01   1.006E-04   0.000E+00   6   2.083E+02  1   0.000E+00   0.000E+00   0.000E+00
     88  3.13571945204E+04   2.012E+03   2.012E+03   0.000E+00   4.187E+04   5.840E-07   1.400E+02  7.00352E-03   0.000E+00   0.000E+00   4.940E+01   1.046E-04   0.000E+00   6   1.604E+02  1   0.000E+00   0.000E+00   0.000E+00
     89  3.14855525668E+04   2.060E+03   2.060E+03   0.000E+00   4.814E+04   6.549E-07   1.424E+02  7.00352E-03   0.000E+00   0.000E+00   4.943E+01   1.085E-04   0.000E+00   6   1.284E+02  1   0.000E+00   0.000E+00   0.000E+00
     90  3.15873782443E+04   2.128E+03   2.128E+03   0.000E+00   5.765E+04   7.583E-07   1.449E+02  7.00352E-03   0.000E+00   0.000E+00   4.943E+01   1.123E-04   0.000E+00   8   1.018E+02  1   0.000E+00   0.000E+00   0.000E+00
     91  3.16555948528E+04   1.794E+05   1.794E+05   0.000E+00   4.789E+13   2.167E+00   3.437E-01  7.00352E-03   0.000E+00   0.000E+00   7.955E+02   4.239E-05   0.000E+00   9   6.822E+01  1   0.000E+00   0.000E+00   0.000E+00
