      1  1.00000000000E+01   3.892E+02   3.892E+02   0.000E+00   1.731E+03   1.252E-07   5.016E+01  5.00252E-04   0.000E+00   0.000E+00   2.456E+01   8.205E-07   0.000E+00   5   1.000E+01  1   0.000E+00   0.000E+00   0.000E+00
      2  2.00000000000E+01   3.890E+02   3.890E+02   0.000E+00   1.734E+03   1.255E-07   5.004E+01  5.00252E-04   0.000E+00   0.000E+00   2.441E+01   7.966E-07   0.000E+00   9   1.000E+01  1   0.000E+00   0.000E+00   0.000E+00
      3  2.80000000000E+01   3.886E+02   3.886E+02   0.000E+00   1.733E+03   1.255E-07   4.997E+01  5.00252E-04   0.000E+00   0.000E+00   2.427E+01   7.764E-07   0.000E+00   3   8.000E+00  1   0.000E+00   0.000E+00   0.000E+00
      4  3.68000000000E+01   3.885E+02   3.885E+02   0.000E+00   1.735E+03   1.257E-07   4.987E+01  5.00252E-04   0.000E+00   0.000E+00   2.415E+01   7.582E-07   0.000E+00   3   8.800E+00  1   0.000E+00   0.000E+00   0.000E+00
      5  4.64800000000E+01   3.887E+02   3.887E+02   0.000E+00   1.740E+03   1.261E-07   4.977E+01  5.00252E-04   0.000E+00   0.000E+00   2.405E+01   7.429E-07   0.000E+00   2   9.680E+00  1   0.000E+00   0.000E+00   0.000E+00
      6  6.19680000000E+01   3.887E+02   3.887E+02   0.000E+00   1.743E+03   1.263E-07   4.968E+01  5.00252E-04   0.000E+00   0.000E+00   2.394E+01   7.268E-07   0.000E+00   2   1.549E+01  1   0.000E+00   0.000E+00   0.000E+00
      7  8.67488000000E+01   3.885E+02   3.885E+02   0.000E+00   1.744E+03   1.264E-07   4.960E+01  5.00252E-04   0.000E+00   0.000E+00   2.384E+01   7.118E-07   0.000E+00   2   2.478E+01  1   0.000E+00   0.000E+00   0.000E+00
      8  1.26398080000E+02   3.886E+02   3.886E+02   0.000E+00   1.747E+03   1.266E-07   4.948E+01  5.00252E-04   0.000E+00   0.000E+00   2.376E+01   6.993E-07   0.000E+00   4   3.965E+01  1   0.000E+00   0.000E+00   0.000E+00
      9  1.70012288000E+02   3.887E+02   3.887E+02   0.000E+00   1.751E+03   1.268E-07   4.938E+01  5.00252E-04   0.000E+00   0.000E+00   2.372E+01   6.919E-07   0.000E+00   2   4.361E+01  1   0.000E+00   0.000E+00   0.000E+00
     10  2.39795020800E+02   3.892E+02   3.892E+02   0.000E+00   1.760E+03   1.273E-07   4.931E+01  5.00252E-04   0.000E+00   0.000E+00   2.369E+01   6.868E-07   0.000E+00   6   6.978E+01  1   0.000E+00   0.000E+00   0.000E+00
     11  3.09577753600E+02   3.894E+02   3.894E+02   0.000E+00   1.765E+03   1.276E-07   4.926E+01  5.00252E-04   0.000E+00   0.000E+00   2.369E+01   6.847E-07   0.000E+00   4   6.978E+01  1   0.000E+00   0.000E+00   0.000E+00
     12  3.86338759680E+02   3.899E+02   3.899E+02   0.000E+00   1.773E+03   1.281E-07   4.921E+01  5.00252E-04   0.000E+00   0.000E+00   2.369E+01   6.838E-07   0.000E+00   2   7.676E+01  1   0.000E+00   0.000E+00   0.000E+00
     13  5.09156369408E+02   3.906E+02   3.906E+02   0.000E+00   1.788E+03   1.289E-07   4.912E+01  5.00252E-04   0.000E+00   0.000E+00   2.371E+01   6.834E-07   0.000E+00   1   1.228E+02  1   0.000E+00   0.000E+00   0.000E+00
     14  7.05664544973E+02   3.918E+02   3.918E+02   0.000E+00   1.808E+03   1.300E-07   4.898E+01  5.00252E-04   0.000E+00   0.000E+00   2.374E+01   6.826E-07   0.000E+00   2   1.965E+02  1   0.000E+00   0.000E+00   0.000E+00
     15  1.02007762588E+03   3.934E+02   3.934E+02   0.000E+00   1.838E+03   1.315E-07   4.874E+01  5.00252E-04   0.000E+00   0.000E+00   2.377E+01   6.796E-07   0.000E+00   2   3.144E+02  1   0.000E+00   0.000E+00   0.000E+00
     16  1.36593201487E+03   3.952E+02   3.952E+02   0.000E+00   1.872E+03   1.333E-07   4.848E+01  5.00252E-04   0.000E+00   0.000E+00   2.380E+01   6.762E-07   0.000E+00   2   3.459E+02  1   0.000E+00   0.000E+00   0.000E+00
     17  1.74637184276E+03   3.971E+02   3.971E+02   0.000E+00   1.907E+03   1.352E-07   4.823E+01  5.00252E-04   0.000E+00   0.000E+00   2.384E+01   6.735E-07   0.000E+00   3   3.804E+02  1   0.000E+00   0.000E+00   0.000E+00
     18  2.16485565345E+03   3.992E+02   3.992E+02   0.000E+00   1.947E+03   1.374E-07   4.795E+01  5.00252E-04   0.000E+00   0.000E+00   2.388E+01   6.700E-07   0.000E+00   2   4.185E+02  1   0.000E+00   0.000E+00   0.000E+00
     19  2.62518784520E+03   4.015E+02   4.015E+02   0.000E+00   1.992E+03   1.397E-07   4.760E+01  5.00252E-04   0.000E+00   0.000E+00   2.392E+01   6.645E-07   0.000E+00   2   4.603E+02  1   0.000E+00   0.000E+00   0.000E+00
     20  3.13155325612E+03   4.041E+02   4.041E+02   0.000E+00   2.044E+03   1.424E-07   4.721E+01  5.00252E-04   0.000E+00   0.000E+00   2.396E+01   6.581E-07   0.000E+00   3   5.064E+02  1   0.000E+00   0.000E+00   0.000E+00
     21  3.68855520814E+03   4.070E+02   4.070E+02   0.000E+00   2.103E+03   1.454E-07   4.689E+01  5.00252E-04   0.000E+00   0.000E+00   2.402E+01   6.558E-07   0.000E+00   3   5.570E+02  1   0.000E+00   0.000E+00   0.000E+00
     22  4.30125735536E+03   4.100E+02   4.100E+02   0.000E+00   2.164E+03   1.486E-07   4.652E+01  5.00252E-04   0.000E+00   0.000E+00   2.408E+01   6.521E-07   0.000E+00   2   6.127E+02  1   0.000E+00   0.000E+00   0.000E+00
     23  4.97522971731E+03   4.131E+02   4.131E+02   0.000E+00   2.230E+03   1.520E-07   4.607E+01  5.00252E-04   0.000E+00   0.000E+00   2.412E+01   6.442E-07   0.000E+00   2   6.740E+02  1   0.000E+00   0.000E+00   0.000E+00
     24  5.71659931544E+03   4.168E+02   4.168E+02   0.000E+00   2.311E+03   1.561E-07   4.558E+01  5.00252E-04   0.000E+00   0.000E+00   2.418E+01   6.364E-07   0.000E+00   2   7.414E+02  1   0.000E+00   0.000E+00   0.000E+00
     25  6.53210587339E+03   4.206E+02   4.206E+02   0.000E+00   2.397E+03   1.604E-07   4.517E+01  5.00252E-04   0.000E+00   0.000E+00   2.427E+01   6.340E-07   0.000E+00   2   8.155E+02  1   0.000E+00   0.000E+00   0.000E+00
     26  7.42916308714E+03   4.247E+02   4.247E+02   0.000E+00   2.490E+03   1.651E-07   4.464E+01  5.00252E-04   0.000E+00   0.000E+00   2.433E+01   6.258E-07   0.000E+00   2   8.971E+02  1   0.000E+00   0.000E+00   0.000E+00
     27  8.41592602226E+03   4.293E+02   4.293E+02   0.000E+00   2.599E+03   1.705E-07   4.409E+01  5.00252E-04   0.000E+00   0.000E+00   2.441E+01   6.182E-07   0.000E+00   3   9.868E+02  1   0.000E+00   0.000E+00   0.000E+00
     28  9.50136525089E+03   4.341E+02   4.341E+02   0.000E+00   2.718E+03   1.763E-07   4.354E+01  5.00252E-04   0.000E+00   0.000E+00   2.449E+01   6.113E-07   0.000E+00   2   1.085E+03  1   0.000E+00   0.000E+00   0.000E+00
     29  1.06953484024E+04   4.394E+02   4.394E+02   0.000E+00   2.855E+03   1.830E-07   4.294E+01  5.00252E-04   0.000E+00   0.000E+00   2.459E+01   6.039E-07   0.000E+00   2   1.194E+03  1   0.000E+00   0.000E+00   0.000E+00
     30  1.20087298690E+04   4.452E+02   4.452E+02   0.000E+00   3.009E+03   1.903E-07   4.230E+01  5.00252E-04   0.000E+00   0.000E+00   2.467E+01   5.942E-07   0.000E+00   3   1.313E+03  1   0.000E+00   0.000E+00   0.000E+00
     31  1.34534494823E+04   4.513E+02   4.513E+02   0.000E+00   3.178E+03   1.983E-07   4.162E+01  5.00252E-04   0.000E+00   0.000E+00   2.476E+01   5.839E-07   0.000E+00   3   1.445E+03  1   0.000E+00   0.000E+00   0.000E+00
     32  1.50426410570E+04   4.581E+02   4.581E+02   0.000E+00   3.376E+03   2.075E-07   4.098E+01  5.00252E-04   0.000E+00   0.000E+00   2.490E+01   5.784E-07   0.000E+00   3   1.589E+03  1   0.000E+00   0.000E+00   0.000E+00
     33  1.67907517891E+04   4.652E+02   4.652E+02   0.000E+00   3.590E+03   2.173E-07   4.020E+01  5.00252E-04   0.000E+00   0.000E+00   2.498E+01   5.637E-07   0.000E+00   3   1.748E+03  1   0.000E+00   0.000E+00   0.000E+00
     34  1.87136735944E+04   4.731E+02   4.731E+02   0.000E+00   3.841E+03   2.286E-07   3.950E+01  5.00252E-04   0.000E+00   0.000E+00   2.513E+01   5.574E-07   0.000E+00   3   1.923E+03  1   0.000E+00   0.000E+00   0.000E+00
     35  2.08288875803E+04   4.815E+02   4.815E+02   0.000E+00   4.121E+03   2.409E-07   3.872E+01  5.00252E-04   0.000E+00   0.000E+00   2.525E+01   5.459E-07   0.000E+00   3   2.115E+03  1   0.000E+00   0.000E+00   0.000E+00
     36  2.31556229647E+04   4.905E+02   4.905E+02   0.000E+00   4.436E+03   2.546E-07   3.789E+01  5.00252E-04   0.000E+00   0.000E+00   2.537E+01   5.327E-07   0.000E+00   3   2.327E+03  1   0.000E+00   0.000E+00   0.000E+00
     37  2.56916988926E+04   5.003E+02   5.003E+02   0.000E+00   4.799E+03   2.700E-07   3.712E+01  5.00252E-04   0.000E+00   0.000E+00   2.553E+01   5.244E-07   0.000E+00   3   2.536E+03  1   0.000E+00   0.000E+00   0.000E+00
     38  2.84004601234E+04   5.103E+02   5.103E+02   0.000E+00   5.191E+03   2.864E-07   3.629E+01  5.00252E-04   0.000E+00   0.000E+00   2.565E+01   5.110E-07   0.000E+00   3   2.709E+03  1   0.000E+00   0.000E+00   0.000E+00
     39  3.11915791307E+04   5.205E+02   5.205E+02   0.000E+00   5.621E+03   3.041E-07   3.552E+01  5.00252E-04   0.000E+00   0.000E+00   2.581E+01   5.016E-07   0.000E+00   3   2.791E+03  1   0.000E+00   0.000E+00   0.000E+00
     40  3.41441237353E+04   5.308E+02   5.308E+02   0.000E+00   6.090E+03   3.230E-07   3.472E+01  5.00252E-04   0.000E+00   0.000E+00   2.594E+01   4.889E-07   0.000E+00   3   2.953E+03  1   0.000E+00   0.000E+00   0.000E+00
     41  3.71827844851E+04   5.412E+02   5.412E+02   0.000E+00   6.596E+03   3.431E-07   3.397E+01  5.00252E-04   0.000E+00   0.000E+00   2.609E+01   4.789E-07   0.000E+00   2   3.039E+03  1   0.000E+00   0.000E+00   0.000E+00
     42  4.04012753913E+04   5.519E+02   5.519E+02   0.000E+00   7.150E+03   3.647E-07   3.323E+01  5.00252E-04   0.000E+00   0.000E+00   2.623E+01   4.683E-07   0.000E+00   3   3.218E+03  1   0.000E+00   0.000E+00   0.000E+00
     43  4.37647845070E+04   5.627E+02   5.627E+02   0.000E+00   7.751E+03   3.879E-07   3.249E+01  5.00252E-04   0.000E+00   0.000E+00   2.637E+01   4.573E-07   0.000E+00   3   3.364E+03  1   0.000E+00   0.000E+00   0.000E+00
     44  4.72364435582E+04   5.740E+02   5.740E+02   0.000E+00   8.420E+03   4.130E-07   3.181E+01  5.00252E-04   0.000E+00   0.000E+00   2.653E+01   4.494E-07   0.000E+00   3   3.472E+03  1   0.000E+00   0.000E+00   0.000E+00
     45  5.08548527479E+04   5.852E+02   5.852E+02   0.000E+00   9.126E+03   4.391E-07   3.108E+01  5.00252E-04   0.000E+00   0.000E+00   2.664E+01   4.358E-07   0.000E+00   3   3.618E+03  1   0.000E+00   0.000E+00   0.000E+00
     46  5.45220687227E+04   5.968E+02   5.968E+02   0.000E+00   9.899E+03   4.669E-07   3.047E+01  5.00252E-04   0.000E+00   0.000E+00   2.684E+01   4.317E-07   0.000E+00   3   3.667E+03  1   0.000E+00   0.000E+00   0.000E+00
     47  5.84694119317E+04   6.088E+02   6.088E+02   0.000E+00   1.074E+04   4.968E-07   2.976E+01  5.00252E-04   0.000E+00   0.000E+00   2.694E+01   4.179E-07   0.000E+00   3   3.947E+03  1   0.000E+00   0.000E+00   0.000E+00
     48  6.16272864988E+04   6.188E+02   6.188E+02   0.000E+00   1.149E+04   5.225E-07   2.927E+01  5.00252E-04   0.000E+00   0.000E+00   2.709E+01   4.135E-07   0.000E+00   2   3.158E+03  1   0.000E+00   0.000E+00   0.000E+00
     49  6.51009485227E+04   6.292E+02   6.292E+02   0.000E+00   1.230E+04   5.504E-07   2.872E+01  5.00252E-04   0.000E+00   0.000E+00   2.719E+01   4.041E-07   0.000E+00   2   3.474E+03  1   0.000E+00   0.000E+00   0.000E+00
     50  6.89219767490E+04   6.405E+02   6.405E+02   0.000E+00   1.324E+04   5.821E-07   2.818E+01  5.00252E-04   0.000E+00   0.000E+00   2.733E+01   3.967E-07   0.000E+00   3   3.821E+03  1   0.000E+00   0.000E+00   0.000E+00
     51  7.31251077979E+04   6.526E+02   6.526E+02   0.000E+00   1.430E+04   6.170E-07   2.760E+01  5.00252E-04   0.000E+00   0.000E+00   2.745E+01   3.875E-07   0.000E+00   3   4.203E+03  1   0.000E+00   0.000E+00   0.000E+00
     52  7.76386007012E+04   6.655E+02   6.655E+02   0.000E+00   1.550E+04   6.559E-07   2.705E+01  5.00252E-04   0.000E+00   0.000E+00   2.763E+01   3.824E-07   0.000E+00   3   4.513E+03  1   0.000E+00   0.000E+00   0.000E+00
     53  8.24094663238E+04   6.786E+02   6.786E+02   0.000E+00   1.681E+04   6.973E-07   2.646E+01  5.00252E-04   0.000E+00   0.000E+00   2.774E+01   3.714E-07   0.000E+00   3   4.771E+03  1   0.000E+00   0.000E+00   0.000E+00
     54  8.72400585704E+04   6.918E+02   6.918E+02   0.000E+00   1.820E+04   7.407E-07   2.593E+01  5.00252E-04   0.000E+00   0.000E+00   2.790E+01   3.651E-07   0.000E+00   3   4.831E+03  1   0.000E+00   0.000E+00   0.000E+00
     55  9.24090159711E+04   7.057E+02   7.057E+02   0.000E+00   1.976E+04   7.881E-07   2.540E+01  5.00252E-04   0.000E+00   0.000E+00   2.806E+01   3.587E-07   0.000E+00   2   5.169E+03  1   0.000E+00   0.000E+00   0.000E+00
     56  9.77156953113E+04   7.194E+02   7.194E+02   0.000E+00   2.138E+04   8.368E-07   2.485E+01  5.00252E-04   0.000E+00   0.000E+00   2.815E+01   3.478E-07   0.000E+00   3   5.307E+03  1   0.000E+00   0.000E+00   0.000E+00
     57  1.03180671503E+05   7.336E+02   7.336E+02   0.000E+00   2.318E+04   8.897E-07   2.438E+01  5.00252E-04   0.000E+00   0.000E+00   2.836E+01   3.447E-07   0.000E+00   3   5.465E+03  1   0.000E+00   0.000E+00   0.000E+00
     58  1.09032656607E+05   7.483E+02   7.483E+02   0.000E+00   2.515E+04   9.463E-07   2.384E+01  5.00252E-04   0.000E+00   0.000E+00   2.845E+01   3.334E-07   0.000E+00   3   5.852E+03  1   0.000E+00   0.000E+00   0.000E+00
     59  1.13714244689E+05   7.605E+02   7.605E+02   0.000E+00   2.688E+04   9.950E-07   2.346E+01  5.00252E-04   0.000E+00   0.000E+00   2.860E+01   3.301E-07   0.000E+00   3   4.682E+03  1   0.000E+00   0.000E+00   0.000E+00
     60  1.18863991580E+05   7.732E+02   7.732E+02   0.000E+00   2.879E+04   1.048E-06   2.304E+01  5.00252E-04   0.000E+00   0.000E+00   2.870E+01   3.229E-07   0.000E+00   3   5.150E+03  1   0.000E+00   0.000E+00   0.000E+00
     61  1.24528713160E+05   7.872E+02   7.872E+02   0.000E+00   3.099E+04   1.108E-06   2.261E+01  5.00252E-04   0.000E+00   0.000E+00   2.883E+01   3.166E-07   0.000E+00   2   5.665E+03  1   0.000E+00   0.000E+00   0.000E+00
     62  1.30759906897E+05   8.021E+02   8.021E+02   0.000E+00   3.348E+04   1.175E-06   2.219E+01  5.00252E-04   0.000E+00   0.000E+00   2.901E+01   3.126E-07   0.000E+00   3   6.231E+03  1   0.000E+00   0.000E+00   0.000E+00
     63  1.37577045515E+05   8.179E+02   8.179E+02   0.000E+00   3.627E+04   1.249E-06   2.171E+01  5.00252E-04   0.000E+00   0.000E+00   2.909E+01   3.026E-07   0.000E+00   3   6.817E+03  1   0.000E+00   0.000E+00   0.000E+00
     64  1.44423074736E+05   8.338E+02   8.338E+02   0.000E+00   3.925E+04   1.325E-06   2.130E+01  5.00252E-04   0.000E+00   0.000E+00   2.929E+01   2.992E-07   0.000E+00   3   6.846E+03  1   0.000E+00   0.000E+00   0.000E+00
     65  1.51869867873E+05   8.507E+02   8.507E+02   0.000E+00   4.262E+04   1.410E-06   2.088E+01  5.00252E-04   0.000E+00   0.000E+00   2.948E+01   2.950E-07   0.000E+00   2   7.447E+03  1   0.000E+00   0.000E+00   0.000E+00
     66  1.59421316708E+05   8.672E+02   8.672E+02   0.000E+00   4.609E+04   1.497E-06   2.043E+01  5.00252E-04   0.000E+00   0.000E+00   2.951E+01   2.839E-07   0.000E+00   3   7.551E+03  1   0.000E+00   0.000E+00   0.000E+00
     67  1.67054809270E+05   8.841E+02   8.841E+02   0.000E+00   4.985E+04   1.588E-06   2.004E+01  5.00252E-04   0.000E+00   0.000E+00   2.966E+01   2.787E-07   0.000E+00   3   7.633E+03  1   0.000E+00   0.000E+00   0.000E+00
     68  1.75299021259E+05   9.020E+02   9.020E+02   0.000E+00   5.410E+04   1.689E-06   1.967E+01  5.00252E-04   0.000E+00   0.000E+00   2.994E+01   2.786E-07   0.000E+00   2   8.244E+03  1   0.000E+00   0.000E+00   0.000E+00
     69  1.83981237019E+05   9.202E+02   9.202E+02   0.000E+00   5.866E+04   1.795E-06   1.924E+01  5.00252E-04   0.000E+00   0.000E+00   2.999E+01   2.684E-07   0.000E+00   2   8.682E+03  1   0.000E+00   0.000E+00   0.000E+00
     70  1.90927009627E+05   9.353E+02   9.353E+02   0.000E+00   6.270E+04   1.888E-06   1.893E+01  5.00252E-04   0.000E+00   0.000E+00   3.013E+01   2.646E-07   0.000E+00   3   6.946E+03  1   0.000E+00   0.000E+00   0.000E+00
     71  1.98567359496E+05   9.510E+02   9.510E+02   0.000E+00   6.716E+04   1.989E-06   1.861E+01  5.00252E-04   0.000E+00   0.000E+00   3.024E+01   2.597E-07   0.000E+00   2   7.640E+03  1   0.000E+00   0.000E+00   0.000E+00
     72  2.06971744351E+05   9.683E+02   9.683E+02   0.000E+00   7.232E+04   2.103E-06   1.827E+01  5.00252E-04   0.000E+00   0.000E+00   3.040E+01   2.554E-07   0.000E+00   2   8.404E+03  1   0.000E+00   0.000E+00   0.000E+00
     73  2.16216567692E+05   9.868E+02   9.868E+02   0.000E+00   7.821E+04   2.231E-06   1.793E+01  5.00252E-04   0.000E+00   0.000E+00   3.058E+01   2.517E-07   0.000E+00   2   9.245E+03  1   0.000E+00   0.000E+00   0.000E+00
     74  2.26174773487E+05   1.006E+03   1.006E+03   0.000E+00   8.463E+04   2.369E-06   1.759E+01  5.00252E-04   0.000E+00   0.000E+00   3.074E+01   2.475E-07   0.000E+00   3   9.958E+03  1   0.000E+00   0.000E+00   0.000E+00
     75  2.36852389530E+05   1.026E+03   1.026E+03   0.000E+00   9.175E+04   2.519E-06   1.720E+01  5.00252E-04   0.000E+00   0.000E+00   3.076E+01   2.375E-07   0.000E+00   3   1.068E+04  1   0.000E+00   0.000E+00   0.000E+00
     76  2.45394482364E+05   1.042E+03   1.042E+03   0.000E+00   9.801E+04   2.648E-06   1.692E+01  5.00252E-04   0.000E+00   0.000E+00   3.090E+01   2.339E-07   0.000E+00   3   8.542E+03  1   0.000E+00   0.000E+00   0.000E+00
     77  2.54790784481E+05   1.060E+03   1.060E+03   0.000E+00   1.052E+05   2.793E-06   1.667E+01  5.00252E-04   0.000E+00   0.000E+00   3.118E+01   2.352E-07   0.000E+00   2   9.396E+03  1   0.000E+00   0.000E+00   0.000E+00
     78  2.65126716810E+05   1.080E+03   1.080E+03   0.000E+00   1.133E+05   2.955E-06   1.636E+01  5.00252E-04   0.000E+00   0.000E+00   3.132E+01   2.310E-07   0.000E+00   3   1.034E+04  1   0.000E+00   0.000E+00   0.000E+00
     79  2.76407664020E+05   1.100E+03   1.100E+03   0.000E+00   1.224E+05   3.132E-06   1.602E+01  5.00252E-04   0.000E+00   0.000E+00   3.133E+01   2.219E-07   0.000E+00   2   1.128E+04  1   0.000E+00   0.000E+00   0.000E+00
     80  2.88109226893E+05   1.121E+03   1.121E+03   0.000E+00   1.322E+05   3.320E-06   1.574E+01  5.00252E-04   0.000E+00   0.000E+00   3.151E+01   2.187E-07   0.000E+00   3   1.170E+04  1   0.000E+00   0.000E+00   0.000E+00
     81  3.00980946052E+05   1.143E+03   1.143E+03   0.000E+00   1.435E+05   3.534E-06   1.544E+01  5.00252E-04   0.000E+00   0.000E+00   3.178E+01   2.179E-07   0.000E+00   2   1.287E+04  1   0.000E+00   0.000E+00   0.000E+00
     82  3.14410854901E+05   1.166E+03   1.166E+03   0.000E+00   1.559E+05   3.763E-06   1.512E+01  5.00252E-04   0.000E+00   0.000E+00   3.189E+01   2.118E-07   0.000E+00   2   1.343E+04  1   0.000E+00   0.000E+00   0.000E+00
     83  3.25154781979E+05   1.185E+03   1.185E+03   0.000E+00   1.666E+05   3.957E-06   1.486E+01  5.00252E-04   0.000E+00   0.000E+00   3.194E+01   2.061E-07   0.000E+00   2   1.074E+04  1   0.000E+00   0.000E+00   0.000E+00
     84  3.36973101766E+05   1.205E+03   1.205E+03   0.000E+00   1.784E+05   4.170E-06   1.463E+01  5.00252E-04   0.000E+00   0.000E+00   3.213E+01   2.044E-07   0.000E+00   2   1.182E+04  1   0.000E+00   0.000E+00   0.000E+00
     85  3.49973253531E+05   1.226E+03   1.226E+03   0.000E+00   1.921E+05   4.411E-06   1.437E+01  5.00252E-04   0.000E+00   0.000E+00   3.228E+01   2.010E-07   0.000E+00   2   1.300E+04  1   0.000E+00   0.000E+00   0.000E+00
     86  3.64273420473E+05   1.250E+03   1.250E+03   0.000E+00   2.080E+05   4.686E-06   1.410E+01  5.00252E-04   0.000E+00   0.000E+00   3.247E+01   1.980E-07   0.000E+00   2   1.430E+04  1   0.000E+00   0.000E+00   0.000E+00
     87  3.79557587226E+05   1.274E+03   1.274E+03   0.000E+00   2.255E+05   4.983E-06   1.382E+01  5.00252E-04   0.000E+00   0.000E+00   3.257E+01   1.927E-07   0.000E+00   2   1.528E+04  1   0.000E+00   0.000E+00   0.000E+00
     88  3.95542210885E+05   1.299E+03   1.299E+03   0.000E+00   2.447E+05   5.302E-06   1.355E+01  5.00252E-04   0.000E+00   0.000E+00   3.277E+01   1.898E-07   0.000E+00   2   1.598E+04  1   0.000E+00   0.000E+00   0.000E+00
     89  4.12634028014E+05   1.326E+03   1.326E+03   0.000E+00   2.660E+05   5.650E-06   1.328E+01  5.00252E-04   0.000E+00   0.000E+00   3.292E+01   1.857E-07   0.000E+00   3   1.709E+04  1   0.000E+00   0.000E+00   0.000E+00
     90  4.30180417257E+05   1.352E+03   1.352E+03   0.000E+00   2.892E+05   6.022E-06   1.301E+01  5.00252E-04   0.000E+00   0.000E+00   3.304E+01   1.808E-07   0.000E+00   3   1.755E+04  1   0.000E+00   0.000E+00   0.000E+00
     91  4.48193774757E+05   1.379E+03   1.379E+03   0.000E+00   3.145E+05   6.419E-06   1.276E+01  5.00252E-04   0.000E+00   0.000E+00   3.323E+01   1.779E-07   0.000E+00   2   1.801E+04  1   0.000E+00   0.000E+00   0.000E+00
     92  4.67140131844E+05   1.408E+03   1.408E+03   0.000E+00   3.424E+05   6.850E-06   1.251E+01  5.00252E-04   0.000E+00   0.000E+00   3.346E+01   1.758E-07   0.000E+00   2   1.895E+04  1   0.000E+00   0.000E+00   0.000E+00
     93  4.86765548571E+05   1.436E+03   1.436E+03   0.000E+00   3.730E+05   7.311E-06   1.226E+01  5.00252E-04   0.000E+00   0.000E+00   3.362E+01   1.721E-07   0.000E+00   2   1.963E+04  1   0.000E+00   0.000E+00   0.000E+00
     94  5.06693561799E+05   1.465E+03   1.465E+03   0.000E+00   4.055E+05   7.792E-06   1.200E+01  5.00252E-04   0.000E+00   0.000E+00   3.366E+01   1.657E-07   0.000E+00   3   1.993E+04  1   0.000E+00   0.000E+00   0.000E+00
     95  5.27028861677E+05   1.495E+03   1.495E+03   0.000E+00   4.405E+05   8.298E-06   1.176E+01  5.00252E-04   0.000E+00   0.000E+00   3.377E+01   1.614E-07   0.000E+00   3   2.034E+04  1   0.000E+00   0.000E+00   0.000E+00
     96  5.48683092037E+05   1.526E+03   1.526E+03   0.000E+00   4.807E+05   8.867E-06   1.154E+01  5.00252E-04   0.000E+00   0.000E+00   3.417E+01   1.628E-07   0.000E+00   2   2.165E+04  1   0.000E+00   0.000E+00   0.000E+00
     97  5.71561309461E+05   1.558E+03   1.558E+03   0.000E+00   5.251E+05   9.488E-06   1.131E+01  5.00252E-04   0.000E+00   0.000E+00   3.439E+01   1.603E-07   0.000E+00   2   2.288E+04  1   0.000E+00   0.000E+00   0.000E+00
     98  5.89863883401E+05   1.585E+03   1.585E+03   0.000E+00   5.646E+05   1.003E-05   1.112E+01  5.00252E-04   0.000E+00   0.000E+00   3.449E+01   1.567E-07   0.000E+00   3   1.830E+04  1   0.000E+00   0.000E+00   0.000E+00
     99  6.09996714734E+05   1.613E+03   1.613E+03   0.000E+00   6.087E+05   1.062E-05   1.091E+01  5.00252E-04   0.000E+00   0.000E+00   3.445E+01   1.501E-07   0.000E+00   3   2.013E+04  1   0.000E+00   0.000E+00   0.000E+00
    100  6.32142829201E+05   1.644E+03   1.644E+03   0.000E+00   6.597E+05   1.130E-05   1.071E+01  5.00252E-04   0.000E+00   0.000E+00   3.465E+01   1.481E-07   0.000E+00   2   2.215E+04  1   0.000E+00   0.000E+00   0.000E+00
    101  6.56503555114E+05   1.676E+03   1.676E+03   0.000E+00   7.186E+05   1.207E-05   1.051E+01  5.00252E-04   0.000E+00   0.000E+00   3.501E+01   1.487E-07   0.000E+00   2   2.436E+04  1   0.000E+00   0.000E+00   0.000E+00
    102  6.82805587947E+05   1.713E+03   1.713E+03   0.000E+00   7.872E+05   1.294E-05   1.030E+01  5.00252E-04   0.000E+00   0.000E+00   3.527E+01   1.470E-07   0.000E+00   2   2.630E+04  1   0.000E+00   0.000E+00   0.000E+00
    103  7.03847214214E+05   1.743E+03   1.743E+03   0.000E+00   8.479E+05   1.370E-05   1.012E+01  5.00252E-04   0.000E+00   0.000E+00   3.533E+01   1.429E-07   0.000E+00   3   2.104E+04  1   0.000E+00   0.000E+00   0.000E+00
    104  7.26993003106E+05   1.766E+03   1.766E+03   0.000E+00   9.166E+05   1.462E-05   9.930E+00  5.00252E-04   0.000E+00   0.000E+00   3.537E+01   1.383E-07   0.000E+00   8   2.315E+04  1   0.000E+00   0.000E+00   0.000E+00
    105  7.50138791999E+05   1.782E+03   1.782E+03   0.000E+00   9.911E+05   1.566E-05   9.759E+00  5.00252E-04   0.000E+00   0.000E+00   3.552E+01   1.358E-07   0.000E+00   4   2.315E+04  1   0.000E+00   0.000E+00   0.000E+00
    106  7.75599159782E+05   1.797E+03   1.797E+03   0.000E+00   1.081E+06   1.694E-05   9.585E+00  5.00252E-04   0.000E+00   0.000E+00   3.573E+01   1.342E-07   0.000E+00   5   2.546E+04  1   0.000E+00   0.000E+00   0.000E+00
    107  8.01059527564E+05   1.812E+03   1.812E+03   0.000E+00   1.181E+06   1.835E-05   9.422E+00  5.00252E-04   0.000E+00   0.000E+00   3.593E+01   1.326E-07   0.000E+00   5   2.546E+04  1   0.000E+00   0.000E+00   0.000E+00
    108  8.26519895346E+05   1.827E+03   1.827E+03   0.000E+00   1.293E+06   1.993E-05   9.271E+00  5.00252E-04   0.000E+00   0.000E+00   3.627E+01   1.333E-07   0.000E+00   4   2.546E+04  1   0.000E+00   0.000E+00   0.000E+00
    109  8.54526299906E+05   1.843E+03   1.843E+03   0.000E+00   1.429E+06   2.183E-05   9.109E+00  5.00252E-04   0.000E+00   0.000E+00   3.641E+01   1.306E-07   0.000E+00   4   2.801E+04  1   0.000E+00   0.000E+00   0.000E+00
    110  8.85333344923E+05   1.859E+03   1.859E+03   0.000E+00   1.595E+06   2.416E-05   8.950E+00  5.00252E-04   0.000E+00   0.000E+00   3.652E+01   1.277E-07   0.000E+00   3   3.081E+04  1   0.000E+00   0.000E+00   0.000E+00
    111  9.19221094441E+05   1.876E+03   1.876E+03   0.000E+00   1.803E+06   2.705E-05   8.807E+00  5.00252E-04   0.000E+00   0.000E+00   3.680E+01   1.275E-07   0.000E+00   3   3.389E+04  1   0.000E+00   0.000E+00   0.000E+00
    112  9.56497618911E+05   1.893E+03   1.893E+03   0.000E+00   2.065E+06   3.070E-05   8.667E+00  5.00252E-04   0.000E+00   0.000E+00   3.696E+01   1.256E-07   0.000E+00   4   3.728E+04  1   0.000E+00   0.000E+00   0.000E+00
    113  9.95447884581E+05   1.913E+03   1.913E+03   0.000E+00   2.390E+06   3.517E-05   8.540E+00  5.00252E-04   0.000E+00   0.000E+00   3.699E+01   1.224E-07   0.000E+00   4   3.895E+04  1   0.000E+00   0.000E+00   0.000E+00
    114  1.03518630485E+06   1.939E+03   1.939E+03   0.000E+00   2.808E+06   4.077E-05   8.466E+00  5.00252E-04   0.000E+00   0.000E+00   3.768E+01   1.295E-07   0.000E+00   4   3.974E+04  1   0.000E+00   0.000E+00   0.000E+00
    115  1.07504731285E+06   1.970E+03   1.970E+03   0.000E+00   3.331E+06   4.757E-05   8.405E+00  5.00252E-04   0.000E+00   0.000E+00   3.779E+01   1.291E-07   0.000E+00   3   3.986E+04  1   0.000E+00   0.000E+00   0.000E+00
    116  1.10693611924E+06   2.000E+03   2.000E+03   0.000E+00   3.858E+06   5.428E-05   8.381E+00  5.00252E-04   0.000E+00   0.000E+00   3.781E+01   1.286E-07   0.000E+00   4   3.189E+04  1   0.000E+00   0.000E+00   0.000E+00
    117  1.14081211633E+06   2.041E+03   2.041E+03   0.000E+00   4.580E+06   6.313E-05   8.415E+00  5.00252E-04   0.000E+00   0.000E+00   3.851E+01   1.395E-07   0.000E+00   3   3.388E+04  1   0.000E+00   0.000E+00   0.000E+00
    118  1.16791291400E+06   2.084E+03   2.084E+03   0.000E+00   5.333E+06   7.201E-05   8.449E+00  5.00252E-04   0.000E+00   0.000E+00   3.849E+01   1.404E-07   0.000E+00   4   2.710E+04  1   0.000E+00   0.000E+00   0.000E+00
    119  1.18959355214E+06   2.127E+03   2.127E+03   0.000E+00   6.108E+06   8.080E-05   8.513E+00  5.00252E-04   0.000E+00   0.000E+00   3.865E+01   1.450E-07   0.000E+00   4   2.168E+04  1   0.000E+00   0.000E+00   0.000E+00
    120  1.21283277923E+06   2.181E+03   2.181E+03   0.000E+00   7.128E+06   9.190E-05   8.628E+00  5.00252E-04   0.000E+00   0.000E+00   3.908E+01   1.556E-07   0.000E+00   4   2.324E+04  1   0.000E+00   0.000E+00   0.000E+00
    121  1.23142416089E+06   2.233E+03   2.233E+03   0.000E+00   8.153E+06   1.027E-04   8.739E+00  5.00252E-04   0.000E+00   0.000E+00   3.911E+01   1.602E-07   0.000E+00   4   1.859E+04  1   0.000E+00   0.000E+00   0.000E+00
    122  1.25028422571E+06   2.295E+03   2.295E+03   0.000E+00   9.455E+06   1.158E-04   8.906E+00  5.00252E-04   0.000E+00   0.000E+00   3.937E+01   1.707E-07   0.000E+00   4   1.886E+04  1   0.000E+00   0.000E+00   0.000E+00
    123  1.26537227757E+06   2.352E+03   2.352E+03   0.000E+00   1.078E+07   1.287E-04   9.069E+00  5.00252E-04   0.000E+00   0.000E+00   3.942E+01   1.780E-07   0.000E+00   4   1.509E+04  1   0.000E+00   0.000E+00   0.000E+00
    124  1.28057106317E+06   2.420E+03   2.420E+03   0.000E+00   1.247E+07   1.446E-04   9.281E+00  5.00252E-04   0.000E+00   0.000E+00   3.956E+01   1.891E-07   0.000E+00   4   1.520E+04  1   0.000E+00   0.000E+00   0.000E+00
    125  1.29273009165E+06   2.488E+03   2.488E+03   0.000E+00   1.429E+07   1.611E-04   9.497E+00  5.00252E-04   0.000E+00   0.000E+00   3.974E+01   2.017E-07   0.000E+00   4   1.216E+04  1   0.000E+00   0.000E+00   0.000E+00
    126  1.30245731444E+06   2.556E+03   2.556E+03   0.000E+00   1.625E+07   1.783E-04   9.716E+00  5.00252E-04   0.000E+00   0.000E+00   3.994E+01   2.153E-07   0.000E+00   4   9.727E+03  1   0.000E+00   0.000E+00   0.000E+00
    127  1.31232865683E+06   2.637E+03   2.637E+03   0.000E+00   1.884E+07   2.002E-04   9.994E+00  5.00252E-04   0.000E+00   0.000E+00   4.004E+01   2.301E-07   0.000E+00   4   9.871E+03  1   0.000E+00   0.000E+00   0.000E+00
    128  1.32022573075E+06   2.719E+03   2.719E+03   0.000E+00   2.182E+07   2.246E-04   1.026E+01  5.00252E-04   0.000E+00   0.000E+00   3.984E+01   2.379E-07   0.000E+00   4   7.897E+03  1   0.000E+00   0.000E+00   0.000E+00
    129  1.32654338988E+06   2.808E+03   2.808E+03   0.000E+00   2.551E+07   2.539E-04   1.056E+01  5.00252E-04   0.000E+00   0.000E+00   4.018E+01   2.607E-07   0.000E+00   4   6.318E+03  1   0.000E+00   0.000E+00   0.000E+00
    130  1.33159751718E+06   2.494E+04   2.494E+04   0.000E+00   1.525E+12   6.423E-01   3.366E-01  5.00252E-04   0.000E+00   0.000E+00   1.175E+02   1.938E-08   0.000E+00   4   5.054E+03  1   0.000E+00   0.000E+00   0.000E+00
