
 Timestep     Time[yr]           Tc        Tmax        M-Tmax        Pc        Rho_c         R          M        coreHEmass  coreCOmass       Te           L  T_irr     iter#   dt[yr] Phase     mdot     mdotRei    mdot/Rei 

      1  1.00000000000E+01   6.306E+02   6.306E+02   0.000E+00   1.178E+02   5.260E-09   2.746E+02  5.00251E-03   0.000E+00   0.000E+00   3.543E+01   1.065E-04   0.000E+00  28   1.000E+01  1   0.000E+00   0.000E+00   0.000E+00
      2  1.40960000000E+01   6.307E+02   6.307E+02   0.000E+00   1.180E+02   5.268E-09   2.723E+02  5.00251E-03   0.000E+00   0.000E+00   3.454E+01   9.454E-05   0.000E+00  13   4.096E+00  1   0.000E+00   0.000E+00   0.000E+00
      3  1.73728000000E+01   6.307E+02   6.307E+02   0.000E+00   1.180E+02   5.271E-09   2.708E+02  5.00251E-03   0.000E+00   0.000E+00   3.403E+01   8.809E-05   0.000E+00   3   3.277E+00  1   0.000E+00   0.000E+00   0.000E+00
      4  2.09772800000E+01   6.311E+02   6.311E+02   0.000E+00   1.184E+02   5.284E-09   2.692E+02  5.00251E-03   0.000E+00   0.000E+00   3.360E+01   8.281E-05   0.000E+00   3   3.604E+00  1   0.000E+00   0.000E+00   0.000E+00
      5  2.49422080000E+01   6.316E+02   6.316E+02   0.000E+00   1.188E+02   5.297E-09   2.678E+02  5.00251E-03   0.000E+00   0.000E+00   3.323E+01   7.833E-05   0.000E+00   2   3.965E+00  1   0.000E+00   0.000E+00   0.000E+00
      6  3.12860928000E+01   6.318E+02   6.318E+02   0.000E+00   1.191E+02   5.305E-09   2.661E+02  5.00251E-03   0.000E+00   0.000E+00   3.276E+01   7.305E-05   0.000E+00   3   6.344E+00  1   0.000E+00   0.000E+00   0.000E+00
      7  3.82643660800E+01   6.320E+02   6.320E+02   0.000E+00   1.193E+02   5.314E-09   2.645E+02  5.00251E-03   0.000E+00   0.000E+00   3.234E+01   6.861E-05   0.000E+00   2   6.978E+00  1   0.000E+00   0.000E+00   0.000E+00
      8  4.94296033280E+01   6.323E+02   6.323E+02   0.000E+00   1.196E+02   5.327E-09   2.625E+02  5.00251E-03   0.000E+00   0.000E+00   3.184E+01   6.349E-05   0.000E+00   2   1.117E+01  1   0.000E+00   0.000E+00   0.000E+00
      9  6.72939829248E+01   6.331E+02   6.331E+02   0.000E+00   1.204E+02   5.355E-09   2.600E+02  5.00251E-03   0.000E+00   0.000E+00   3.128E+01   5.804E-05   0.000E+00   2   1.786E+01  1   0.000E+00   0.000E+00   0.000E+00
     10  8.69448004813E+01   6.343E+02   6.343E+02   0.000E+00   1.214E+02   5.387E-09   2.579E+02  5.00251E-03   0.000E+00   0.000E+00   3.085E+01   5.400E-05   0.000E+00   2   1.965E+01  1   0.000E+00   0.000E+00   0.000E+00
     11  1.18386108572E+02   6.354E+02   6.354E+02   0.000E+00   1.224E+02   5.423E-09   2.558E+02  5.00251E-03   0.000E+00   0.000E+00   3.042E+01   5.024E-05   0.000E+00   3   3.144E+01  1   0.000E+00   0.000E+00   0.000E+00
     12  1.52971547471E+02   6.365E+02   6.365E+02   0.000E+00   1.234E+02   5.458E-09   2.543E+02  5.00251E-03   0.000E+00   0.000E+00   3.015E+01   4.789E-05   0.000E+00   3   3.459E+01  1   0.000E+00   0.000E+00   0.000E+00
     13  1.91015530260E+02   6.377E+02   6.377E+02   0.000E+00   1.245E+02   5.498E-09   2.531E+02  5.00251E-03   0.000E+00   0.000E+00   2.999E+01   4.643E-05   0.000E+00   2   3.804E+01  1   0.000E+00   0.000E+00   0.000E+00
     14  2.51885902723E+02   6.400E+02   6.400E+02   0.000E+00   1.265E+02   5.565E-09   2.517E+02  5.00251E-03   0.000E+00   0.000E+00   2.989E+01   4.531E-05   0.000E+00   2   6.087E+01  1   0.000E+00   0.000E+00   0.000E+00
     15  3.18843312433E+02   6.427E+02   6.427E+02   0.000E+00   1.287E+02   5.641E-09   2.504E+02  5.00251E-03   0.000E+00   0.000E+00   2.986E+01   4.468E-05   0.000E+00   2   6.696E+01  1   0.000E+00   0.000E+00   0.000E+00
     16  3.92496463113E+02   6.455E+02   6.455E+02   0.000E+00   1.311E+02   5.718E-09   2.493E+02  5.00251E-03   0.000E+00   0.000E+00   2.988E+01   4.437E-05   0.000E+00   2   7.365E+01  1   0.000E+00   0.000E+00   0.000E+00
     17  4.73514928861E+02   6.484E+02   6.484E+02   0.000E+00   1.336E+02   5.799E-09   2.482E+02  5.00251E-03   0.000E+00   0.000E+00   2.992E+01   4.424E-05   0.000E+00   2   8.102E+01  1   0.000E+00   0.000E+00   0.000E+00
     18  5.62635241184E+02   6.516E+02   6.516E+02   0.000E+00   1.363E+02   5.889E-09   2.470E+02  5.00251E-03   0.000E+00   0.000E+00   2.997E+01   4.412E-05   0.000E+00   1   8.912E+01  1   0.000E+00   0.000E+00   0.000E+00
     19  6.60667584739E+02   6.553E+02   6.553E+02   0.000E+00   1.394E+02   5.992E-09   2.456E+02  5.00251E-03   0.000E+00   0.000E+00   3.003E+01   4.396E-05   0.000E+00   2   9.803E+01  1   0.000E+00   0.000E+00   0.000E+00
     20  7.68503162650E+02   6.595E+02   6.595E+02   0.000E+00   1.430E+02   6.108E-09   2.441E+02  5.00251E-03   0.000E+00   0.000E+00   3.008E+01   4.369E-05   0.000E+00   2   1.078E+02  1   0.000E+00   0.000E+00   0.000E+00
     21  8.87122298352E+02   6.640E+02   6.640E+02   0.000E+00   1.470E+02   6.233E-09   2.423E+02  5.00251E-03   0.000E+00   0.000E+00   3.011E+01   4.328E-05   0.000E+00   2   1.186E+02  1   0.000E+00   0.000E+00   0.000E+00
     22  1.01760334762E+03   6.687E+02   6.687E+02   0.000E+00   1.512E+02   6.366E-09   2.406E+02  5.00251E-03   0.000E+00   0.000E+00   3.014E+01   4.279E-05   0.000E+00   3   1.305E+02  1   0.000E+00   0.000E+00   0.000E+00
     23  1.16113250182E+03   6.738E+02   6.738E+02   0.000E+00   1.558E+02   6.512E-09   2.388E+02  5.00251E-03   0.000E+00   0.000E+00   3.018E+01   4.243E-05   0.000E+00   3   1.435E+02  1   0.000E+00   0.000E+00   0.000E+00
     24  1.31901457144E+03   6.794E+02   6.794E+02   0.000E+00   1.611E+02   6.674E-09   2.370E+02  5.00251E-03   0.000E+00   0.000E+00   3.024E+01   4.207E-05   0.000E+00   2   1.579E+02  1   0.000E+00   0.000E+00   0.000E+00
     25  1.49268484802E+03   6.854E+02   6.854E+02   0.000E+00   1.669E+02   6.854E-09   2.350E+02  5.00251E-03   0.000E+00   0.000E+00   3.030E+01   4.170E-05   0.000E+00   2   1.737E+02  1   0.000E+00   0.000E+00   0.000E+00
     26  1.68372215226E+03   6.921E+02   6.921E+02   0.000E+00   1.734E+02   7.054E-09   2.329E+02  5.00251E-03   0.000E+00   0.000E+00   3.039E+01   4.148E-05   0.000E+00   2   1.910E+02  1   0.000E+00   0.000E+00   0.000E+00
     27  1.89386318693E+03   6.996E+02   6.996E+02   0.000E+00   1.809E+02   7.279E-09   2.306E+02  5.00251E-03   0.000E+00   0.000E+00   3.047E+01   4.108E-05   0.000E+00   2   2.101E+02  1   0.000E+00   0.000E+00   0.000E+00
     28  2.12501832506E+03   7.075E+02   7.075E+02   0.000E+00   1.892E+02   7.527E-09   2.283E+02  5.00251E-03   0.000E+00   0.000E+00   3.059E+01   4.089E-05   0.000E+00   3   2.312E+02  1   0.000E+00   0.000E+00   0.000E+00
     29  2.37928897700E+03   7.160E+02   7.160E+02   0.000E+00   1.983E+02   7.797E-09   2.258E+02  5.00251E-03   0.000E+00   0.000E+00   3.068E+01   4.050E-05   0.000E+00   2   2.543E+02  1   0.000E+00   0.000E+00   0.000E+00
     30  2.65898669414E+03   7.249E+02   7.249E+02   0.000E+00   2.085E+02   8.096E-09   2.230E+02  5.00251E-03   0.000E+00   0.000E+00   3.072E+01   3.971E-05   0.000E+00   2   2.797E+02  1   0.000E+00   0.000E+00   0.000E+00
     31  2.96665418299E+03   7.346E+02   7.346E+02   0.000E+00   2.199E+02   8.430E-09   2.202E+02  5.00251E-03   0.000E+00   0.000E+00   3.083E+01   3.925E-05   0.000E+00   3   3.077E+02  1   0.000E+00   0.000E+00   0.000E+00
     32  3.30508842072E+03   7.452E+02   7.452E+02   0.000E+00   2.331E+02   8.808E-09   2.175E+02  5.00251E-03   0.000E+00   0.000E+00   3.101E+01   3.918E-05   0.000E+00   3   3.384E+02  1   0.000E+00   0.000E+00   0.000E+00
     33  3.67736608223E+03   7.567E+02   7.567E+02   0.000E+00   2.481E+02   9.232E-09   2.144E+02  5.00251E-03   0.000E+00   0.000E+00   3.113E+01   3.868E-05   0.000E+00   2   3.723E+02  1   0.000E+00   0.000E+00   0.000E+00
     34  4.08687150989E+03   7.688E+02   7.688E+02   0.000E+00   2.648E+02   9.697E-09   2.110E+02  5.00251E-03   0.000E+00   0.000E+00   3.119E+01   3.777E-05   0.000E+00   3   4.095E+02  1   0.000E+00   0.000E+00   0.000E+00
     35  4.53732748032E+03   7.820E+02   7.820E+02   0.000E+00   2.840E+02   1.022E-08   2.077E+02  5.00251E-03   0.000E+00   0.000E+00   3.136E+01   3.740E-05   0.000E+00   3   4.505E+02  1   0.000E+00   0.000E+00   0.000E+00
     36  5.03282904778E+03   7.962E+02   7.962E+02   0.000E+00   3.058E+02   1.081E-08   2.044E+02  5.00251E-03   0.000E+00   0.000E+00   3.156E+01   3.717E-05   0.000E+00   3   4.955E+02  1   0.000E+00   0.000E+00   0.000E+00
     37  5.57788077200E+03   8.114E+02   8.114E+02   0.000E+00   3.307E+02   1.148E-08   2.007E+02  5.00251E-03   0.000E+00   0.000E+00   3.168E+01   3.633E-05   0.000E+00   3   5.451E+02  1   0.000E+00   0.000E+00   0.000E+00
     38  6.13505136449E+03   8.268E+02   8.268E+02   0.000E+00   3.576E+02   1.218E-08   1.973E+02  5.00251E-03   0.000E+00   0.000E+00   3.184E+01   3.582E-05   0.000E+00   3   5.572E+02  1   0.000E+00   0.000E+00   0.000E+00
     39  6.72996309737E+03   8.426E+02   8.426E+02   0.000E+00   3.873E+02   1.294E-08   1.938E+02  5.00251E-03   0.000E+00   0.000E+00   3.200E+01   3.529E-05   0.000E+00   3   5.949E+02  1   0.000E+00   0.000E+00   0.000E+00
     40  7.34794124235E+03   8.589E+02   8.589E+02   0.000E+00   4.200E+02   1.377E-08   1.904E+02  5.00251E-03   0.000E+00   0.000E+00   3.220E+01   3.493E-05   0.000E+00   3   6.180E+02  1   0.000E+00   0.000E+00   0.000E+00
     41  7.98557005120E+03   8.756E+02   8.756E+02   0.000E+00   4.557E+02   1.465E-08   1.871E+02  5.00251E-03   0.000E+00   0.000E+00   3.240E+01   3.455E-05   0.000E+00   3   6.376E+02  1   0.000E+00   0.000E+00   0.000E+00
     42  8.64364771120E+03   8.922E+02   8.922E+02   0.000E+00   4.938E+02   1.558E-08   1.836E+02  5.00251E-03   0.000E+00   0.000E+00   3.246E+01   3.352E-05   0.000E+00   4   6.581E+02  1   0.000E+00   0.000E+00   0.000E+00
     43  9.31585227216E+03   9.095E+02   9.095E+02   0.000E+00   5.358E+02   1.659E-08   1.806E+02  5.00251E-03   0.000E+00   0.000E+00   3.271E+01   3.344E-05   0.000E+00   3   6.722E+02  1   0.000E+00   0.000E+00   0.000E+00
     44  1.00235521435E+04   9.276E+02   9.276E+02   0.000E+00   5.824E+02   1.767E-08   1.775E+02  5.00251E-03   0.000E+00   0.000E+00   3.299E+01   3.343E-05   0.000E+00   2   7.077E+02  1   0.000E+00   0.000E+00   0.000E+00
     45  1.07385922484E+04   9.455E+02   9.455E+02   0.000E+00   6.314E+02   1.880E-08   1.743E+02  5.00251E-03   0.000E+00   0.000E+00   3.307E+01   3.255E-05   0.000E+00   2   7.150E+02  1   0.000E+00   0.000E+00   0.000E+00
     46  1.14573367610E+04   9.632E+02   9.632E+02   0.000E+00   6.828E+02   1.996E-08   1.715E+02  5.00251E-03   0.000E+00   0.000E+00   3.322E+01   3.210E-05   0.000E+00   3   7.187E+02  1   0.000E+00   0.000E+00   0.000E+00
     47  1.22219083387E+04   9.822E+02   9.822E+02   0.000E+00   7.411E+02   2.124E-08   1.687E+02  5.00251E-03   0.000E+00   0.000E+00   3.347E+01   3.201E-05   0.000E+00   2   7.646E+02  1   0.000E+00   0.000E+00   0.000E+00
     48  1.29984687879E+04   1.002E+03   1.002E+03   0.000E+00   8.040E+02   2.260E-08   1.658E+02  5.00251E-03   0.000E+00   0.000E+00   3.369E+01   3.173E-05   0.000E+00   2   7.766E+02  1   0.000E+00   0.000E+00   0.000E+00
     49  1.37794830191E+04   1.021E+03   1.021E+03   0.000E+00   8.711E+02   2.402E-08   1.631E+02  5.00251E-03   0.000E+00   0.000E+00   3.388E+01   3.140E-05   0.000E+00   3   7.810E+02  1   0.000E+00   0.000E+00   0.000E+00
     50  1.45749837339E+04   1.041E+03   1.041E+03   0.000E+00   9.434E+02   2.552E-08   1.605E+02  5.00251E-03   0.000E+00   0.000E+00   3.407E+01   3.108E-05   0.000E+00   3   7.955E+02  1   0.000E+00   0.000E+00   0.000E+00
     51  1.53939838757E+04   1.061E+03   1.061E+03   0.000E+00   1.021E+03   2.710E-08   1.579E+02  5.00251E-03   0.000E+00   0.000E+00   3.416E+01   3.041E-05   0.000E+00   3   8.190E+02  1   0.000E+00   0.000E+00   0.000E+00
     52  1.62342992203E+04   1.082E+03   1.082E+03   0.000E+00   1.106E+03   2.879E-08   1.554E+02  5.00251E-03   0.000E+00   0.000E+00   3.445E+01   3.047E-05   0.000E+00   3   8.403E+02  1   0.000E+00   0.000E+00   0.000E+00
     53  1.71181251471E+04   1.103E+03   1.103E+03   0.000E+00   1.201E+03   3.065E-08   1.529E+02  5.00251E-03   0.000E+00   0.000E+00   3.477E+01   3.061E-05   0.000E+00   3   8.838E+02  1   0.000E+00   0.000E+00   0.000E+00
     54  1.80105607222E+04   1.125E+03   1.125E+03   0.000E+00   1.304E+03   3.262E-08   1.504E+02  5.00251E-03   0.000E+00   0.000E+00   3.498E+01   3.037E-05   0.000E+00   2   8.924E+02  1   0.000E+00   0.000E+00   0.000E+00
     55  1.89164686485E+04   1.147E+03   1.147E+03   0.000E+00   1.412E+03   3.465E-08   1.480E+02  5.00251E-03   0.000E+00   0.000E+00   3.504E+01   2.959E-05   0.000E+00   3   9.059E+02  1   0.000E+00   0.000E+00   0.000E+00
     56  1.98577962308E+04   1.170E+03   1.170E+03   0.000E+00   1.532E+03   3.686E-08   1.457E+02  5.00251E-03   0.000E+00   0.000E+00   3.537E+01   2.981E-05   0.000E+00   3   9.413E+02  1   0.000E+00   0.000E+00   0.000E+00
     57  2.08401805727E+04   1.194E+03   1.194E+03   0.000E+00   1.666E+03   3.928E-08   1.434E+02  5.00251E-03   0.000E+00   0.000E+00   3.574E+01   3.007E-05   0.000E+00   2   9.824E+02  1   0.000E+00   0.000E+00   0.000E+00
     58  2.16260880461E+04   1.215E+03   1.215E+03   0.000E+00   1.785E+03   4.138E-08   1.413E+02  5.00251E-03   0.000E+00   0.000E+00   3.588E+01   2.966E-05   0.000E+00   3   7.859E+02  1   0.000E+00   0.000E+00   0.000E+00
     59  2.24905862669E+04   1.237E+03   1.237E+03   0.000E+00   1.921E+03   4.373E-08   1.393E+02  5.00251E-03   0.000E+00   0.000E+00   3.605E+01   2.937E-05   0.000E+00   3   8.645E+02  1   0.000E+00   0.000E+00   0.000E+00
     60  2.34415343099E+04   1.261E+03   1.261E+03   0.000E+00   2.076E+03   4.636E-08   1.373E+02  5.00251E-03   0.000E+00   0.000E+00   3.636E+01   2.952E-05   0.000E+00   3   9.509E+02  1   0.000E+00   0.000E+00   0.000E+00
     61  2.44704736053E+04   1.286E+03   1.286E+03   0.000E+00   2.252E+03   4.930E-08   1.351E+02  5.00251E-03   0.000E+00   0.000E+00   3.659E+01   2.932E-05   0.000E+00   3   1.029E+03  1   0.000E+00   0.000E+00   0.000E+00
     62  2.55187037100E+04   1.312E+03   1.312E+03   0.000E+00   2.444E+03   5.245E-08   1.330E+02  5.00251E-03   0.000E+00   0.000E+00   3.686E+01   2.924E-05   0.000E+00   3   1.048E+03  1   0.000E+00   0.000E+00   0.000E+00
     63  2.66031473832E+04   1.339E+03   1.339E+03   0.000E+00   2.658E+03   5.589E-08   1.308E+02  5.00251E-03   0.000E+00   0.000E+00   3.727E+01   2.956E-05   0.000E+00   3   1.084E+03  1   0.000E+00   0.000E+00   0.000E+00
     64  2.77050478858E+04   1.367E+03   1.367E+03   0.000E+00   2.892E+03   5.957E-08   1.285E+02  5.00251E-03   0.000E+00   0.000E+00   3.754E+01   2.940E-05   0.000E+00   2   1.102E+03  1   0.000E+00   0.000E+00   0.000E+00
     65  2.88080252098E+04   1.394E+03   1.394E+03   0.000E+00   3.139E+03   6.339E-08   1.264E+02  5.00251E-03   0.000E+00   0.000E+00   3.769E+01   2.891E-05   0.000E+00   3   1.103E+03  1   0.000E+00   0.000E+00   0.000E+00
     66  2.99546825764E+04   1.423E+03   1.423E+03   0.000E+00   3.415E+03   6.755E-08   1.244E+02  5.00251E-03   0.000E+00   0.000E+00   3.804E+01   2.903E-05   0.000E+00   2   1.147E+03  1   0.000E+00   0.000E+00   0.000E+00
     67  3.11227748537E+04   1.453E+03   1.453E+03   0.000E+00   3.718E+03   7.204E-08   1.221E+02  5.00251E-03   0.000E+00   0.000E+00   3.853E+01   2.946E-05   0.000E+00   2   1.168E+03  1   0.000E+00   0.000E+00   0.000E+00
     68  3.20572486756E+04   1.478E+03   1.478E+03   0.000E+00   3.986E+03   7.595E-08   1.202E+02  5.00251E-03   0.000E+00   0.000E+00   3.879E+01   2.933E-05   0.000E+00   3   9.345E+02  1   0.000E+00   0.000E+00   0.000E+00
     69  3.30851698796E+04   1.505E+03   1.505E+03   0.000E+00   4.299E+03   8.043E-08   1.183E+02  5.00251E-03   0.000E+00   0.000E+00   3.902E+01   2.905E-05   0.000E+00   3   1.028E+03  1   0.000E+00   0.000E+00   0.000E+00
     70  3.42158832041E+04   1.534E+03   1.534E+03   0.000E+00   4.659E+03   8.551E-08   1.163E+02  5.00251E-03   0.000E+00   0.000E+00   3.923E+01   2.872E-05   0.000E+00   3   1.131E+03  1   0.000E+00   0.000E+00   0.000E+00
     71  3.54203029739E+04   1.564E+03   1.564E+03   0.000E+00   5.064E+03   9.117E-08   1.143E+02  5.00251E-03   0.000E+00   0.000E+00   3.958E+01   2.871E-05   0.000E+00   3   1.204E+03  1   0.000E+00   0.000E+00   0.000E+00
     72  3.66827982842E+04   1.592E+03   1.592E+03   0.000E+00   5.518E+03   9.759E-08   1.122E+02  5.00251E-03   0.000E+00   0.000E+00   3.991E+01   2.863E-05   0.000E+00   4   1.262E+03  1   0.000E+00   0.000E+00   0.000E+00
     73  3.79675797237E+04   1.618E+03   1.618E+03   0.000E+00   6.025E+03   1.048E-07   1.100E+02  5.00251E-03   0.000E+00   0.000E+00   4.031E+01   2.862E-05   0.000E+00   3   1.285E+03  1   0.000E+00   0.000E+00   0.000E+00
     74  3.89954048753E+04   1.638E+03   1.638E+03   0.000E+00   6.477E+03   1.113E-07   1.082E+02  5.00251E-03   0.000E+00   0.000E+00   4.058E+01   2.843E-05   0.000E+00   3   1.028E+03  1   0.000E+00   0.000E+00   0.000E+00
     75  4.01260125420E+04   1.658E+03   1.658E+03   0.000E+00   7.016E+03   1.191E-07   1.064E+02  5.00251E-03   0.000E+00   0.000E+00   4.078E+01   2.803E-05   0.000E+00   3   1.131E+03  1   0.000E+00   0.000E+00   0.000E+00
     76  4.13696809755E+04   1.677E+03   1.677E+03   0.000E+00   7.663E+03   1.285E-07   1.044E+02  5.00251E-03   0.000E+00   0.000E+00   4.115E+01   2.801E-05   0.000E+00   3   1.244E+03  1   0.000E+00   0.000E+00   0.000E+00
     77  4.26871182201E+04   1.696E+03   1.696E+03   0.000E+00   8.417E+03   1.397E-07   1.024E+02  5.00251E-03   0.000E+00   0.000E+00   4.149E+01   2.782E-05   0.000E+00   3   1.317E+03  1   0.000E+00   0.000E+00   0.000E+00
     78  4.40520765055E+04   1.713E+03   1.713E+03   0.000E+00   9.300E+03   1.527E-07   1.003E+02  5.00251E-03   0.000E+00   0.000E+00   4.182E+01   2.758E-05   0.000E+00   3   1.365E+03  1   0.000E+00   0.000E+00   0.000E+00
     79  4.54571095813E+04   1.729E+03   1.729E+03   0.000E+00   1.033E+04   1.682E-07   9.838E+01  5.00251E-03   0.000E+00   0.000E+00   4.212E+01   2.729E-05   0.000E+00   3   1.405E+03  1   0.000E+00   0.000E+00   0.000E+00
     80  4.68974531961E+04   1.742E+03   1.742E+03   0.000E+00   1.154E+04   1.865E-07   9.663E+01  5.00251E-03   0.000E+00   0.000E+00   4.235E+01   2.693E-05   0.000E+00   4   1.440E+03  1   0.000E+00   0.000E+00   0.000E+00
     81  4.83965881764E+04   1.753E+03   1.753E+03   0.000E+00   1.303E+04   2.092E-07   9.478E+01  5.00251E-03   0.000E+00   0.000E+00   4.276E+01   2.691E-05   0.000E+00   3   1.499E+03  1   0.000E+00   0.000E+00   0.000E+00
     82  4.99658388949E+04   1.763E+03   1.763E+03   0.000E+00   1.488E+04   2.375E-07   9.292E+01  5.00251E-03   0.000E+00   0.000E+00   4.317E+01   2.687E-05   0.000E+00   3   1.569E+03  1   0.000E+00   0.000E+00   0.000E+00
     83  5.16175732081E+04   1.773E+03   1.773E+03   0.000E+00   1.725E+04   2.738E-07   9.125E+01  5.00251E-03   0.000E+00   0.000E+00   4.352E+01   2.677E-05   0.000E+00   3   1.652E+03  1   0.000E+00   0.000E+00   0.000E+00
     84  5.33943602788E+04   1.783E+03   1.783E+03   0.000E+00   2.041E+04   3.221E-07   8.991E+01  5.00251E-03   0.000E+00   0.000E+00   4.386E+01   2.680E-05   0.000E+00   3   1.777E+03  1   0.000E+00   0.000E+00   0.000E+00
     85  5.53488260566E+04   1.795E+03   1.795E+03   0.000E+00   2.487E+04   3.898E-07   8.924E+01  5.00251E-03   0.000E+00   0.000E+00   4.411E+01   2.703E-05   0.000E+00   4   1.954E+03  1   0.000E+00   0.000E+00   0.000E+00
     86  5.74878294385E+04   1.814E+03   1.814E+03   0.000E+00   3.153E+04   4.893E-07   8.920E+01  5.00251E-03   0.000E+00   0.000E+00   4.458E+01   2.817E-05   0.000E+00   4   2.139E+03  1   0.000E+00   0.000E+00   0.000E+00
     87  5.91990321440E+04   1.841E+03   1.841E+03   0.000E+00   3.953E+04   6.048E-07   9.001E+01  5.00251E-03   0.000E+00   0.000E+00   4.492E+01   2.958E-05   0.000E+00   4   1.711E+03  1   0.000E+00   0.000E+00   0.000E+00
     88  6.04681074910E+04   1.877E+03   1.877E+03   0.000E+00   4.864E+04   7.293E-07   9.141E+01  5.00251E-03   0.000E+00   0.000E+00   4.521E+01   3.128E-05   0.000E+00   5   1.269E+03  1   0.000E+00   0.000E+00   0.000E+00
     89  6.12947322707E+04   1.916E+03   1.916E+03   0.000E+00   5.752E+04   8.446E-07   9.285E+01  5.00251E-03   0.000E+00   0.000E+00   4.544E+01   3.295E-05   0.000E+00   5   8.266E+02  1   0.000E+00   0.000E+00   0.000E+00
     90  6.18693649568E+04   1.956E+03   1.956E+03   0.000E+00   6.634E+04   9.539E-07   9.436E+01  5.00251E-03   0.000E+00   0.000E+00   4.553E+01   3.428E-05   0.000E+00   5   5.746E+02  1   0.000E+00   0.000E+00   0.000E+00
     91  6.23100165058E+04   1.995E+03   1.995E+03   0.000E+00   7.558E+04   1.064E-06   9.606E+01  5.00251E-03   0.000E+00   0.000E+00   4.555E+01   3.558E-05   0.000E+00   5   4.407E+02  1   0.000E+00   0.000E+00   0.000E+00
     92  6.26625377450E+04   2.038E+03   2.038E+03   0.000E+00   8.581E+04   1.182E-06   9.770E+01  5.00251E-03   0.000E+00   0.000E+00   4.569E+01   3.729E-05   0.000E+00   5   3.525E+02  1   0.000E+00   0.000E+00   0.000E+00
     93  6.29445547364E+04   2.084E+03   2.084E+03   0.000E+00   9.754E+04   1.314E-06   9.938E+01  5.00251E-03   0.000E+00   0.000E+00   4.575E+01   3.877E-05   0.000E+00   5   2.820E+02  1   0.000E+00   0.000E+00   0.000E+00
     94  6.31701683295E+04   2.140E+03   2.140E+03   0.000E+00   1.127E+05   1.477E-06   1.011E+02  5.00251E-03   0.000E+00   0.000E+00   4.575E+01   4.013E-05   0.000E+00   6   2.256E+02  1   0.000E+00   0.000E+00   0.000E+00
     95  6.33505683376E+04   2.216E+03   2.216E+03   0.000E+00   1.356E+05   1.714E-06   1.028E+02  5.00251E-03   0.000E+00   0.000E+00   4.595E+01   4.222E-05   0.000E+00   7   1.804E+02  1   0.000E+00   0.000E+00   0.000E+00
