
 Timestep     Time[yr]           Tc        Tmax        M-Tmax        Pc        Rho_c         R          M        coreHEmass  coreCOmass       Te           L  T_irr     iter#   dt[yr] Phase     mdot     mdotRei    mdot/Rei 

      1  1.00000000000E+01   6.750E+02   6.750E+02   0.000E+00   2.630E+01   1.097E-09   5.358E+02  1.20060E-02   0.000E+00   0.000E+00   5.662E+01   2.645E-03   0.000E+00  93   1.000E+01  1   0.000E+00   0.000E+00   0.000E+00
      2  1.34805597592E+01   6.781E+02   6.781E+02   0.000E+00   2.681E+01   1.113E-09   5.262E+02  1.20060E-02   0.000E+00   0.000E+00   5.403E+01   2.114E-03   0.000E+00  34   3.481E+00  1   0.000E+00   0.000E+00   0.000E+00
      3  1.62650075665E+01   6.799E+02   6.799E+02   0.000E+00   2.712E+01   1.123E-09   5.212E+02  1.20060E-02   0.000E+00   0.000E+00   5.267E+01   1.874E-03   0.000E+00   4   2.784E+00  1   0.000E+00   0.000E+00   0.000E+00
      4  1.93279001546E+01   6.821E+02   6.821E+02   0.000E+00   2.749E+01   1.135E-09   5.172E+02  1.20060E-02   0.000E+00   0.000E+00   5.168E+01   1.710E-03   0.000E+00   3   3.063E+00  1   0.000E+00   0.000E+00   0.000E+00
      5  2.26970820014E+01   6.842E+02   6.842E+02   0.000E+00   2.787E+01   1.147E-09   5.141E+02  1.20060E-02   0.000E+00   0.000E+00   5.095E+01   1.595E-03   0.000E+00   3   3.369E+00  1   0.000E+00   0.000E+00   0.000E+00
      6  2.64031820330E+01   6.862E+02   6.862E+02   0.000E+00   2.823E+01   1.158E-09   5.119E+02  1.20060E-02   0.000E+00   0.000E+00   5.042E+01   1.518E-03   0.000E+00   3   3.706E+00  1   0.000E+00   0.000E+00   0.000E+00
      7  3.04798920677E+01   6.882E+02   6.882E+02   0.000E+00   2.861E+01   1.170E-09   5.103E+02  1.20060E-02   0.000E+00   0.000E+00   5.008E+01   1.468E-03   0.000E+00   2   4.077E+00  1   0.000E+00   0.000E+00   0.000E+00
      8  3.70026281233E+01   6.914E+02   6.914E+02   0.000E+00   2.922E+01   1.190E-09   5.086E+02  1.20060E-02   0.000E+00   0.000E+00   4.990E+01   1.437E-03   0.000E+00   2   6.523E+00  1   0.000E+00   0.000E+00   0.000E+00
      9  4.41776377844E+01   6.948E+02   6.948E+02   0.000E+00   2.989E+01   1.211E-09   5.075E+02  1.20060E-02   0.000E+00   0.000E+00   4.994E+01   1.436E-03   0.000E+00   2   7.175E+00  1   0.000E+00   0.000E+00   0.000E+00
     10  5.20701484116E+01   6.985E+02   6.985E+02   0.000E+00   3.062E+01   1.234E-09   5.063E+02  1.20060E-02   0.000E+00   0.000E+00   4.995E+01   1.430E-03   0.000E+00   3   7.893E+00  1   0.000E+00   0.000E+00   0.000E+00
     11  6.07519101015E+01   7.027E+02   7.027E+02   0.000E+00   3.146E+01   1.261E-09   5.052E+02  1.20060E-02   0.000E+00   0.000E+00   5.012E+01   1.444E-03   0.000E+00   3   8.682E+00  1   0.000E+00   0.000E+00   0.000E+00
     12  7.03018479604E+01   7.076E+02   7.076E+02   0.000E+00   3.244E+01   1.291E-09   5.041E+02  1.20060E-02   0.000E+00   0.000E+00   5.043E+01   1.472E-03   0.000E+00   2   9.550E+00  1   0.000E+00   0.000E+00   0.000E+00
     13  8.08067796053E+01   7.132E+02   7.132E+02   0.000E+00   3.358E+01   1.326E-09   5.026E+02  1.20060E-02   0.000E+00   0.000E+00   5.078E+01   1.506E-03   0.000E+00   2   1.050E+01  1   0.000E+00   0.000E+00   0.000E+00
     14  9.23622044146E+01   7.194E+02   7.194E+02   0.000E+00   3.488E+01   1.365E-09   5.008E+02  1.20060E-02   0.000E+00   0.000E+00   5.116E+01   1.539E-03   0.000E+00   2   1.156E+01  1   0.000E+00   0.000E+00   0.000E+00
     15  1.05073171705E+02   7.263E+02   7.263E+02   0.000E+00   3.635E+01   1.409E-09   4.984E+02  1.20060E-02   0.000E+00   0.000E+00   5.133E+01   1.545E-03   0.000E+00   3   1.271E+01  1   0.000E+00   0.000E+00   0.000E+00
     16  1.19055235724E+02   7.337E+02   7.337E+02   0.000E+00   3.797E+01   1.457E-09   4.961E+02  1.20060E-02   0.000E+00   0.000E+00   5.170E+01   1.576E-03   0.000E+00   3   1.398E+01  1   0.000E+00   0.000E+00   0.000E+00
     17  1.34435506145E+02   7.421E+02   7.421E+02   0.000E+00   3.985E+01   1.512E-09   4.932E+02  1.20060E-02   0.000E+00   0.000E+00   5.213E+01   1.610E-03   0.000E+00   3   1.538E+01  1   0.000E+00   0.000E+00   0.000E+00
     18  1.51353803609E+02   7.516E+02   7.516E+02   0.000E+00   4.204E+01   1.575E-09   4.898E+02  1.20060E-02   0.000E+00   0.000E+00   5.257E+01   1.641E-03   0.000E+00   2   1.692E+01  1   0.000E+00   0.000E+00   0.000E+00
     19  1.69963930818E+02   7.621E+02   7.621E+02   0.000E+00   4.455E+01   1.646E-09   4.856E+02  1.20060E-02   0.000E+00   0.000E+00   5.277E+01   1.639E-03   0.000E+00   3   1.861E+01  1   0.000E+00   0.000E+00   0.000E+00
     20  1.90435070749E+02   7.733E+02   7.733E+02   0.000E+00   4.738E+01   1.725E-09   4.815E+02  1.20060E-02   0.000E+00   0.000E+00   5.323E+01   1.668E-03   0.000E+00   3   2.047E+01  1   0.000E+00   0.000E+00   0.000E+00
     21  2.12953324672E+02   7.856E+02   7.856E+02   0.000E+00   5.067E+01   1.816E-09   4.766E+02  1.20060E-02   0.000E+00   0.000E+00   5.374E+01   1.698E-03   0.000E+00   2   2.252E+01  1   0.000E+00   0.000E+00   0.000E+00
     22  2.37723403988E+02   7.994E+02   7.994E+02   0.000E+00   5.455E+01   1.921E-09   4.710E+02  1.20060E-02   0.000E+00   0.000E+00   5.425E+01   1.722E-03   0.000E+00   2   2.477E+01  1   0.000E+00   0.000E+00   0.000E+00
     23  2.64970491236E+02   8.143E+02   8.143E+02   0.000E+00   5.899E+01   2.040E-09   4.649E+02  1.20060E-02   0.000E+00   0.000E+00   5.450E+01   1.709E-03   0.000E+00   3   2.725E+01  1   0.000E+00   0.000E+00   0.000E+00
     24  2.94942287208E+02   8.304E+02   8.304E+02   0.000E+00   6.412E+01   2.174E-09   4.586E+02  1.20060E-02   0.000E+00   0.000E+00   5.508E+01   1.734E-03   0.000E+00   3   2.997E+01  1   0.000E+00   0.000E+00   0.000E+00
     25  3.27378379336E+02   8.479E+02   8.479E+02   0.000E+00   7.006E+01   2.326E-09   4.516E+02  1.20060E-02   0.000E+00   0.000E+00   5.567E+01   1.755E-03   0.000E+00   2   3.244E+01  1   0.000E+00   0.000E+00   0.000E+00
     26  3.53327253039E+02   8.625E+02   8.625E+02   0.000E+00   7.530E+01   2.459E-09   4.459E+02  1.20060E-02   0.000E+00   0.000E+00   5.586E+01   1.734E-03   0.000E+00   3   2.595E+01  1   0.000E+00   0.000E+00   0.000E+00
     27  3.81871014111E+02   8.784E+02   8.784E+02   0.000E+00   8.140E+01   2.609E-09   4.401E+02  1.20060E-02   0.000E+00   0.000E+00   5.641E+01   1.758E-03   0.000E+00   4   2.854E+01  1   0.000E+00   0.000E+00   0.000E+00
     28  4.13269151291E+02   8.958E+02   8.958E+02   0.000E+00   8.848E+01   2.781E-09   4.335E+02  1.20060E-02   0.000E+00   0.000E+00   5.697E+01   1.774E-03   0.000E+00   2   3.140E+01  1   0.000E+00   0.000E+00   0.000E+00
     29  4.46315170130E+02   9.144E+02   9.144E+02   0.000E+00   9.649E+01   2.971E-09   4.266E+02  1.20060E-02   0.000E+00   0.000E+00   5.753E+01   1.787E-03   0.000E+00   2   3.305E+01  1   0.000E+00   0.000E+00   0.000E+00
     30  4.79869445040E+02   9.329E+02   9.329E+02   0.000E+00   1.050E+02   3.170E-09   4.201E+02  1.20060E-02   0.000E+00   0.000E+00   5.782E+01   1.768E-03   0.000E+00   3   3.355E+01  1   0.000E+00   0.000E+00   0.000E+00
     31  5.14220769238E+02   9.522E+02   9.522E+02   0.000E+00   1.144E+02   3.384E-09   4.136E+02  1.20060E-02   0.000E+00   0.000E+00   5.843E+01   1.787E-03   0.000E+00   3   3.435E+01  1   0.000E+00   0.000E+00   0.000E+00
     32  5.49640252265E+02   9.725E+02   9.725E+02   0.000E+00   1.249E+02   3.616E-09   4.067E+02  1.20060E-02   0.000E+00   0.000E+00   5.902E+01   1.799E-03   0.000E+00   2   3.542E+01  1   0.000E+00   0.000E+00   0.000E+00
     33  5.77975838687E+02   9.897E+02   9.897E+02   0.000E+00   1.342E+02   3.818E-09   4.010E+02  1.20060E-02   0.000E+00   0.000E+00   5.949E+01   1.804E-03   0.000E+00   3   2.834E+01  1   0.000E+00   0.000E+00   0.000E+00
     34  6.09144983751E+02   1.008E+03   1.008E+03   0.000E+00   1.449E+02   4.046E-09   3.953E+02  1.20060E-02   0.000E+00   0.000E+00   5.972E+01   1.781E-03   0.000E+00   3   3.117E+01  1   0.000E+00   0.000E+00   0.000E+00
     35  6.43325060806E+02   1.029E+03   1.029E+03   0.000E+00   1.571E+02   4.300E-09   3.892E+02  1.20060E-02   0.000E+00   0.000E+00   6.033E+01   1.799E-03   0.000E+00   3   3.418E+01  1   0.000E+00   0.000E+00   0.000E+00
     36  6.79772736338E+02   1.050E+03   1.050E+03   0.000E+00   1.709E+02   4.582E-09   3.827E+02  1.20060E-02   0.000E+00   0.000E+00   6.091E+01   1.807E-03   0.000E+00   2   3.645E+01  1   0.000E+00   0.000E+00   0.000E+00
     37  7.08930876764E+02   1.068E+03   1.068E+03   0.000E+00   1.831E+02   4.826E-09   3.773E+02  1.20060E-02   0.000E+00   0.000E+00   6.137E+01   1.809E-03   0.000E+00   3   2.916E+01  1   0.000E+00   0.000E+00   0.000E+00
     38  7.41004831232E+02   1.088E+03   1.088E+03   0.000E+00   1.972E+02   5.102E-09   3.715E+02  1.20060E-02   0.000E+00   0.000E+00   6.184E+01   1.808E-03   0.000E+00   3   3.207E+01  1   0.000E+00   0.000E+00   0.000E+00
     39  7.76286181148E+02   1.110E+03   1.110E+03   0.000E+00   2.134E+02   5.414E-09   3.658E+02  1.20060E-02   0.000E+00   0.000E+00   6.213E+01   1.787E-03   0.000E+00   3   3.528E+01  1   0.000E+00   0.000E+00   0.000E+00
     40  8.13700607150E+02   1.132E+03   1.132E+03   0.000E+00   2.314E+02   5.755E-09   3.597E+02  1.20060E-02   0.000E+00   0.000E+00   6.275E+01   1.798E-03   0.000E+00   3   3.741E+01  1   0.000E+00   0.000E+00   0.000E+00
     41  8.53128520693E+02   1.156E+03   1.156E+03   0.000E+00   2.516E+02   6.129E-09   3.533E+02  1.20060E-02   0.000E+00   0.000E+00   6.332E+01   1.798E-03   0.000E+00   2   3.943E+01  1   0.000E+00   0.000E+00   0.000E+00
     42  8.92574461806E+02   1.180E+03   1.180E+03   0.000E+00   2.734E+02   6.521E-09   3.470E+02  1.20060E-02   0.000E+00   0.000E+00   6.386E+01   1.794E-03   0.000E+00   2   3.945E+01  1   0.000E+00   0.000E+00   0.000E+00
     43  9.32245106062E+02   1.205E+03   1.205E+03   0.000E+00   2.966E+02   6.932E-09   3.408E+02  1.20060E-02   0.000E+00   0.000E+00   6.439E+01   1.789E-03   0.000E+00   2   3.967E+01  1   0.000E+00   0.000E+00   0.000E+00
     44  9.72546616315E+02   1.229E+03   1.229E+03   0.000E+00   3.215E+02   7.361E-09   3.352E+02  1.20060E-02   0.000E+00   0.000E+00   6.473E+01   1.767E-03   0.000E+00   3   4.030E+01  1   0.000E+00   0.000E+00   0.000E+00
     45  1.01422469259E+03   1.255E+03   1.255E+03   0.000E+00   3.489E+02   7.827E-09   3.292E+02  1.20060E-02   0.000E+00   0.000E+00   6.534E+01   1.770E-03   0.000E+00   3   4.168E+01  1   0.000E+00   0.000E+00   0.000E+00
     46  1.05712107378E+03   1.281E+03   1.281E+03   0.000E+00   3.792E+02   8.330E-09   3.230E+02  1.20060E-02   0.000E+00   0.000E+00   6.590E+01   1.764E-03   0.000E+00   2   4.290E+01  1   0.000E+00   0.000E+00   0.000E+00
     47  1.10038320383E+03   1.308E+03   1.308E+03   0.000E+00   4.115E+02   8.860E-09   3.170E+02  1.20060E-02   0.000E+00   0.000E+00   6.645E+01   1.755E-03   0.000E+00   3   4.326E+01  1   0.000E+00   0.000E+00   0.000E+00
     48  1.14504333737E+03   1.334E+03   1.334E+03   0.000E+00   4.471E+02   9.436E-09   3.109E+02  1.20060E-02   0.000E+00   0.000E+00   6.699E+01   1.744E-03   0.000E+00   3   4.466E+01  1   0.000E+00   0.000E+00   0.000E+00
     49  1.19061491954E+03   1.360E+03   1.360E+03   0.000E+00   4.859E+02   1.006E-08   3.054E+02  1.20060E-02   0.000E+00   0.000E+00   6.734E+01   1.719E-03   0.000E+00   3   4.557E+01  1   0.000E+00   0.000E+00   0.000E+00
     50  1.23780558176E+03   1.386E+03   1.386E+03   0.000E+00   5.287E+02   1.074E-08   2.996E+02  1.20060E-02   0.000E+00   0.000E+00   6.796E+01   1.716E-03   0.000E+00   3   4.719E+01  1   0.000E+00   0.000E+00   0.000E+00
     51  1.28655325130E+03   1.412E+03   1.412E+03   0.000E+00   5.762E+02   1.149E-08   2.936E+02  1.20060E-02   0.000E+00   0.000E+00   6.853E+01   1.704E-03   0.000E+00   3   4.875E+01  1   0.000E+00   0.000E+00   0.000E+00
     52  1.33585084817E+03   1.435E+03   1.435E+03   0.000E+00   6.284E+02   1.233E-08   2.877E+02  1.20060E-02   0.000E+00   0.000E+00   6.909E+01   1.690E-03   0.000E+00   4   4.930E+01  1   0.000E+00   0.000E+00   0.000E+00
     53  1.38532547832E+03   1.455E+03   1.455E+03   0.000E+00   6.850E+02   1.325E-08   2.820E+02  1.20060E-02   0.000E+00   0.000E+00   6.963E+01   1.675E-03   0.000E+00   4   4.947E+01  1   0.000E+00   0.000E+00   0.000E+00
     54  1.43526205664E+03   1.473E+03   1.473E+03   0.000E+00   7.476E+02   1.429E-08   2.764E+02  1.20060E-02   0.000E+00   0.000E+00   7.017E+01   1.660E-03   0.000E+00   3   4.994E+01  1   0.000E+00   0.000E+00   0.000E+00
     55  1.48586487949E+03   1.488E+03   1.488E+03   0.000E+00   8.168E+02   1.546E-08   2.710E+02  1.20060E-02   0.000E+00   0.000E+00   7.069E+01   1.643E-03   0.000E+00   3   5.060E+01  1   0.000E+00   0.000E+00   0.000E+00
     56  1.53861968914E+03   1.502E+03   1.502E+03   0.000E+00   8.959E+02   1.680E-08   2.661E+02  1.20060E-02   0.000E+00   0.000E+00   7.107E+01   1.618E-03   0.000E+00   3   5.275E+01  1   0.000E+00   0.000E+00   0.000E+00
     57  1.59438826954E+03   1.515E+03   1.515E+03   0.000E+00   9.889E+02   1.838E-08   2.607E+02  1.20060E-02   0.000E+00   0.000E+00   7.166E+01   1.606E-03   0.000E+00   3   5.577E+01  1   0.000E+00   0.000E+00   0.000E+00
     58  1.65293911821E+03   1.528E+03   1.528E+03   0.000E+00   1.098E+03   2.024E-08   2.553E+02  1.20060E-02   0.000E+00   0.000E+00   7.221E+01   1.589E-03   0.000E+00   3   5.855E+01  1   0.000E+00   0.000E+00   0.000E+00
     59  1.71385251441E+03   1.542E+03   1.542E+03   0.000E+00   1.228E+03   2.242E-08   2.501E+02  1.20060E-02   0.000E+00   0.000E+00   7.273E+01   1.569E-03   0.000E+00   3   6.091E+01  1   0.000E+00   0.000E+00   0.000E+00
     60  1.77716201583E+03   1.557E+03   1.557E+03   0.000E+00   1.381E+03   2.499E-08   2.451E+02  1.20060E-02   0.000E+00   0.000E+00   7.324E+01   1.549E-03   0.000E+00   2   6.331E+01  1   0.000E+00   0.000E+00   0.000E+00
     61  1.84234626190E+03   1.573E+03   1.573E+03   0.000E+00   1.562E+03   2.796E-08   2.405E+02  1.20060E-02   0.000E+00   0.000E+00   7.373E+01   1.531E-03   0.000E+00   2   6.518E+01  1   0.000E+00   0.000E+00   0.000E+00
     62  1.90813078437E+03   1.591E+03   1.591E+03   0.000E+00   1.773E+03   3.140E-08   2.363E+02  1.20060E-02   0.000E+00   0.000E+00   7.419E+01   1.516E-03   0.000E+00   2   6.578E+01  1   0.000E+00   0.000E+00   0.000E+00
     63  1.96075840235E+03   1.608E+03   1.608E+03   0.000E+00   1.980E+03   3.467E-08   2.334E+02  1.20060E-02   0.000E+00   0.000E+00   7.447E+01   1.502E-03   0.000E+00   4   5.263E+01  1   0.000E+00   0.000E+00   0.000E+00
     64  2.01786878704E+03   1.630E+03   1.630E+03   0.000E+00   2.239E+03   3.869E-08   2.304E+02  1.20060E-02   0.000E+00   0.000E+00   7.495E+01   1.502E-03   0.000E+00   3   5.711E+01  1   0.000E+00   0.000E+00   0.000E+00
     65  2.06355709478E+03   1.648E+03   1.648E+03   0.000E+00   2.486E+03   4.246E-08   2.283E+02  1.20060E-02   0.000E+00   0.000E+00   7.531E+01   1.502E-03   0.000E+00   3   4.569E+01  1   0.000E+00   0.000E+00   0.000E+00
     66  2.11381423331E+03   1.671E+03   1.671E+03   0.000E+00   2.805E+03   4.726E-08   2.263E+02  1.20060E-02   0.000E+00   0.000E+00   7.571E+01   1.509E-03   0.000E+00   3   5.026E+01  1   0.000E+00   0.000E+00   0.000E+00
     67  2.16835072386E+03   1.695E+03   1.695E+03   0.000E+00   3.210E+03   5.328E-08   2.249E+02  1.20060E-02   0.000E+00   0.000E+00   7.615E+01   1.524E-03   0.000E+00   3   5.454E+01  1   0.000E+00   0.000E+00   0.000E+00
     68  2.22570866692E+03   1.720E+03   1.720E+03   0.000E+00   3.724E+03   6.090E-08   2.242E+02  1.20060E-02   0.000E+00   0.000E+00   7.666E+01   1.556E-03   0.000E+00   3   5.736E+01  1   0.000E+00   0.000E+00   0.000E+00
     69  2.28508188290E+03   1.744E+03   1.744E+03   0.000E+00   4.396E+03   7.090E-08   2.244E+02  1.20060E-02   0.000E+00   0.000E+00   7.726E+01   1.608E-03   0.000E+00   4   5.937E+01  1   0.000E+00   0.000E+00   0.000E+00
     70  2.33258045569E+03   1.765E+03   1.765E+03   0.000E+00   5.133E+03   8.186E-08   2.252E+02  1.20060E-02   0.000E+00   0.000E+00   7.781E+01   1.666E-03   0.000E+00   3   4.750E+01  1   0.000E+00   0.000E+00   0.000E+00
     71  2.38471945322E+03   1.789E+03   1.789E+03   0.000E+00   6.235E+03   9.807E-08   2.279E+02  1.20060E-02   0.000E+00   0.000E+00   7.831E+01   1.750E-03   0.000E+00   4   5.214E+01  1   0.000E+00   0.000E+00   0.000E+00
     72  2.42643065124E+03   1.816E+03   1.816E+03   0.000E+00   7.518E+03   1.165E-07   2.311E+02  1.20060E-02   0.000E+00   0.000E+00   7.884E+01   1.849E-03   0.000E+00   6   4.171E+01  1   0.000E+00   0.000E+00   0.000E+00
     73  2.45979960967E+03   1.854E+03   1.854E+03   0.000E+00   9.078E+03   1.378E-07   2.350E+02  1.20060E-02   0.000E+00   0.000E+00   7.923E+01   1.950E-03   0.000E+00   7   3.337E+01  1   0.000E+00   0.000E+00   0.000E+00
     74  2.48329776747E+03   1.898E+03   1.898E+03   0.000E+00   1.079E+04   1.598E-07   2.389E+02  1.20060E-02   0.000E+00   0.000E+00   7.946E+01   2.038E-03   0.000E+00   8   2.350E+01  1   0.000E+00   0.000E+00   0.000E+00
     75  2.49868363688E+03   1.946E+03   1.946E+03   0.000E+00   1.260E+04   1.818E-07   2.421E+02  1.20060E-02   0.000E+00   0.000E+00   7.959E+01   2.107E-03   0.000E+00   8   1.539E+01  1   0.000E+00   0.000E+00   0.000E+00
     76  2.50954440819E+03   2.000E+03   2.000E+03   0.000E+00   1.480E+04   2.073E-07   2.448E+02  1.20060E-02   0.000E+00   0.000E+00   7.965E+01   2.162E-03   0.000E+00   8   1.086E+01  1   0.000E+00   0.000E+00   0.000E+00
     77  2.51727875514E+03   2.071E+03   2.071E+03   0.000E+00   1.825E+04   2.460E-07   2.469E+02  1.20060E-02   0.000E+00   0.000E+00   7.972E+01   2.208E-03   0.000E+00   9   7.734E+00  1   0.000E+00   0.000E+00   0.000E+00
     78  2.52186684133E+03   2.236E+03   2.236E+03   0.000E+00   2.866E+04   3.554E-07   2.469E+02  1.20060E-02   0.000E+00   0.000E+00   8.013E+01   2.252E-03   0.000E+00  15   4.588E+00  1   0.000E+00   0.000E+00   0.000E+00
     79  2.52820475067E+03   2.265E+03   2.265E+03   0.000E+00   3.162E+04   3.862E-07   2.608E+02  1.20060E-02   0.000E+00   0.000E+00   7.793E+01   2.249E-03   0.000E+00  10   6.338E+00  1   0.000E+00   0.000E+00   0.000E+00
     80  2.93114364953E+03   1.869E+03   1.869E+03   0.000E+00   1.736E+04   2.617E-07   3.111E+02  1.20060E-02   0.000E+00   0.000E+00   8.149E+01   3.825E-03   0.000E+00 383   4.029E+02  1   0.000E+00   0.000E+00   0.000E+00
