
 Timestep     Time[yr]           Tc        Tmax        M-Tmax        Pc        Rho_c         R          M        coreHEmass  coreCOmass       Te           L  T_irr     iter#   dt[yr] Phase     mdot     mdotRei    mdot/Rei 

      1  1.00000000000E+01   4.893E+02   4.893E+02   0.000E+00   6.533E+01   3.759E-09   2.690E+02  4.00201E-03   0.000E+00   0.000E+00   4.773E+01   3.366E-04   0.000E+00  63   1.000E+01  1   0.000E+00   0.000E+00   0.000E+00
      2  1.30793223215E+01   4.899E+02   4.899E+02   0.000E+00   6.565E+01   3.773E-09   2.662E+02  4.00201E-03   0.000E+00   0.000E+00   4.693E+01   3.079E-04   0.000E+00  20   3.079E+00  1   0.000E+00   0.000E+00   0.000E+00
      3  1.55427801787E+01   4.904E+02   4.904E+02   0.000E+00   6.593E+01   3.786E-09   2.641E+02  4.00201E-03   0.000E+00   0.000E+00   4.639E+01   2.895E-04   0.000E+00   4   2.463E+00  1   0.000E+00   0.000E+00   0.000E+00
      4  1.82525838216E+01   4.911E+02   4.911E+02   0.000E+00   6.630E+01   3.803E-09   2.620E+02  4.00201E-03   0.000E+00   0.000E+00   4.589E+01   2.727E-04   0.000E+00   2   2.710E+00  1   0.000E+00   0.000E+00   0.000E+00
      5  2.25882696502E+01   4.923E+02   4.923E+02   0.000E+00   6.695E+01   3.830E-09   2.591E+02  4.00201E-03   0.000E+00   0.000E+00   4.523E+01   2.518E-04   0.000E+00   2   4.336E+00  1   0.000E+00   0.000E+00   0.000E+00
      6  2.73575240617E+01   4.934E+02   4.934E+02   0.000E+00   6.759E+01   3.856E-09   2.565E+02  4.00201E-03   0.000E+00   0.000E+00   4.463E+01   2.339E-04   0.000E+00   3   4.769E+00  1   0.000E+00   0.000E+00   0.000E+00
      7  3.26037039143E+01   4.945E+02   4.945E+02   0.000E+00   6.816E+01   3.880E-09   2.542E+02  4.00201E-03   0.000E+00   0.000E+00   4.407E+01   2.185E-04   0.000E+00   2   5.246E+00  1   0.000E+00   0.000E+00   0.000E+00
      8  3.83745017523E+01   4.954E+02   4.954E+02   0.000E+00   6.866E+01   3.902E-09   2.520E+02  4.00201E-03   0.000E+00   0.000E+00   4.357E+01   2.050E-04   0.000E+00   2   5.771E+00  1   0.000E+00   0.000E+00   0.000E+00
      9  4.76077782929E+01   4.968E+02   4.968E+02   0.000E+00   6.945E+01   3.937E-09   2.491E+02  4.00201E-03   0.000E+00   0.000E+00   4.295E+01   1.891E-04   0.000E+00   2   9.233E+00  1   0.000E+00   0.000E+00   0.000E+00
     10  5.77643824876E+01   4.986E+02   4.986E+02   0.000E+00   7.048E+01   3.980E-09   2.463E+02  4.00201E-03   0.000E+00   0.000E+00   4.242E+01   1.760E-04   0.000E+00   2   1.016E+01  1   0.000E+00   0.000E+00   0.000E+00
     11  6.89366471018E+01   5.003E+02   5.003E+02   0.000E+00   7.148E+01   4.022E-09   2.439E+02  4.00201E-03   0.000E+00   0.000E+00   4.196E+01   1.654E-04   0.000E+00   4   1.117E+01  1   0.000E+00   0.000E+00   0.000E+00
     12  8.12261381775E+01   5.021E+02   5.021E+02   0.000E+00   7.253E+01   4.067E-09   2.418E+02  4.00201E-03   0.000E+00   0.000E+00   4.159E+01   1.568E-04   0.000E+00   3   1.229E+01  1   0.000E+00   0.000E+00   0.000E+00
     13  9.47445783607E+01   5.041E+02   5.041E+02   0.000E+00   7.366E+01   4.114E-09   2.399E+02  4.00201E-03   0.000E+00   0.000E+00   4.130E+01   1.500E-04   0.000E+00   2   1.352E+01  1   0.000E+00   0.000E+00   0.000E+00
     14  1.09614862562E+02   5.061E+02   5.061E+02   0.000E+00   7.485E+01   4.164E-09   2.382E+02  4.00201E-03   0.000E+00   0.000E+00   4.108E+01   1.447E-04   0.000E+00   2   1.487E+01  1   0.000E+00   0.000E+00   0.000E+00
     15  1.25972175184E+02   5.081E+02   5.081E+02   0.000E+00   7.612E+01   4.217E-09   2.366E+02  4.00201E-03   0.000E+00   0.000E+00   4.092E+01   1.406E-04   0.000E+00   2   1.636E+01  1   0.000E+00   0.000E+00   0.000E+00
     16  1.43965219068E+02   5.104E+02   5.104E+02   0.000E+00   7.752E+01   4.276E-09   2.350E+02  4.00201E-03   0.000E+00   0.000E+00   4.082E+01   1.373E-04   0.000E+00   2   1.799E+01  1   0.000E+00   0.000E+00   0.000E+00
     17  1.63757567340E+02   5.130E+02   5.130E+02   0.000E+00   7.911E+01   4.342E-09   2.334E+02  4.00201E-03   0.000E+00   0.000E+00   4.075E+01   1.346E-04   0.000E+00   2   1.979E+01  1   0.000E+00   0.000E+00   0.000E+00
     18  1.85529150439E+02   5.159E+02   5.159E+02   0.000E+00   8.091E+01   4.416E-09   2.318E+02  4.00201E-03   0.000E+00   0.000E+00   4.072E+01   1.324E-04   0.000E+00   2   2.177E+01  1   0.000E+00   0.000E+00   0.000E+00
     19  2.09477891849E+02   5.189E+02   5.189E+02   0.000E+00   8.285E+01   4.494E-09   2.302E+02  4.00201E-03   0.000E+00   0.000E+00   4.072E+01   1.306E-04   0.000E+00   2   2.395E+01  1   0.000E+00   0.000E+00   0.000E+00
     20  2.35821507399E+02   5.221E+02   5.221E+02   0.000E+00   8.492E+01   4.579E-09   2.286E+02  4.00201E-03   0.000E+00   0.000E+00   4.075E+01   1.292E-04   0.000E+00   2   2.634E+01  1   0.000E+00   0.000E+00   0.000E+00
     21  2.64799484504E+02   5.256E+02   5.256E+02   0.000E+00   8.724E+01   4.673E-09   2.270E+02  4.00201E-03   0.000E+00   0.000E+00   4.081E+01   1.280E-04   0.000E+00   2   2.898E+01  1   0.000E+00   0.000E+00   0.000E+00
     22  2.96675259320E+02   5.296E+02   5.296E+02   0.000E+00   8.990E+01   4.780E-09   2.252E+02  4.00201E-03   0.000E+00   0.000E+00   4.087E+01   1.268E-04   0.000E+00   2   3.188E+01  1   0.000E+00   0.000E+00   0.000E+00
     23  3.31738611618E+02   5.340E+02   5.340E+02   0.000E+00   9.290E+01   4.898E-09   2.233E+02  4.00201E-03   0.000E+00   0.000E+00   4.093E+01   1.255E-04   0.000E+00   2   3.506E+01  1   0.000E+00   0.000E+00   0.000E+00
     24  3.70308299145E+02   5.387E+02   5.387E+02   0.000E+00   9.622E+01   5.028E-09   2.213E+02  4.00201E-03   0.000E+00   0.000E+00   4.099E+01   1.239E-04   0.000E+00   2   3.857E+01  1   0.000E+00   0.000E+00   0.000E+00
     25  4.12734955425E+02   5.437E+02   5.437E+02   0.000E+00   9.985E+01   5.170E-09   2.192E+02  4.00201E-03   0.000E+00   0.000E+00   4.102E+01   1.219E-04   0.000E+00   3   4.243E+01  1   0.000E+00   0.000E+00   0.000E+00
     26  4.59404277333E+02   5.491E+02   5.491E+02   0.000E+00   1.039E+02   5.326E-09   2.171E+02  4.00201E-03   0.000E+00   0.000E+00   4.109E+01   1.205E-04   0.000E+00   2   4.667E+01  1   0.000E+00   0.000E+00   0.000E+00
     27  5.10740531431E+02   5.550E+02   5.550E+02   0.000E+00   1.085E+02   5.502E-09   2.150E+02  4.00201E-03   0.000E+00   0.000E+00   4.121E+01   1.195E-04   0.000E+00   2   5.134E+01  1   0.000E+00   0.000E+00   0.000E+00
     28  5.67210410940E+02   5.617E+02   5.617E+02   0.000E+00   1.138E+02   5.704E-09   2.127E+02  4.00201E-03   0.000E+00   0.000E+00   4.134E+01   1.183E-04   0.000E+00   2   5.647E+01  1   0.000E+00   0.000E+00   0.000E+00
     29  6.29327278399E+02   5.687E+02   5.687E+02   0.000E+00   1.197E+02   5.926E-09   2.103E+02  4.00201E-03   0.000E+00   0.000E+00   4.147E+01   1.172E-04   0.000E+00   3   6.212E+01  1   0.000E+00   0.000E+00   0.000E+00
     30  6.97655832605E+02   5.762E+02   5.762E+02   0.000E+00   1.263E+02   6.170E-09   2.076E+02  4.00201E-03   0.000E+00   0.000E+00   4.153E+01   1.148E-04   0.000E+00   2   6.833E+01  1   0.000E+00   0.000E+00   0.000E+00
     31  7.72817242231E+02   5.841E+02   5.841E+02   0.000E+00   1.336E+02   6.440E-09   2.050E+02  4.00201E-03   0.000E+00   0.000E+00   4.167E+01   1.136E-04   0.000E+00   3   7.516E+01  1   0.000E+00   0.000E+00   0.000E+00
     32  8.55494792819E+02   5.930E+02   5.930E+02   0.000E+00   1.422E+02   6.750E-09   2.023E+02  4.00201E-03   0.000E+00   0.000E+00   4.187E+01   1.127E-04   0.000E+00   2   8.268E+01  1   0.000E+00   0.000E+00   0.000E+00
     33  9.46440098466E+02   6.024E+02   6.024E+02   0.000E+00   1.517E+02   7.091E-09   1.993E+02  4.00201E-03   0.000E+00   0.000E+00   4.201E+01   1.109E-04   0.000E+00   3   9.095E+01  1   0.000E+00   0.000E+00   0.000E+00
     34  1.04647993468E+03   6.127E+02   6.127E+02   0.000E+00   1.627E+02   7.475E-09   1.962E+02  4.00201E-03   0.000E+00   0.000E+00   4.214E+01   1.088E-04   0.000E+00   3   1.000E+02  1   0.000E+00   0.000E+00   0.000E+00
     35  1.15652375451E+03   6.237E+02   6.237E+02   0.000E+00   1.750E+02   7.900E-09   1.931E+02  4.00201E-03   0.000E+00   0.000E+00   4.237E+01   1.077E-04   0.000E+00   3   1.100E+02  1   0.000E+00   0.000E+00   0.000E+00
     36  1.27757195633E+03   6.359E+02   6.359E+02   0.000E+00   1.893E+02   8.381E-09   1.898E+02  4.00201E-03   0.000E+00   0.000E+00   4.257E+01   1.061E-04   0.000E+00   2   1.210E+02  1   0.000E+00   0.000E+00   0.000E+00
     37  1.40655104649E+03   6.484E+02   6.484E+02   0.000E+00   2.049E+02   8.894E-09   1.864E+02  4.00201E-03   0.000E+00   0.000E+00   4.268E+01   1.034E-04   0.000E+00   3   1.290E+02  1   0.000E+00   0.000E+00   0.000E+00
     38  1.54133029016E+03   6.612E+02   6.612E+02   0.000E+00   2.218E+02   9.444E-09   1.832E+02  4.00201E-03   0.000E+00   0.000E+00   4.293E+01   1.022E-04   0.000E+00   3   1.348E+02  1   0.000E+00   0.000E+00   0.000E+00
     39  1.68432712386E+03   6.749E+02   6.749E+02   0.000E+00   2.410E+02   1.005E-08   1.799E+02  4.00201E-03   0.000E+00   0.000E+00   4.320E+01   1.010E-04   0.000E+00   3   1.430E+02  1   0.000E+00   0.000E+00   0.000E+00
     40  1.82942317014E+03   6.883E+02   6.883E+02   0.000E+00   2.610E+02   1.068E-08   1.766E+02  4.00201E-03   0.000E+00   0.000E+00   4.333E+01   9.850E-05   0.000E+00   3   1.451E+02  1   0.000E+00   0.000E+00   0.000E+00
     41  1.97910774859E+03   7.022E+02   7.022E+02   0.000E+00   2.831E+02   1.135E-08   1.735E+02  4.00201E-03   0.000E+00   0.000E+00   4.358E+01   9.735E-05   0.000E+00   3   1.497E+02  1   0.000E+00   0.000E+00   0.000E+00
     42  2.13600229117E+03   7.164E+02   7.164E+02   0.000E+00   3.070E+02   1.206E-08   1.704E+02  4.00201E-03   0.000E+00   0.000E+00   4.382E+01   9.595E-05   0.000E+00   3   1.569E+02  1   0.000E+00   0.000E+00   0.000E+00
     43  2.29727967796E+03   7.311E+02   7.311E+02   0.000E+00   3.330E+02   1.282E-08   1.673E+02  4.00201E-03   0.000E+00   0.000E+00   4.400E+01   9.405E-05   0.000E+00   2   1.613E+02  1   0.000E+00   0.000E+00   0.000E+00
     44  2.46040299397E+03   7.455E+02   7.455E+02   0.000E+00   3.601E+02   1.360E-08   1.644E+02  4.00201E-03   0.000E+00   0.000E+00   4.416E+01   9.208E-05   0.000E+00   3   1.631E+02  1   0.000E+00   0.000E+00   0.000E+00
     45  2.63144563756E+03   7.604E+02   7.604E+02   0.000E+00   3.897E+02   1.443E-08   1.615E+02  4.00201E-03   0.000E+00   0.000E+00   4.436E+01   9.050E-05   0.000E+00   3   1.710E+02  1   0.000E+00   0.000E+00   0.000E+00
     46  2.80831804849E+03   7.759E+02   7.759E+02   0.000E+00   4.224E+02   1.533E-08   1.586E+02  4.00201E-03   0.000E+00   0.000E+00   4.466E+01   8.970E-05   0.000E+00   3   1.769E+02  1   0.000E+00   0.000E+00   0.000E+00
     47  2.99157946917E+03   7.913E+02   7.913E+02   0.000E+00   4.574E+02   1.627E-08   1.558E+02  4.00201E-03   0.000E+00   0.000E+00   4.485E+01   8.797E-05   0.000E+00   3   1.833E+02  1   0.000E+00   0.000E+00   0.000E+00
     48  3.18193580016E+03   8.068E+02   8.068E+02   0.000E+00   4.953E+02   1.728E-08   1.529E+02  4.00201E-03   0.000E+00   0.000E+00   4.495E+01   8.552E-05   0.000E+00   3   1.904E+02  1   0.000E+00   0.000E+00   0.000E+00
     49  3.38039635354E+03   8.227E+02   8.227E+02   0.000E+00   5.371E+02   1.838E-08   1.502E+02  4.00201E-03   0.000E+00   0.000E+00   4.529E+01   8.509E-05   0.000E+00   3   1.985E+02  1   0.000E+00   0.000E+00   0.000E+00
     50  3.59210890920E+03   8.392E+02   8.392E+02   0.000E+00   5.837E+02   1.958E-08   1.475E+02  4.00201E-03   0.000E+00   0.000E+00   4.553E+01   8.377E-05   0.000E+00   2   2.117E+02  1   0.000E+00   0.000E+00   0.000E+00
     51  3.80685082814E+03   8.554E+02   8.554E+02   0.000E+00   6.325E+02   2.082E-08   1.447E+02  4.00201E-03   0.000E+00   0.000E+00   4.566E+01   8.159E-05   0.000E+00   3   2.147E+02  1   0.000E+00   0.000E+00   0.000E+00
     52  4.03079683298E+03   8.723E+02   8.723E+02   0.000E+00   6.868E+02   2.217E-08   1.421E+02  4.00201E-03   0.000E+00   0.000E+00   4.597E+01   8.079E-05   0.000E+00   3   2.239E+02  1   0.000E+00   0.000E+00   0.000E+00
     53  4.26471850455E+03   8.897E+02   8.897E+02   0.000E+00   7.465E+02   2.362E-08   1.395E+02  4.00201E-03   0.000E+00   0.000E+00   4.619E+01   7.939E-05   0.000E+00   2   2.339E+02  1   0.000E+00   0.000E+00   0.000E+00
     54  4.50346330323E+03   9.069E+02   9.069E+02   0.000E+00   8.094E+02   2.513E-08   1.369E+02  4.00201E-03   0.000E+00   0.000E+00   4.634E+01   7.739E-05   0.000E+00   3   2.387E+02  1   0.000E+00   0.000E+00   0.000E+00
     55  4.75144074386E+03   9.248E+02   9.248E+02   0.000E+00   8.791E+02   2.676E-08   1.344E+02  4.00201E-03   0.000E+00   0.000E+00   4.662E+01   7.651E-05   0.000E+00   3   2.480E+02  1   0.000E+00   0.000E+00   0.000E+00
     56  5.00962471096E+03   9.432E+02   9.432E+02   0.000E+00   9.553E+02   2.851E-08   1.320E+02  4.00201E-03   0.000E+00   0.000E+00   4.682E+01   7.499E-05   0.000E+00   2   2.582E+02  1   0.000E+00   0.000E+00   0.000E+00
     57  5.27115911909E+03   9.617E+02   9.617E+02   0.000E+00   1.036E+03   3.033E-08   1.296E+02  4.00201E-03   0.000E+00   0.000E+00   4.707E+01   7.387E-05   0.000E+00   2   2.615E+02  1   0.000E+00   0.000E+00   0.000E+00
     58  5.54213295692E+03   9.807E+02   9.807E+02   0.000E+00   1.124E+03   3.227E-08   1.273E+02  4.00201E-03   0.000E+00   0.000E+00   4.731E+01   7.277E-05   0.000E+00   3   2.710E+02  1   0.000E+00   0.000E+00   0.000E+00
     59  5.82146794367E+03   1.000E+03   1.000E+03   0.000E+00   1.221E+03   3.435E-08   1.251E+02  4.00201E-03   0.000E+00   0.000E+00   4.758E+01   7.187E-05   0.000E+00   2   2.793E+02  1   0.000E+00   0.000E+00   0.000E+00
     60  6.10746888911E+03   1.020E+03   1.020E+03   0.000E+00   1.323E+03   3.653E-08   1.228E+02  4.00201E-03   0.000E+00   0.000E+00   4.773E+01   7.019E-05   0.000E+00   3   2.860E+02  1   0.000E+00   0.000E+00   0.000E+00
     61  6.40141893376E+03   1.040E+03   1.040E+03   0.000E+00   1.435E+03   3.884E-08   1.207E+02  4.00201E-03   0.000E+00   0.000E+00   4.789E+01   6.868E-05   0.000E+00   3   2.940E+02  1   0.000E+00   0.000E+00   0.000E+00
     62  6.70682371030E+03   1.061E+03   1.061E+03   0.000E+00   1.558E+03   4.136E-08   1.187E+02  4.00201E-03   0.000E+00   0.000E+00   4.838E+01   6.916E-05   0.000E+00   3   3.054E+02  1   0.000E+00   0.000E+00   0.000E+00
     63  7.02752063425E+03   1.082E+03   1.082E+03   0.000E+00   1.694E+03   4.406E-08   1.165E+02  4.00201E-03   0.000E+00   0.000E+00   4.855E+01   6.759E-05   0.000E+00   2   3.207E+02  1   0.000E+00   0.000E+00   0.000E+00
     64  7.28407817340E+03   1.100E+03   1.100E+03   0.000E+00   1.811E+03   4.635E-08   1.148E+02  4.00201E-03   0.000E+00   0.000E+00   4.868E+01   6.639E-05   0.000E+00   3   2.566E+02  1   0.000E+00   0.000E+00   0.000E+00
     65  7.56629146647E+03   1.119E+03   1.119E+03   0.000E+00   1.944E+03   4.892E-08   1.131E+02  4.00201E-03   0.000E+00   0.000E+00   4.885E+01   6.530E-05   0.000E+00   3   2.822E+02  1   0.000E+00   0.000E+00   0.000E+00
     66  7.87672608885E+03   1.140E+03   1.140E+03   0.000E+00   2.097E+03   5.181E-08   1.113E+02  4.00201E-03   0.000E+00   0.000E+00   4.911E+01   6.462E-05   0.000E+00   3   3.104E+02  1   0.000E+00   0.000E+00   0.000E+00
     67  8.21820417346E+03   1.162E+03   1.162E+03   0.000E+00   2.273E+03   5.508E-08   1.095E+02  4.00201E-03   0.000E+00   0.000E+00   4.949E+01   6.451E-05   0.000E+00   3   3.415E+02  1   0.000E+00   0.000E+00   0.000E+00
     68  8.57880721721E+03   1.185E+03   1.185E+03   0.000E+00   2.468E+03   5.859E-08   1.076E+02  4.00201E-03   0.000E+00   0.000E+00   4.955E+01   6.253E-05   0.000E+00   2   3.606E+02  1   0.000E+00   0.000E+00   0.000E+00
     69  8.94163009420E+03   1.209E+03   1.209E+03   0.000E+00   2.673E+03   6.225E-08   1.059E+02  4.00201E-03   0.000E+00   0.000E+00   4.987E+01   6.211E-05   0.000E+00   3   3.628E+02  1   0.000E+00   0.000E+00   0.000E+00
     70  9.33555830554E+03   1.234E+03   1.234E+03   0.000E+00   2.908E+03   6.635E-08   1.041E+02  4.00201E-03   0.000E+00   0.000E+00   5.023E+01   6.179E-05   0.000E+00   2   3.939E+02  1   0.000E+00   0.000E+00   0.000E+00
     71  9.73079174692E+03   1.259E+03   1.259E+03   0.000E+00   3.160E+03   7.064E-08   1.023E+02  4.00201E-03   0.000E+00   0.000E+00   5.050E+01   6.101E-05   0.000E+00   2   3.952E+02  1   0.000E+00   0.000E+00   0.000E+00
     72  1.01330567903E+04   1.284E+03   1.284E+03   0.000E+00   3.425E+03   7.509E-08   1.006E+02  4.00201E-03   0.000E+00   0.000E+00   5.052E+01   5.907E-05   0.000E+00   3   4.023E+02  1   0.000E+00   0.000E+00   0.000E+00
     73  1.05480238205E+04   1.311E+03   1.311E+03   0.000E+00   3.723E+03   7.997E-08   9.897E+01  4.00201E-03   0.000E+00   0.000E+00   5.107E+01   5.971E-05   0.000E+00   3   4.150E+02  1   0.000E+00   0.000E+00   0.000E+00
     74  1.09901748315E+04   1.338E+03   1.338E+03   0.000E+00   4.058E+03   8.537E-08   9.729E+01  4.00201E-03   0.000E+00   0.000E+00   5.139E+01   5.916E-05   0.000E+00   2   4.422E+02  1   0.000E+00   0.000E+00   0.000E+00
     75  1.13438956403E+04   1.361E+03   1.361E+03   0.000E+00   4.351E+03   9.002E-08   9.593E+01  4.00201E-03   0.000E+00   0.000E+00   5.168E+01   5.885E-05   0.000E+00   3   3.537E+02  1   0.000E+00   0.000E+00   0.000E+00
     76  1.17329885300E+04   1.385E+03   1.385E+03   0.000E+00   4.687E+03   9.530E-08   9.449E+01  4.00201E-03   0.000E+00   0.000E+00   5.184E+01   5.779E-05   0.000E+00   3   3.891E+02  1   0.000E+00   0.000E+00   0.000E+00
     77  1.21609907086E+04   1.411E+03   1.411E+03   0.000E+00   5.080E+03   1.013E-07   9.300E+01  4.00201E-03   0.000E+00   0.000E+00   5.209E+01   5.708E-05   0.000E+00   3   4.280E+02  1   0.000E+00   0.000E+00   0.000E+00
     78  1.26266819614E+04   1.440E+03   1.440E+03   0.000E+00   5.528E+03   1.081E-07   9.151E+01  4.00201E-03   0.000E+00   0.000E+00   5.251E+01   5.706E-05   0.000E+00   3   4.657E+02  1   0.000E+00   0.000E+00   0.000E+00
     79  1.31140284693E+04   1.470E+03   1.470E+03   0.000E+00   6.033E+03   1.156E-07   8.994E+01  4.00201E-03   0.000E+00   0.000E+00   5.309E+01   5.759E-05   0.000E+00   3   4.873E+02  1   0.000E+00   0.000E+00   0.000E+00
     80  1.36098212002E+04   1.501E+03   1.501E+03   0.000E+00   6.588E+03   1.236E-07   8.833E+01  4.00201E-03   0.000E+00   0.000E+00   5.344E+01   5.702E-05   0.000E+00   2   4.958E+02  1   0.000E+00   0.000E+00   0.000E+00
     81  1.41063278034E+04   1.530E+03   1.530E+03   0.000E+00   7.172E+03   1.320E-07   8.690E+01  4.00201E-03   0.000E+00   0.000E+00   5.353E+01   5.557E-05   0.000E+00   3   4.965E+02  1   0.000E+00   0.000E+00   0.000E+00
     82  1.46288961351E+04   1.560E+03   1.560E+03   0.000E+00   7.832E+03   1.414E-07   8.546E+01  4.00201E-03   0.000E+00   0.000E+00   5.402E+01   5.574E-05   0.000E+00   3   5.226E+02  1   0.000E+00   0.000E+00   0.000E+00
     83  1.51732551366E+04   1.591E+03   1.591E+03   0.000E+00   8.578E+03   1.518E-07   8.398E+01  4.00201E-03   0.000E+00   0.000E+00   5.441E+01   5.541E-05   0.000E+00   2   5.444E+02  1   0.000E+00   0.000E+00   0.000E+00
     84  1.57189210913E+04   1.619E+03   1.619E+03   0.000E+00   9.382E+03   1.631E-07   8.261E+01  4.00201E-03   0.000E+00   0.000E+00   5.464E+01   5.453E-05   0.000E+00   4   5.457E+02  1   0.000E+00   0.000E+00   0.000E+00
     85  1.62868795244E+04   1.647E+03   1.647E+03   0.000E+00   1.032E+04   1.763E-07   8.112E+01  4.00201E-03   0.000E+00   0.000E+00   5.535E+01   5.533E-05   0.000E+00   3   5.680E+02  1   0.000E+00   0.000E+00   0.000E+00
     86  1.68579783416E+04   1.673E+03   1.673E+03   0.000E+00   1.136E+04   1.911E-07   7.957E+01  4.00201E-03   0.000E+00   0.000E+00   5.595E+01   5.558E-05   0.000E+00   2   5.711E+02  1   0.000E+00   0.000E+00   0.000E+00
     87  1.73148573954E+04   1.694E+03   1.694E+03   0.000E+00   1.231E+04   2.045E-07   7.831E+01  4.00201E-03   0.000E+00   0.000E+00   5.636E+01   5.544E-05   0.000E+00   2   4.569E+02  1   0.000E+00   0.000E+00   0.000E+00
     88  1.78174243545E+04   1.714E+03   1.714E+03   0.000E+00   1.345E+04   2.208E-07   7.713E+01  4.00201E-03   0.000E+00   0.000E+00   5.639E+01   5.390E-05   0.000E+00   3   5.026E+02  1   0.000E+00   0.000E+00   0.000E+00
     89  1.83702480096E+04   1.731E+03   1.731E+03   0.000E+00   1.483E+04   2.410E-07   7.588E+01  4.00201E-03   0.000E+00   0.000E+00   5.686E+01   5.395E-05   0.000E+00   4   5.528E+02  1   0.000E+00   0.000E+00   0.000E+00
     90  1.89459618430E+04   1.744E+03   1.744E+03   0.000E+00   1.646E+04   2.656E-07   7.456E+01  4.00201E-03   0.000E+00   0.000E+00   5.739E+01   5.405E-05   0.000E+00   3   5.757E+02  1   0.000E+00   0.000E+00   0.000E+00
     91  1.95240187778E+04   1.755E+03   1.755E+03   0.000E+00   1.838E+04   2.948E-07   7.326E+01  4.00201E-03   0.000E+00   0.000E+00   5.786E+01   5.391E-05   0.000E+00   3   5.781E+02  1   0.000E+00   0.000E+00   0.000E+00
     92  2.01158689707E+04   1.765E+03   1.765E+03   0.000E+00   2.072E+04   3.304E-07   7.191E+01  4.00201E-03   0.000E+00   0.000E+00   5.849E+01   5.422E-05   0.000E+00   3   5.919E+02  1   0.000E+00   0.000E+00   0.000E+00
     93  2.07358798618E+04   1.773E+03   1.773E+03   0.000E+00   2.361E+04   3.748E-07   7.065E+01  4.00201E-03   0.000E+00   0.000E+00   5.893E+01   5.393E-05   0.000E+00   3   6.200E+02  1   0.000E+00   0.000E+00   0.000E+00
     94  2.13899170034E+04   1.782E+03   1.782E+03   0.000E+00   2.731E+04   4.315E-07   6.955E+01  4.00201E-03   0.000E+00   0.000E+00   5.933E+01   5.372E-05   0.000E+00   3   6.540E+02  1   0.000E+00   0.000E+00   0.000E+00
     95  2.20899856138E+04   1.790E+03   1.790E+03   0.000E+00   3.219E+04   5.062E-07   6.877E+01  4.00201E-03   0.000E+00   0.000E+00   5.963E+01   5.359E-05   0.000E+00   4   7.001E+02  1   0.000E+00   0.000E+00   0.000E+00
     96  2.28460062056E+04   1.802E+03   1.802E+03   0.000E+00   3.901E+04   6.090E-07   6.829E+01  4.00201E-03   0.000E+00   0.000E+00   6.002E+01   5.423E-05   0.000E+00   3   7.560E+02  1   0.000E+00   0.000E+00   0.000E+00
     97  2.36395638745E+04   1.820E+03   1.820E+03   0.000E+00   4.857E+04   7.511E-07   6.818E+01  4.00201E-03   0.000E+00   0.000E+00   6.065E+01   5.635E-05   0.000E+00   4   7.936E+02  1   0.000E+00   0.000E+00   0.000E+00
     98  2.42744100095E+04   1.846E+03   1.846E+03   0.000E+00   5.984E+04   9.124E-07   6.846E+01  4.00201E-03   0.000E+00   0.000E+00   6.123E+01   5.904E-05   0.000E+00   4   6.348E+02  1   0.000E+00   0.000E+00   0.000E+00
     99  2.47822869176E+04   1.880E+03   1.880E+03   0.000E+00   7.281E+04   1.090E-06   6.938E+01  4.00201E-03   0.000E+00   0.000E+00   6.144E+01   6.146E-05   0.000E+00   7   5.079E+02  1   0.000E+00   0.000E+00   0.000E+00
    100  2.51506841985E+04   1.917E+03   1.917E+03   0.000E+00   8.639E+04   1.268E-06   7.039E+01  4.00201E-03   0.000E+00   0.000E+00   6.184E+01   6.495E-05   0.000E+00   3   3.684E+02  1   0.000E+00   0.000E+00   0.000E+00
    101  2.54236518146E+04   1.954E+03   1.954E+03   0.000E+00   1.001E+05   1.440E-06   7.170E+01  4.00201E-03   0.000E+00   0.000E+00   6.181E+01   6.724E-05   0.000E+00   4   2.730E+02  1   0.000E+00   0.000E+00   0.000E+00
    102  2.56365189930E+04   1.993E+03   1.993E+03   0.000E+00   1.146E+05   1.615E-06   7.301E+01  4.00201E-03   0.000E+00   0.000E+00   6.194E+01   7.029E-05   0.000E+00   3   2.129E+02  1   0.000E+00   0.000E+00   0.000E+00
    103  2.58068127357E+04   2.035E+03   2.035E+03   0.000E+00   1.306E+05   1.802E-06   7.424E+01  4.00201E-03   0.000E+00   0.000E+00   6.225E+01   7.419E-05   0.000E+00   3   1.703E+02  1   0.000E+00   0.000E+00   0.000E+00
    104  2.59430477299E+04   2.082E+03   2.082E+03   0.000E+00   1.488E+05   2.007E-06   7.543E+01  4.00201E-03   0.000E+00   0.000E+00   6.253E+01   7.793E-05   0.000E+00   4   1.362E+02  1   0.000E+00   0.000E+00   0.000E+00
    105  2.60520357252E+04   2.132E+03   2.132E+03   0.000E+00   1.696E+05   2.233E-06   7.666E+01  4.00201E-03   0.000E+00   0.000E+00   6.267E+01   8.122E-05   0.000E+00   4   1.090E+02  1   0.000E+00   0.000E+00   0.000E+00
    106  2.61392261215E+04   2.190E+03   2.190E+03   0.000E+00   1.956E+05   2.507E-06   7.792E+01  4.00201E-03   0.000E+00   0.000E+00   6.273E+01   8.424E-05   0.000E+00   4   8.719E+01  1   0.000E+00   0.000E+00   0.000E+00
    107  2.62089784385E+04   2.269E+03   2.269E+03   0.000E+00   2.349E+05   2.901E-06   7.921E+01  4.00201E-03   0.000E+00   0.000E+00   6.272E+01   8.699E-05   0.000E+00   5   6.975E+01  1   0.000E+00   0.000E+00   0.000E+00
    108  2.62580291776E+04   1.200E+05   1.200E+05   0.000E+00   2.488E+13   1.731E+00   3.163E-01  4.00201E-03   0.000E+00   0.000E+00   7.504E+02   2.843E-05   0.000E+00   7   4.905E+01  1   0.000E+00   0.000E+00   0.000E+00
    109  2.62580291812E+04   1.200E+05   1.200E+05   0.000E+00   2.489E+13   1.731E+00   3.173E-01  4.00201E-03   0.000E+00   0.000E+00   1.202E+03   1.886E-04   0.000E+00 226   3.601E-06  1   0.000E+00   0.000E+00   0.000E+00
