      1  1.00000000000E+01   5.599E+02   5.599E+02   0.000E+00   5.019E+01   2.524E-09   3.730E+02  6.00302E-03   0.000E+00   0.000E+00   3.564E+01   2.012E-04   0.000E+00  38   1.000E+01  1   0.000E+00   0.000E+00   0.000E+00
      2  1.32768000000E+01   5.600E+02   5.600E+02   0.000E+00   5.026E+01   2.527E-09   3.697E+02  6.00302E-03   0.000E+00   0.000E+00   3.486E+01   1.809E-04   0.000E+00  14   3.277E+00  1   0.000E+00   0.000E+00   0.000E+00
      3  1.58982400000E+01   5.601E+02   5.601E+02   0.000E+00   5.033E+01   2.530E-09   3.675E+02  6.00302E-03   0.000E+00   0.000E+00   3.440E+01   1.694E-04   0.000E+00   4   2.621E+00  1   0.000E+00   0.000E+00   0.000E+00
      4  1.87818240000E+01   5.605E+02   5.605E+02   0.000E+00   5.047E+01   2.536E-09   3.653E+02  6.00302E-03   0.000E+00   0.000E+00   3.400E+01   1.598E-04   0.000E+00   3   2.884E+00  1   0.000E+00   0.000E+00   0.000E+00
      5  2.19537664000E+01   5.609E+02   5.609E+02   0.000E+00   5.064E+01   2.542E-09   3.632E+02  6.00302E-03   0.000E+00   0.000E+00   3.365E+01   1.515E-04   0.000E+00   2   3.172E+00  1   0.000E+00   0.000E+00   0.000E+00
      6  2.70288742400E+01   5.613E+02   5.613E+02   0.000E+00   5.082E+01   2.549E-09   3.605E+02  6.00302E-03   0.000E+00   0.000E+00   3.319E+01   1.413E-04   0.000E+00   2   5.075E+00  1   0.000E+00   0.000E+00   0.000E+00
      7  3.51490467840E+01   5.618E+02   5.618E+02   0.000E+00   5.102E+01   2.557E-09   3.571E+02  6.00302E-03   0.000E+00   0.000E+00   3.263E+01   1.296E-04   0.000E+00   2   8.120E+00  1   0.000E+00   0.000E+00   0.000E+00
      8  4.81413228544E+01   5.624E+02   5.624E+02   0.000E+00   5.131E+01   2.568E-09   3.531E+02  6.00302E-03   0.000E+00   0.000E+00   3.197E+01   1.168E-04   0.000E+00   2   1.299E+01  1   0.000E+00   0.000E+00   0.000E+00
      9  6.24328265318E+01   5.631E+02   5.631E+02   0.000E+00   5.163E+01   2.582E-09   3.496E+02  6.00302E-03   0.000E+00   0.000E+00   3.143E+01   1.069E-04   0.000E+00   2   1.429E+01  1   0.000E+00   0.000E+00   0.000E+00
     10  8.52992324157E+01   5.642E+02   5.642E+02   0.000E+00   5.214E+01   2.603E-09   3.454E+02  6.00302E-03   0.000E+00   0.000E+00   3.085E+01   9.677E-05   0.000E+00   2   2.287E+01  1   0.000E+00   0.000E+00   0.000E+00
     11  1.10452278888E+02   5.659E+02   5.659E+02   0.000E+00   5.284E+01   2.629E-09   3.418E+02  6.00302E-03   0.000E+00   0.000E+00   3.040E+01   8.945E-05   0.000E+00   3   2.515E+01  1   0.000E+00   0.000E+00   0.000E+00
     12  1.38120630008E+02   5.673E+02   5.673E+02   0.000E+00   5.344E+01   2.652E-09   3.392E+02  6.00302E-03   0.000E+00   0.000E+00   3.007E+01   8.430E-05   0.000E+00   3   2.767E+01  1   0.000E+00   0.000E+00   0.000E+00
     13  1.68555816239E+02   5.687E+02   5.687E+02   0.000E+00   5.405E+01   2.676E-09   3.370E+02  6.00302E-03   0.000E+00   0.000E+00   2.984E+01   8.071E-05   0.000E+00   2   3.044E+01  1   0.000E+00   0.000E+00   0.000E+00
     14  2.17252114209E+02   5.710E+02   5.710E+02   0.000E+00   5.504E+01   2.714E-09   3.345E+02  6.00302E-03   0.000E+00   0.000E+00   2.966E+01   7.760E-05   0.000E+00   2   4.870E+01  1   0.000E+00   0.000E+00   0.000E+00
     15  2.70818041977E+02   5.737E+02   5.737E+02   0.000E+00   5.619E+01   2.758E-09   3.324E+02  6.00302E-03   0.000E+00   0.000E+00   2.957E+01   7.573E-05   0.000E+00   2   5.357E+01  1   0.000E+00   0.000E+00   0.000E+00
     16  3.29740562521E+02   5.767E+02   5.767E+02   0.000E+00   5.747E+01   2.806E-09   3.303E+02  6.00302E-03   0.000E+00   0.000E+00   2.955E+01   7.460E-05   0.000E+00   2   5.892E+01  1   0.000E+00   0.000E+00   0.000E+00
     17  3.94555335119E+02   5.799E+02   5.799E+02   0.000E+00   5.883E+01   2.857E-09   3.285E+02  6.00302E-03   0.000E+00   0.000E+00   2.957E+01   7.395E-05   0.000E+00   3   6.481E+01  1   0.000E+00   0.000E+00   0.000E+00
     18  4.65851584978E+02   5.833E+02   5.833E+02   0.000E+00   6.033E+01   2.912E-09   3.266E+02  6.00302E-03   0.000E+00   0.000E+00   2.961E+01   7.351E-05   0.000E+00   2   7.130E+01  1   0.000E+00   0.000E+00   0.000E+00
     19  5.44277459822E+02   5.871E+02   5.871E+02   0.000E+00   6.202E+01   2.974E-09   3.245E+02  6.00302E-03   0.000E+00   0.000E+00   2.966E+01   7.306E-05   0.000E+00   1   7.843E+01  1   0.000E+00   0.000E+00   0.000E+00
     20  6.30545922151E+02   5.914E+02   5.914E+02   0.000E+00   6.391E+01   3.042E-09   3.222E+02  6.00302E-03   0.000E+00   0.000E+00   2.971E+01   7.249E-05   0.000E+00   1   8.627E+01  1   0.000E+00   0.000E+00   0.000E+00
     21  7.25441230712E+02   5.960E+02   5.960E+02   0.000E+00   6.598E+01   3.117E-09   3.197E+02  6.00302E-03   0.000E+00   0.000E+00   2.975E+01   7.169E-05   0.000E+00   2   9.490E+01  1   0.000E+00   0.000E+00   0.000E+00
     22  8.29826070130E+02   6.010E+02   6.010E+02   0.000E+00   6.831E+01   3.200E-09   3.170E+02  6.00302E-03   0.000E+00   0.000E+00   2.978E+01   7.089E-05   0.000E+00   3   1.044E+02  1   0.000E+00   0.000E+00   0.000E+00
     23  9.44649393490E+02   6.064E+02   6.064E+02   0.000E+00   7.090E+01   3.292E-09   3.145E+02  6.00302E-03   0.000E+00   0.000E+00   2.988E+01   7.067E-05   0.000E+00   2   1.148E+02  1   0.000E+00   0.000E+00   0.000E+00
     24  1.07095504918E+03   6.122E+02   6.122E+02   0.000E+00   7.376E+01   3.392E-09   3.118E+02  6.00302E-03   0.000E+00   0.000E+00   2.999E+01   7.045E-05   0.000E+00   2   1.263E+02  1   0.000E+00   0.000E+00   0.000E+00
     25  1.20989127045E+03   6.185E+02   6.185E+02   0.000E+00   7.699E+01   3.505E-09   3.087E+02  6.00302E-03   0.000E+00   0.000E+00   3.006E+01   6.974E-05   0.000E+00   2   1.389E+02  1   0.000E+00   0.000E+00   0.000E+00
     26  1.36272111384E+03   6.256E+02   6.256E+02   0.000E+00   8.069E+01   3.631E-09   3.053E+02  6.00302E-03   0.000E+00   0.000E+00   3.013E+01   6.882E-05   0.000E+00   2   1.528E+02  1   0.000E+00   0.000E+00   0.000E+00
     27  1.53083394157E+03   6.330E+02   6.330E+02   0.000E+00   8.476E+01   3.770E-09   3.019E+02  6.00302E-03   0.000E+00   0.000E+00   3.020E+01   6.797E-05   0.000E+00   3   1.681E+02  1   0.000E+00   0.000E+00   0.000E+00
     28  1.71575805208E+03   6.411E+02   6.411E+02   0.000E+00   8.933E+01   3.923E-09   2.985E+02  6.00302E-03   0.000E+00   0.000E+00   3.034E+01   6.761E-05   0.000E+00   3   1.849E+02  1   0.000E+00   0.000E+00   0.000E+00
     29  1.91917457363E+03   6.500E+02   6.500E+02   0.000E+00   9.460E+01   4.098E-09   2.946E+02  6.00302E-03   0.000E+00   0.000E+00   3.045E+01   6.688E-05   0.000E+00   2   2.034E+02  1   0.000E+00   0.000E+00   0.000E+00
     30  2.14293274734E+03   6.599E+02   6.599E+02   0.000E+00   1.006E+02   4.293E-09   2.907E+02  6.00302E-03   0.000E+00   0.000E+00   3.058E+01   6.618E-05   0.000E+00   3   2.238E+02  1   0.000E+00   0.000E+00   0.000E+00
     31  2.38906673842E+03   6.702E+02   6.702E+02   0.000E+00   1.072E+02   4.504E-09   2.864E+02  6.00302E-03   0.000E+00   0.000E+00   3.065E+01   6.487E-05   0.000E+00   3   2.461E+02  1   0.000E+00   0.000E+00   0.000E+00
     32  2.65981412861E+03   6.817E+02   6.817E+02   0.000E+00   1.149E+02   4.744E-09   2.822E+02  6.00302E-03   0.000E+00   0.000E+00   3.083E+01   6.451E-05   0.000E+00   2   2.707E+02  1   0.000E+00   0.000E+00   0.000E+00
     33  2.95763625781E+03   6.942E+02   6.942E+02   0.000E+00   1.235E+02   5.010E-09   2.778E+02  6.00302E-03   0.000E+00   0.000E+00   3.101E+01   6.398E-05   0.000E+00   3   2.978E+02  1   0.000E+00   0.000E+00   0.000E+00
     34  3.28337032221E+03   7.074E+02   7.074E+02   0.000E+00   1.333E+02   5.306E-09   2.730E+02  6.00302E-03   0.000E+00   0.000E+00   3.110E+01   6.248E-05   0.000E+00   3   3.257E+02  1   0.000E+00   0.000E+00   0.000E+00
     35  3.61751297929E+03   7.211E+02   7.211E+02   0.000E+00   1.440E+02   5.621E-09   2.687E+02  6.00302E-03   0.000E+00   0.000E+00   3.131E+01   6.218E-05   0.000E+00   3   3.341E+02  1   0.000E+00   0.000E+00   0.000E+00
     36  3.97192478000E+03   7.352E+02   7.352E+02   0.000E+00   1.557E+02   5.963E-09   2.641E+02  6.00302E-03   0.000E+00   0.000E+00   3.147E+01   6.132E-05   0.000E+00   3   3.544E+02  1   0.000E+00   0.000E+00   0.000E+00
     37  4.33473892547E+03   7.495E+02   7.495E+02   0.000E+00   1.684E+02   6.326E-09   2.597E+02  6.00302E-03   0.000E+00   0.000E+00   3.163E+01   6.048E-05   0.000E+00   3   3.628E+02  1   0.000E+00   0.000E+00   0.000E+00
     38  4.71133148166E+03   7.639E+02   7.639E+02   0.000E+00   1.822E+02   6.713E-09   2.554E+02  6.00302E-03   0.000E+00   0.000E+00   3.180E+01   5.975E-05   0.000E+00   3   3.766E+02  1   0.000E+00   0.000E+00   0.000E+00
     39  5.10693376093E+03   7.788E+02   7.788E+02   0.000E+00   1.973E+02   7.134E-09   2.511E+02  6.00302E-03   0.000E+00   0.000E+00   3.198E+01   5.912E-05   0.000E+00   3   3.956E+02  1   0.000E+00   0.000E+00   0.000E+00
     40  5.51709132961E+03   7.941E+02   7.941E+02   0.000E+00   2.141E+02   7.590E-09   2.470E+02  6.00302E-03   0.000E+00   0.000E+00   3.219E+01   5.869E-05   0.000E+00   3   4.102E+02  1   0.000E+00   0.000E+00   0.000E+00
     41  5.94074016188E+03   8.092E+02   8.092E+02   0.000E+00   2.319E+02   8.070E-09   2.427E+02  6.00302E-03   0.000E+00   0.000E+00   3.228E+01   5.732E-05   0.000E+00   3   4.236E+02  1   0.000E+00   0.000E+00   0.000E+00
     42  6.37736838713E+03   8.252E+02   8.252E+02   0.000E+00   2.519E+02   8.595E-09   2.388E+02  6.00302E-03   0.000E+00   0.000E+00   3.257E+01   5.749E-05   0.000E+00   3   4.366E+02  1   0.000E+00   0.000E+00   0.000E+00
     43  6.83218999990E+03   8.417E+02   8.417E+02   0.000E+00   2.739E+02   9.158E-09   2.348E+02  6.00302E-03   0.000E+00   0.000E+00   3.280E+01   5.717E-05   0.000E+00   2   4.548E+02  1   0.000E+00   0.000E+00   0.000E+00
     44  7.29162436062E+03   8.579E+02   8.579E+02   0.000E+00   2.967E+02   9.738E-09   2.308E+02  6.00302E-03   0.000E+00   0.000E+00   3.290E+01   5.592E-05   0.000E+00   3   4.594E+02  1   0.000E+00   0.000E+00   0.000E+00
     45  7.76584330882E+03   8.747E+02   8.747E+02   0.000E+00   3.221E+02   1.037E-08   2.272E+02  6.00302E-03   0.000E+00   0.000E+00   3.314E+01   5.576E-05   0.000E+00   3   4.742E+02  1   0.000E+00   0.000E+00   0.000E+00
     46  8.26166445762E+03   8.921E+02   8.921E+02   0.000E+00   3.501E+02   1.105E-08   2.235E+02  6.00302E-03   0.000E+00   0.000E+00   3.341E+01   5.577E-05   0.000E+00   3   4.958E+02  1   0.000E+00   0.000E+00   0.000E+00
     47  8.76510004768E+03   9.100E+02   9.100E+02   0.000E+00   3.806E+02   1.178E-08   2.197E+02  6.00302E-03   0.000E+00   0.000E+00   3.360E+01   5.517E-05   0.000E+00   2   5.034E+02  1   0.000E+00   0.000E+00   0.000E+00
     48  9.27153474831E+03   9.276E+02   9.276E+02   0.000E+00   4.128E+02   1.253E-08   2.163E+02  6.00302E-03   0.000E+00   0.000E+00   3.380E+01   5.470E-05   0.000E+00   3   5.064E+02  1   0.000E+00   0.000E+00   0.000E+00
     49  9.80183588474E+03   9.459E+02   9.459E+02   0.000E+00   4.482E+02   1.334E-08   2.128E+02  6.00302E-03   0.000E+00   0.000E+00   3.394E+01   5.382E-05   0.000E+00   3   5.303E+02  1   0.000E+00   0.000E+00   0.000E+00
     50  1.03383132864E+04   9.649E+02   9.649E+02   0.000E+00   4.870E+02   1.421E-08   2.095E+02  6.00302E-03   0.000E+00   0.000E+00   3.433E+01   5.466E-05   0.000E+00   3   5.365E+02  1   0.000E+00   0.000E+00   0.000E+00
     51  1.08906335263E+04   9.845E+02   9.845E+02   0.000E+00   5.296E+02   1.514E-08   2.061E+02  6.00302E-03   0.000E+00   0.000E+00   3.458E+01   5.444E-05   0.000E+00   2   5.523E+02  1   0.000E+00   0.000E+00   0.000E+00
     52  1.13324897183E+04   1.000E+03   1.000E+03   0.000E+00   5.663E+02   1.594E-08   2.033E+02  6.00302E-03   0.000E+00   0.000E+00   3.465E+01   5.339E-05   0.000E+00   3   4.419E+02  1   0.000E+00   0.000E+00   0.000E+00
     53  1.18185315295E+04   1.018E+03   1.018E+03   0.000E+00   6.087E+02   1.684E-08   2.007E+02  6.00302E-03   0.000E+00   0.000E+00   3.488E+01   5.339E-05   0.000E+00   3   4.860E+02  1   0.000E+00   0.000E+00   0.000E+00
     54  1.23531775218E+04   1.037E+03   1.037E+03   0.000E+00   6.576E+02   1.785E-08   1.978E+02  6.00302E-03   0.000E+00   0.000E+00   3.527E+01   5.423E-05   0.000E+00   3   5.346E+02  1   0.000E+00   0.000E+00   0.000E+00
     55  1.29336082087E+04   1.058E+03   1.058E+03   0.000E+00   7.135E+02   1.899E-08   1.946E+02  6.00302E-03   0.000E+00   0.000E+00   3.542E+01   5.340E-05   0.000E+00   2   5.804E+02  1   0.000E+00   0.000E+00   0.000E+00
     56  1.33979527582E+04   1.075E+03   1.075E+03   0.000E+00   7.625E+02   1.996E-08   1.921E+02  6.00302E-03   0.000E+00   0.000E+00   3.568E+01   5.360E-05   0.000E+00   3   4.643E+02  1   0.000E+00   0.000E+00   0.000E+00
     57  1.39087317626E+04   1.094E+03   1.094E+03   0.000E+00   8.182E+02   2.106E-08   1.895E+02  6.00302E-03   0.000E+00   0.000E+00   3.591E+01   5.357E-05   0.000E+00   3   5.108E+02  1   0.000E+00   0.000E+00   0.000E+00
     58  1.44705886675E+04   1.115E+03   1.115E+03   0.000E+00   8.831E+02   2.230E-08   1.867E+02  6.00302E-03   0.000E+00   0.000E+00   3.615E+01   5.334E-05   0.000E+00   3   5.619E+02  1   0.000E+00   0.000E+00   0.000E+00
     59  1.50660332844E+04   1.137E+03   1.137E+03   0.000E+00   9.559E+02   2.367E-08   1.839E+02  6.00302E-03   0.000E+00   0.000E+00   3.646E+01   5.352E-05   0.000E+00   3   5.954E+02  1   0.000E+00   0.000E+00   0.000E+00
     60  1.56873477337E+04   1.160E+03   1.160E+03   0.000E+00   1.036E+03   2.516E-08   1.809E+02  6.00302E-03   0.000E+00   0.000E+00   3.680E+01   5.376E-05   0.000E+00   3   6.213E+02  1   0.000E+00   0.000E+00   0.000E+00
     61  1.63250630309E+04   1.183E+03   1.183E+03   0.000E+00   1.124E+03   2.675E-08   1.780E+02  6.00302E-03   0.000E+00   0.000E+00   3.704E+01   5.339E-05   0.000E+00   2   6.377E+02  1   0.000E+00   0.000E+00   0.000E+00
     62  1.69709899738E+04   1.206E+03   1.206E+03   0.000E+00   1.217E+03   2.841E-08   1.752E+02  6.00302E-03   0.000E+00   0.000E+00   3.723E+01   5.281E-05   0.000E+00   3   6.459E+02  1   0.000E+00   0.000E+00   0.000E+00
     63  1.76406326105E+04   1.231E+03   1.231E+03   0.000E+00   1.322E+03   3.022E-08   1.723E+02  6.00302E-03   0.000E+00   0.000E+00   3.768E+01   5.364E-05   0.000E+00   2   6.696E+02  1   0.000E+00   0.000E+00   0.000E+00
     64  1.83189579201E+04   1.257E+03   1.257E+03   0.000E+00   1.435E+03   3.214E-08   1.693E+02  6.00302E-03   0.000E+00   0.000E+00   3.801E+01   5.360E-05   0.000E+00   2   6.783E+02  1   0.000E+00   0.000E+00   0.000E+00
     65  1.88616181678E+04   1.278E+03   1.278E+03   0.000E+00   1.534E+03   3.380E-08   1.669E+02  6.00302E-03   0.000E+00   0.000E+00   3.818E+01   5.304E-05   0.000E+00   3   5.427E+02  1   0.000E+00   0.000E+00   0.000E+00
     66  1.94585444403E+04   1.301E+03   1.301E+03   0.000E+00   1.648E+03   3.567E-08   1.645E+02  6.00302E-03   0.000E+00   0.000E+00   3.843E+01   5.288E-05   0.000E+00   3   5.969E+02  1   0.000E+00   0.000E+00   0.000E+00
     67  2.01151633400E+04   1.326E+03   1.326E+03   0.000E+00   1.780E+03   3.781E-08   1.618E+02  6.00302E-03   0.000E+00   0.000E+00   3.876E+01   5.298E-05   0.000E+00   3   6.566E+02  1   0.000E+00   0.000E+00   0.000E+00
     68  2.08236402867E+04   1.352E+03   1.352E+03   0.000E+00   1.930E+03   4.019E-08   1.591E+02  6.00302E-03   0.000E+00   0.000E+00   3.905E+01   5.272E-05   0.000E+00   3   7.085E+02  1   0.000E+00   0.000E+00   0.000E+00
     69  2.15533213086E+04   1.379E+03   1.379E+03   0.000E+00   2.094E+03   4.276E-08   1.563E+02  6.00302E-03   0.000E+00   0.000E+00   3.936E+01   5.254E-05   0.000E+00   3   7.297E+02  1   0.000E+00   0.000E+00   0.000E+00
     70  2.23094352048E+04   1.407E+03   1.407E+03   0.000E+00   2.276E+03   4.556E-08   1.534E+02  6.00302E-03   0.000E+00   0.000E+00   3.976E+01   5.269E-05   0.000E+00   3   7.561E+02  1   0.000E+00   0.000E+00   0.000E+00
     71  2.30704469241E+04   1.436E+03   1.436E+03   0.000E+00   2.474E+03   4.852E-08   1.505E+02  6.00302E-03   0.000E+00   0.000E+00   4.007E+01   5.234E-05   0.000E+00   3   7.610E+02  1   0.000E+00   0.000E+00   0.000E+00
     72  2.36792562995E+04   1.460E+03   1.460E+03   0.000E+00   2.648E+03   5.108E-08   1.482E+02  6.00302E-03   0.000E+00   0.000E+00   4.032E+01   5.201E-05   0.000E+00   2   6.088E+02  1   0.000E+00   0.000E+00   0.000E+00
     73  2.43489466125E+04   1.486E+03   1.486E+03   0.000E+00   2.848E+03   5.396E-08   1.460E+02  6.00302E-03   0.000E+00   0.000E+00   4.051E+01   5.139E-05   0.000E+00   4   6.697E+02  1   0.000E+00   0.000E+00   0.000E+00
     74  2.50856059567E+04   1.515E+03   1.515E+03   0.000E+00   3.080E+03   5.728E-08   1.435E+02  6.00302E-03   0.000E+00   0.000E+00   4.083E+01   5.129E-05   0.000E+00   3   7.367E+02  1   0.000E+00   0.000E+00   0.000E+00
     75  2.58828548521E+04   1.543E+03   1.543E+03   0.000E+00   3.345E+03   6.105E-08   1.407E+02  6.00302E-03   0.000E+00   0.000E+00   4.123E+01   5.128E-05   0.000E+00   3   7.972E+02  1   0.000E+00   0.000E+00   0.000E+00
     76  2.67031294794E+04   1.569E+03   1.569E+03   0.000E+00   3.634E+03   6.520E-08   1.379E+02  6.00302E-03   0.000E+00   0.000E+00   4.159E+01   5.098E-05   0.000E+00   4   8.203E+02  1   0.000E+00   0.000E+00   0.000E+00
     77  2.75462683638E+04   1.595E+03   1.595E+03   0.000E+00   3.959E+03   6.991E-08   1.351E+02  6.00302E-03   0.000E+00   0.000E+00   4.194E+01   5.062E-05   0.000E+00   3   8.431E+02  1   0.000E+00   0.000E+00   0.000E+00
     78  2.83906762011E+04   1.617E+03   1.617E+03   0.000E+00   4.310E+03   7.503E-08   1.325E+02  6.00302E-03   0.000E+00   0.000E+00   4.223E+01   5.007E-05   0.000E+00   4   8.444E+02  1   0.000E+00   0.000E+00   0.000E+00
     79  2.92708535690E+04   1.639E+03   1.639E+03   0.000E+00   4.715E+03   8.095E-08   1.301E+02  6.00302E-03   0.000E+00   0.000E+00   4.246E+01   4.925E-05   0.000E+00   3   8.802E+02  1   0.000E+00   0.000E+00   0.000E+00
     80  3.01659346491E+04   1.659E+03   1.659E+03   0.000E+00   5.169E+03   8.766E-08   1.275E+02  6.00302E-03   0.000E+00   0.000E+00   4.284E+01   4.909E-05   0.000E+00   3   8.951E+02  1   0.000E+00   0.000E+00   0.000E+00
     81  3.10921844837E+04   1.678E+03   1.678E+03   0.000E+00   5.691E+03   9.545E-08   1.249E+02  6.00302E-03   0.000E+00   0.000E+00   4.322E+01   4.877E-05   0.000E+00   3   9.262E+02  1   0.000E+00   0.000E+00   0.000E+00
     82  3.20372414729E+04   1.695E+03   1.695E+03   0.000E+00   6.297E+03   1.045E-07   1.224E+02  6.00302E-03   0.000E+00   0.000E+00   4.357E+01   4.833E-05   0.000E+00   3   9.451E+02  1   0.000E+00   0.000E+00   0.000E+00
     83  3.30082063257E+04   1.712E+03   1.712E+03   0.000E+00   7.010E+03   1.152E-07   1.198E+02  6.00302E-03   0.000E+00   0.000E+00   4.396E+01   4.800E-05   0.000E+00   3   9.710E+02  1   0.000E+00   0.000E+00   0.000E+00
     84  3.40059502724E+04   1.727E+03   1.727E+03   0.000E+00   7.854E+03   1.280E-07   1.173E+02  6.00302E-03   0.000E+00   0.000E+00   4.428E+01   4.744E-05   0.000E+00   3   9.977E+02  1   0.000E+00   0.000E+00   0.000E+00
     85  3.50456574176E+04   1.740E+03   1.740E+03   0.000E+00   8.876E+03   1.435E-07   1.151E+02  6.00302E-03   0.000E+00   0.000E+00   4.457E+01   4.686E-05   0.000E+00   3   1.040E+03  1   0.000E+00   0.000E+00   0.000E+00
     86  3.61464853705E+04   1.753E+03   1.753E+03   0.000E+00   1.016E+04   1.632E-07   1.129E+02  6.00302E-03   0.000E+00   0.000E+00   4.499E+01   4.681E-05   0.000E+00   3   1.101E+03  1   0.000E+00   0.000E+00   0.000E+00
     87  3.73070543771E+04   1.764E+03   1.764E+03   0.000E+00   1.182E+04   1.885E-07   1.109E+02  6.00302E-03   0.000E+00   0.000E+00   4.537E+01   4.669E-05   0.000E+00   3   1.161E+03  1   0.000E+00   0.000E+00   0.000E+00
     88  3.85341662806E+04   1.776E+03   1.776E+03   0.000E+00   1.401E+04   2.220E-07   1.093E+02  6.00302E-03   0.000E+00   0.000E+00   4.573E+01   4.678E-05   0.000E+00   3   1.227E+03  1   0.000E+00   0.000E+00   0.000E+00
     89  3.98608496840E+04   1.789E+03   1.789E+03   0.000E+00   1.707E+04   2.686E-07   1.084E+02  6.00302E-03   0.000E+00   0.000E+00   4.603E+01   4.725E-05   0.000E+00   4   1.327E+03  1   0.000E+00   0.000E+00   0.000E+00
     90  4.13006549275E+04   1.806E+03   1.806E+03   0.000E+00   2.163E+04   3.371E-07   1.082E+02  6.00302E-03   0.000E+00   0.000E+00   4.653E+01   4.918E-05   0.000E+00   4   1.440E+03  1   0.000E+00   0.000E+00   0.000E+00
     91  4.24524991222E+04   1.832E+03   1.832E+03   0.000E+00   2.716E+04   4.175E-07   1.092E+02  6.00302E-03   0.000E+00   0.000E+00   4.690E+01   5.166E-05   0.000E+00   5   1.152E+03  1   0.000E+00   0.000E+00   0.000E+00
     92  4.33328381214E+04   1.869E+03   1.869E+03   0.000E+00   3.365E+04   5.070E-07   1.112E+02  6.00302E-03   0.000E+00   0.000E+00   4.713E+01   5.465E-05   0.000E+00   6   8.803E+02  1   0.000E+00   0.000E+00   0.000E+00
     93  4.38923261206E+04   1.909E+03   1.909E+03   0.000E+00   3.998E+04   5.894E-07   1.131E+02  6.00302E-03   0.000E+00   0.000E+00   4.737E+01   5.773E-05   0.000E+00   6   5.595E+02  1   0.000E+00   0.000E+00   0.000E+00
     94  4.42650993570E+04   1.948E+03   1.948E+03   0.000E+00   4.612E+04   6.656E-07   1.149E+02  6.00302E-03   0.000E+00   0.000E+00   4.749E+01   6.021E-05   0.000E+00   6   3.728E+02  1   0.000E+00   0.000E+00   0.000E+00
     95  4.45450501278E+04   1.988E+03   1.988E+03   0.000E+00   5.251E+04   7.419E-07   1.168E+02  6.00302E-03   0.000E+00   0.000E+00   4.757E+01   6.266E-05   0.000E+00   5   2.800E+02  1   0.000E+00   0.000E+00   0.000E+00
     96  4.47690107445E+04   2.031E+03   2.031E+03   0.000E+00   5.980E+04   8.261E-07   1.189E+02  6.00302E-03   0.000E+00   0.000E+00   4.765E+01   6.527E-05   0.000E+00   5   2.240E+02  1   0.000E+00   0.000E+00   0.000E+00
     97  4.49481792378E+04   2.082E+03   2.082E+03   0.000E+00   6.879E+04   9.264E-07   1.209E+02  6.00302E-03   0.000E+00   0.000E+00   4.773E+01   6.800E-05   0.000E+00   6   1.792E+02  1   0.000E+00   0.000E+00   0.000E+00
     98  4.50906235894E+04   2.147E+03   2.147E+03   0.000E+00   8.145E+04   1.063E-06   1.231E+02  6.00302E-03   0.000E+00   0.000E+00   4.777E+01   7.067E-05   0.000E+00   7   1.424E+02  1   0.000E+00   0.000E+00   0.000E+00
     99  4.51909218429E+04   2.254E+03   2.254E+03   0.000E+00   1.056E+05   1.309E-06   1.248E+02  6.00302E-03   0.000E+00   0.000E+00   4.778E+01   7.275E-05   0.000E+00   8   1.003E+02  1   0.000E+00   0.000E+00   0.000E+00
    100  4.52422291598E+04   2.261E+03   2.261E+03   0.000E+00   1.081E+05   1.335E-06   1.276E+02  6.00302E-03   0.000E+00   0.000E+00   4.742E+01   7.375E-05   0.000E+00  12   5.131E+01  1   0.000E+00   0.000E+00   0.000E+00
    101  4.52832750134E+04   2.266E+03   2.266E+03   0.000E+00   1.098E+05   1.353E-06   1.298E+02  6.00302E-03   0.000E+00   0.000E+00   4.718E+01   7.474E-05   0.000E+00   7   4.105E+01  1   0.000E+00   0.000E+00   0.000E+00
    102  4.53243208670E+04   2.270E+03   2.270E+03   0.000E+00   1.112E+05   1.367E-06   1.319E+02  6.00302E-03   0.000E+00   0.000E+00   4.700E+01   7.611E-05   0.000E+00   3   4.105E+01  1   0.000E+00   0.000E+00   0.000E+00
    103  4.53694713059E+04   2.274E+03   2.274E+03   0.000E+00   1.128E+05   1.385E-06   1.342E+02  6.00302E-03   0.000E+00   0.000E+00   4.690E+01   7.804E-05   0.000E+00   7   4.515E+01  1   0.000E+00   0.000E+00   0.000E+00
    104  4.54146217448E+04   2.274E+03   2.274E+03   0.000E+00   1.130E+05   1.386E-06   1.365E+02  6.00302E-03   0.000E+00   0.000E+00   4.682E+01   8.024E-05   0.000E+00   9   4.515E+01  1   0.000E+00   0.000E+00   0.000E+00
    105  4.54507420959E+04   2.275E+03   2.275E+03   0.000E+00   1.137E+05   1.393E-06   1.382E+02  6.00302E-03   0.000E+00   0.000E+00   4.682E+01   8.221E-05   0.000E+00  12   3.612E+01  1   0.000E+00   0.000E+00   0.000E+00
    106  4.54796383768E+04   2.277E+03   2.277E+03   0.000E+00   1.144E+05   1.401E-06   1.395E+02  6.00302E-03   0.000E+00   0.000E+00   4.684E+01   8.392E-05   0.000E+00  12   2.890E+01  1   0.000E+00   0.000E+00   0.000E+00
    107  4.55027554016E+04   2.279E+03   2.279E+03   0.000E+00   1.151E+05   1.408E-06   1.405E+02  6.00302E-03   0.000E+00   0.000E+00   4.686E+01   8.537E-05   0.000E+00   6   2.312E+01  1   0.000E+00   0.000E+00   0.000E+00
    108  4.55258724263E+04   2.281E+03   2.281E+03   0.000E+00   1.156E+05   1.414E-06   1.416E+02  6.00302E-03   0.000E+00   0.000E+00   4.690E+01   8.686E-05   0.000E+00   1   2.312E+01  1   0.000E+00   0.000E+00   0.000E+00
    109  4.55258814564E+04   2.281E+03   2.281E+03   0.000E+00   1.156E+05   1.411E-06   1.416E+02  6.00302E-03   0.000E+00   0.000E+00   4.689E+01   8.686E-05   0.000E+00   1   9.030E-03  1   0.000E+00   0.000E+00   0.000E+00
