
 Timestep     Time[yr]           Tc        Tmax        M-Tmax        Pc        Rho_c         R          M        coreHEmass  coreCOmass       Te           L  T_irr     iter#   dt[yr] Phase     mdot     mdotRei    mdot/Rei 

      1  1.00000000000E+01   6.277E+02   6.277E+02   0.000E+00   2.339E+01   1.049E-09   5.300E+02  1.10055E-02   0.000E+00   0.000E+00   5.583E+01   2.446E-03   0.000E+00  93   1.000E+01  1   0.000E+00   0.000E+00   0.000E+00
      2  1.28436207259E+01   6.301E+02   6.301E+02   0.000E+00   2.376E+01   1.062E-09   5.210E+02  1.10055E-02   0.000E+00   0.000E+00   5.371E+01   2.025E-03   0.000E+00  28   2.844E+00  1   0.000E+00   0.000E+00   0.000E+00
      3  1.51185173066E+01   6.317E+02   6.317E+02   0.000E+00   2.401E+01   1.070E-09   5.158E+02  1.10055E-02   0.000E+00   0.000E+00   5.248E+01   1.808E-03   0.000E+00   4   2.275E+00  1   0.000E+00   0.000E+00   0.000E+00
      4  1.76209035455E+01   6.336E+02   6.336E+02   0.000E+00   2.430E+01   1.080E-09   5.112E+02  1.10055E-02   0.000E+00   0.000E+00   5.148E+01   1.645E-03   0.000E+00   3   2.502E+00  1   0.000E+00   0.000E+00   0.000E+00
      5  2.03735284081E+01   6.355E+02   6.355E+02   0.000E+00   2.460E+01   1.090E-09   5.074E+02  1.10055E-02   0.000E+00   0.000E+00   5.066E+01   1.519E-03   0.000E+00   3   2.753E+00  1   0.000E+00   0.000E+00   0.000E+00
      6  2.34014157571E+01   6.371E+02   6.371E+02   0.000E+00   2.488E+01   1.099E-09   5.043E+02  1.10055E-02   0.000E+00   0.000E+00   4.997E+01   1.422E-03   0.000E+00   3   3.028E+00  1   0.000E+00   0.000E+00   0.000E+00
      7  2.67320918409E+01   6.388E+02   6.388E+02   0.000E+00   2.516E+01   1.109E-09   5.017E+02  1.10055E-02   0.000E+00   0.000E+00   4.942E+01   1.346E-03   0.000E+00   2   3.331E+00  1   0.000E+00   0.000E+00   0.000E+00
      8  3.20611735751E+01   6.413E+02   6.413E+02   0.000E+00   2.560E+01   1.124E-09   4.988E+02  1.10055E-02   0.000E+00   0.000E+00   4.888E+01   1.273E-03   0.000E+00   3   5.329E+00  1   0.000E+00   0.000E+00   0.000E+00
      9  3.79231634827E+01   6.440E+02   6.440E+02   0.000E+00   2.608E+01   1.140E-09   4.966E+02  1.10055E-02   0.000E+00   0.000E+00   4.856E+01   1.229E-03   0.000E+00   3   5.862E+00  1   0.000E+00   0.000E+00   0.000E+00
     10  4.43713523810E+01   6.468E+02   6.468E+02   0.000E+00   2.660E+01   1.158E-09   4.949E+02  1.10055E-02   0.000E+00   0.000E+00   4.842E+01   1.206E-03   0.000E+00   2   6.448E+00  1   0.000E+00   0.000E+00   0.000E+00
     11  5.14643601692E+01   6.499E+02   6.499E+02   0.000E+00   2.717E+01   1.177E-09   4.934E+02  1.10055E-02   0.000E+00   0.000E+00   4.841E+01   1.198E-03   0.000E+00   2   7.093E+00  1   0.000E+00   0.000E+00   0.000E+00
     12  5.92666687362E+01   6.532E+02   6.532E+02   0.000E+00   2.781E+01   1.199E-09   4.921E+02  1.10055E-02   0.000E+00   0.000E+00   4.848E+01   1.199E-03   0.000E+00   2   7.802E+00  1   0.000E+00   0.000E+00   0.000E+00
     13  6.78492081598E+01   6.570E+02   6.570E+02   0.000E+00   2.855E+01   1.223E-09   4.903E+02  1.10055E-02   0.000E+00   0.000E+00   4.849E+01   1.191E-03   0.000E+00   4   8.583E+00  1   0.000E+00   0.000E+00   0.000E+00
     14  7.72900015259E+01   6.610E+02   6.610E+02   0.000E+00   2.935E+01   1.250E-09   4.888E+02  1.10055E-02   0.000E+00   0.000E+00   4.862E+01   1.196E-03   0.000E+00   3   9.441E+00  1   0.000E+00   0.000E+00   0.000E+00
     15  8.76748742286E+01   6.655E+02   6.655E+02   0.000E+00   3.027E+01   1.281E-09   4.872E+02  1.10055E-02   0.000E+00   0.000E+00   4.885E+01   1.212E-03   0.000E+00   2   1.038E+01  1   0.000E+00   0.000E+00   0.000E+00
     16  9.90982342015E+01   6.706E+02   6.706E+02   0.000E+00   3.132E+01   1.315E-09   4.854E+02  1.10055E-02   0.000E+00   0.000E+00   4.912E+01   1.229E-03   0.000E+00   2   1.142E+01  1   0.000E+00   0.000E+00   0.000E+00
     17  1.11663930172E+02   6.763E+02   6.763E+02   0.000E+00   3.254E+01   1.355E-09   4.832E+02  1.10055E-02   0.000E+00   0.000E+00   4.939E+01   1.245E-03   0.000E+00   2   1.257E+01  1   0.000E+00   0.000E+00   0.000E+00
     18  1.25486195739E+02   6.828E+02   6.828E+02   0.000E+00   3.391E+01   1.399E-09   4.807E+02  1.10055E-02   0.000E+00   0.000E+00   4.970E+01   1.264E-03   0.000E+00   2   1.382E+01  1   0.000E+00   0.000E+00   0.000E+00
     19  1.40690687863E+02   6.897E+02   6.897E+02   0.000E+00   3.545E+01   1.447E-09   4.777E+02  1.10055E-02   0.000E+00   0.000E+00   4.984E+01   1.262E-03   0.000E+00   3   1.520E+01  1   0.000E+00   0.000E+00   0.000E+00
     20  1.57415629199E+02   6.973E+02   6.973E+02   0.000E+00   3.716E+01   1.501E-09   4.747E+02  1.10055E-02   0.000E+00   0.000E+00   5.013E+01   1.275E-03   0.000E+00   3   1.672E+01  1   0.000E+00   0.000E+00   0.000E+00
     21  1.75813064669E+02   7.060E+02   7.060E+02   0.000E+00   3.916E+01   1.562E-09   4.714E+02  1.10055E-02   0.000E+00   0.000E+00   5.050E+01   1.295E-03   0.000E+00   2   1.840E+01  1   0.000E+00   0.000E+00   0.000E+00
     22  1.96050243686E+02   7.158E+02   7.158E+02   0.000E+00   4.149E+01   1.632E-09   4.674E+02  1.10055E-02   0.000E+00   0.000E+00   5.090E+01   1.314E-03   0.000E+00   2   2.024E+01  1   0.000E+00   0.000E+00   0.000E+00
     23  2.18311140605E+02   7.267E+02   7.267E+02   0.000E+00   4.417E+01   1.711E-09   4.628E+02  1.10055E-02   0.000E+00   0.000E+00   5.108E+01   1.306E-03   0.000E+00   3   2.226E+01  1   0.000E+00   0.000E+00   0.000E+00
     24  2.42798127215E+02   7.383E+02   7.383E+02   0.000E+00   4.717E+01   1.799E-09   4.583E+02  1.10055E-02   0.000E+00   0.000E+00   5.150E+01   1.324E-03   0.000E+00   3   2.449E+01  1   0.000E+00   0.000E+00   0.000E+00
     25  2.69733812487E+02   7.511E+02   7.511E+02   0.000E+00   5.064E+01   1.898E-09   4.531E+02  1.10055E-02   0.000E+00   0.000E+00   5.192E+01   1.337E-03   0.000E+00   2   2.694E+01  1   0.000E+00   0.000E+00   0.000E+00
     26  2.99363066286E+02   7.651E+02   7.651E+02   0.000E+00   5.469E+01   2.012E-09   4.474E+02  1.10055E-02   0.000E+00   0.000E+00   5.218E+01   1.330E-03   0.000E+00   3   2.963E+01  1   0.000E+00   0.000E+00   0.000E+00
     27  3.31955245464E+02   7.802E+02   7.802E+02   0.000E+00   5.933E+01   2.141E-09   4.415E+02  1.10055E-02   0.000E+00   0.000E+00   5.269E+01   1.347E-03   0.000E+00   3   3.259E+01  1   0.000E+00   0.000E+00   0.000E+00
     28  3.67701486139E+02   7.967E+02   7.967E+02   0.000E+00   6.478E+01   2.289E-09   4.349E+02  1.10055E-02   0.000E+00   0.000E+00   5.323E+01   1.361E-03   0.000E+00   2   3.575E+01  1   0.000E+00   0.000E+00   0.000E+00
     29  4.03487180605E+02   8.131E+02   8.131E+02   0.000E+00   7.061E+01   2.445E-09   4.285E+02  1.10055E-02   0.000E+00   0.000E+00   5.350E+01   1.348E-03   0.000E+00   3   3.579E+01  1   0.000E+00   0.000E+00   0.000E+00
     30  4.39911902508E+02   8.299E+02   8.299E+02   0.000E+00   7.696E+01   2.611E-09   4.222E+02  1.10055E-02   0.000E+00   0.000E+00   5.406E+01   1.364E-03   0.000E+00   3   3.642E+01  1   0.000E+00   0.000E+00   0.000E+00
     31  4.77940110897E+02   8.475E+02   8.475E+02   0.000E+00   8.410E+01   2.794E-09   4.155E+02  1.10055E-02   0.000E+00   0.000E+00   5.460E+01   1.376E-03   0.000E+00   2   3.803E+01  1   0.000E+00   0.000E+00   0.000E+00
     32  5.08362677608E+02   8.621E+02   8.621E+02   0.000E+00   9.042E+01   2.953E-09   4.100E+02  1.10055E-02   0.000E+00   0.000E+00   5.504E+01   1.383E-03   0.000E+00   3   3.042E+01  1   0.000E+00   0.000E+00   0.000E+00
     33  5.41827500990E+02   8.780E+02   8.780E+02   0.000E+00   9.773E+01   3.134E-09   4.043E+02  1.10055E-02   0.000E+00   0.000E+00   5.523E+01   1.363E-03   0.000E+00   4   3.346E+01  1   0.000E+00   0.000E+00   0.000E+00
     34  5.78638806711E+02   8.953E+02   8.953E+02   0.000E+00   1.062E+02   3.338E-09   3.984E+02  1.10055E-02   0.000E+00   0.000E+00   5.579E+01   1.378E-03   0.000E+00   3   3.681E+01  1   0.000E+00   0.000E+00   0.000E+00
     35  6.18351499506E+02   9.140E+02   9.140E+02   0.000E+00   1.158E+02   3.568E-09   3.920E+02  1.10055E-02   0.000E+00   0.000E+00   5.633E+01   1.387E-03   0.000E+00   2   3.971E+01  1   0.000E+00   0.000E+00   0.000E+00
     36  6.58187187532E+02   9.330E+02   9.330E+02   0.000E+00   1.263E+02   3.810E-09   3.856E+02  1.10055E-02   0.000E+00   0.000E+00   5.688E+01   1.394E-03   0.000E+00   2   3.984E+01  1   0.000E+00   0.000E+00   0.000E+00
     37  6.98410483513E+02   9.522E+02   9.522E+02   0.000E+00   1.375E+02   4.064E-09   3.796E+02  1.10055E-02   0.000E+00   0.000E+00   5.714E+01   1.377E-03   0.000E+00   3   4.022E+01  1   0.000E+00   0.000E+00   0.000E+00
     38  7.38941188379E+02   9.719E+02   9.719E+02   0.000E+00   1.496E+02   4.333E-09   3.736E+02  1.10055E-02   0.000E+00   0.000E+00   5.772E+01   1.388E-03   0.000E+00   3   4.053E+01  1   0.000E+00   0.000E+00   0.000E+00
     39  7.80757521269E+02   9.926E+02   9.926E+02   0.000E+00   1.630E+02   4.623E-09   3.674E+02  1.10055E-02   0.000E+00   0.000E+00   5.829E+01   1.397E-03   0.000E+00   2   4.182E+01  1   0.000E+00   0.000E+00   0.000E+00
     40  8.14210587581E+02   1.010E+03   1.010E+03   0.000E+00   1.748E+02   4.875E-09   3.623E+02  1.10055E-02   0.000E+00   0.000E+00   5.874E+01   1.401E-03   0.000E+00   3   3.345E+01  1   0.000E+00   0.000E+00   0.000E+00
     41  8.51008960524E+02   1.029E+03   1.029E+03   0.000E+00   1.885E+02   5.158E-09   3.571E+02  1.10055E-02   0.000E+00   0.000E+00   5.894E+01   1.380E-03   0.000E+00   3   3.680E+01  1   0.000E+00   0.000E+00   0.000E+00
     42  8.91487170761E+02   1.049E+03   1.049E+03   0.000E+00   2.041E+02   5.475E-09   3.517E+02  1.10055E-02   0.000E+00   0.000E+00   5.954E+01   1.393E-03   0.000E+00   3   4.048E+01  1   0.000E+00   0.000E+00   0.000E+00
     43  9.35188600453E+02   1.071E+03   1.071E+03   0.000E+00   2.219E+02   5.830E-09   3.457E+02  1.10055E-02   0.000E+00   0.000E+00   6.011E+01   1.398E-03   0.000E+00   2   4.370E+01  1   0.000E+00   0.000E+00   0.000E+00
     44  9.70149744207E+02   1.090E+03   1.090E+03   0.000E+00   2.375E+02   6.137E-09   3.408E+02  1.10055E-02   0.000E+00   0.000E+00   6.055E+01   1.399E-03   0.000E+00   3   3.496E+01  1   0.000E+00   0.000E+00   0.000E+00
     45  1.00860700234E+03   1.110E+03   1.110E+03   0.000E+00   2.556E+02   6.486E-09   3.355E+02  1.10055E-02   0.000E+00   0.000E+00   6.100E+01   1.397E-03   0.000E+00   3   3.846E+01  1   0.000E+00   0.000E+00   0.000E+00
     46  1.05090998628E+03   1.131E+03   1.131E+03   0.000E+00   2.765E+02   6.879E-09   3.304E+02  1.10055E-02   0.000E+00   0.000E+00   6.128E+01   1.379E-03   0.000E+00   3   4.230E+01  1   0.000E+00   0.000E+00   0.000E+00
     47  1.09602232142E+03   1.154E+03   1.154E+03   0.000E+00   2.998E+02   7.311E-09   3.248E+02  1.10055E-02   0.000E+00   0.000E+00   6.189E+01   1.387E-03   0.000E+00   3   4.511E+01  1   0.000E+00   0.000E+00   0.000E+00
     48  1.14355497002E+03   1.179E+03   1.179E+03   0.000E+00   3.259E+02   7.783E-09   3.190E+02  1.10055E-02   0.000E+00   0.000E+00   6.244E+01   1.386E-03   0.000E+00   2   4.753E+01  1   0.000E+00   0.000E+00   0.000E+00
     49  1.18158108890E+03   1.199E+03   1.199E+03   0.000E+00   3.489E+02   8.192E-09   3.142E+02  1.10055E-02   0.000E+00   0.000E+00   6.288E+01   1.383E-03   0.000E+00   3   3.803E+01  1   0.000E+00   0.000E+00   0.000E+00
     50  1.22340981968E+03   1.222E+03   1.222E+03   0.000E+00   3.755E+02   8.653E-09   3.091E+02  1.10055E-02   0.000E+00   0.000E+00   6.336E+01   1.380E-03   0.000E+00   3   4.183E+01  1   0.000E+00   0.000E+00   0.000E+00
     51  1.26942142352E+03   1.246E+03   1.246E+03   0.000E+00   4.060E+02   9.173E-09   3.042E+02  1.10055E-02   0.000E+00   0.000E+00   6.366E+01   1.361E-03   0.000E+00   3   4.601E+01  1   0.000E+00   0.000E+00   0.000E+00
     52  1.31800167806E+03   1.271E+03   1.271E+03   0.000E+00   4.397E+02   9.737E-09   2.988E+02  1.10055E-02   0.000E+00   0.000E+00   6.425E+01   1.364E-03   0.000E+00   3   4.858E+01  1   0.000E+00   0.000E+00   0.000E+00
     53  1.36936631422E+03   1.298E+03   1.298E+03   0.000E+00   4.776E+02   1.036E-08   2.933E+02  1.10055E-02   0.000E+00   0.000E+00   6.480E+01   1.359E-03   0.000E+00   2   5.136E+01  1   0.000E+00   0.000E+00   0.000E+00
     54  1.42133806736E+03   1.324E+03   1.324E+03   0.000E+00   5.181E+02   1.101E-08   2.877E+02  1.10055E-02   0.000E+00   0.000E+00   6.533E+01   1.352E-03   0.000E+00   3   5.197E+01  1   0.000E+00   0.000E+00   0.000E+00
     55  1.47514996002E+03   1.351E+03   1.351E+03   0.000E+00   5.631E+02   1.174E-08   2.822E+02  1.10055E-02   0.000E+00   0.000E+00   6.586E+01   1.343E-03   0.000E+00   3   5.381E+01  1   0.000E+00   0.000E+00   0.000E+00
     56  1.53003308203E+03   1.377E+03   1.377E+03   0.000E+00   6.122E+02   1.252E-08   2.767E+02  1.10055E-02   0.000E+00   0.000E+00   6.639E+01   1.333E-03   0.000E+00   3   5.488E+01  1   0.000E+00   0.000E+00   0.000E+00
     57  1.58633919579E+03   1.403E+03   1.403E+03   0.000E+00   6.660E+02   1.336E-08   2.717E+02  1.10055E-02   0.000E+00   0.000E+00   6.674E+01   1.313E-03   0.000E+00   3   5.631E+01  1   0.000E+00   0.000E+00   0.000E+00
     58  1.64441378157E+03   1.428E+03   1.428E+03   0.000E+00   7.255E+02   1.431E-08   2.664E+02  1.10055E-02   0.000E+00   0.000E+00   6.736E+01   1.309E-03   0.000E+00   4   5.807E+01  1   0.000E+00   0.000E+00   0.000E+00
     59  1.70379619055E+03   1.451E+03   1.451E+03   0.000E+00   7.916E+02   1.537E-08   2.610E+02  1.10055E-02   0.000E+00   0.000E+00   6.791E+01   1.299E-03   0.000E+00   4   5.938E+01  1   0.000E+00   0.000E+00   0.000E+00
     60  1.75130211773E+03   1.467E+03   1.467E+03   0.000E+00   8.506E+02   1.632E-08   2.567E+02  1.10055E-02   0.000E+00   0.000E+00   6.836E+01   1.290E-03   0.000E+00   3   4.751E+01  1   0.000E+00   0.000E+00   0.000E+00
     61  1.80355863763E+03   1.483E+03   1.483E+03   0.000E+00   9.196E+02   1.746E-08   2.522E+02  1.10055E-02   0.000E+00   0.000E+00   6.883E+01   1.279E-03   0.000E+00   4   5.226E+01  1   0.000E+00   0.000E+00   0.000E+00
     62  1.86104080953E+03   1.498E+03   1.498E+03   0.000E+00   1.002E+03   1.883E-08   2.474E+02  1.10055E-02   0.000E+00   0.000E+00   6.933E+01   1.267E-03   0.000E+00   3   5.748E+01  1   0.000E+00   0.000E+00   0.000E+00
     63  1.92330298824E+03   1.513E+03   1.513E+03   0.000E+00   1.098E+03   2.045E-08   2.425E+02  1.10055E-02   0.000E+00   0.000E+00   6.983E+01   1.253E-03   0.000E+00   3   6.226E+01  1   0.000E+00   0.000E+00   0.000E+00
     64  1.98971101965E+03   1.527E+03   1.527E+03   0.000E+00   1.211E+03   2.234E-08   2.380E+02  1.10055E-02   0.000E+00   0.000E+00   7.021E+01   1.233E-03   0.000E+00   3   6.641E+01  1   0.000E+00   0.000E+00   0.000E+00
     65  2.06005591110E+03   1.542E+03   1.542E+03   0.000E+00   1.345E+03   2.458E-08   2.331E+02  1.10055E-02   0.000E+00   0.000E+00   7.079E+01   1.223E-03   0.000E+00   3   7.034E+01  1   0.000E+00   0.000E+00   0.000E+00
     66  2.13345219021E+03   1.557E+03   1.557E+03   0.000E+00   1.504E+03   2.719E-08   2.283E+02  1.10055E-02   0.000E+00   0.000E+00   7.131E+01   1.208E-03   0.000E+00   2   7.340E+01  1   0.000E+00   0.000E+00   0.000E+00
     67  2.20888551948E+03   1.574E+03   1.574E+03   0.000E+00   1.688E+03   3.021E-08   2.238E+02  1.10055E-02   0.000E+00   0.000E+00   7.182E+01   1.194E-03   0.000E+00   2   7.543E+01  1   0.000E+00   0.000E+00   0.000E+00
     68  2.28600201500E+03   1.592E+03   1.592E+03   0.000E+00   1.904E+03   3.370E-08   2.195E+02  1.10055E-02   0.000E+00   0.000E+00   7.230E+01   1.180E-03   0.000E+00   2   7.712E+01  1   0.000E+00   0.000E+00   0.000E+00
     69  2.34769521142E+03   1.609E+03   1.609E+03   0.000E+00   2.111E+03   3.697E-08   2.163E+02  1.10055E-02   0.000E+00   0.000E+00   7.270E+01   1.171E-03   0.000E+00   3   6.169E+01  1   0.000E+00   0.000E+00   0.000E+00
     70  2.41555772747E+03   1.629E+03   1.629E+03   0.000E+00   2.375E+03   4.106E-08   2.130E+02  1.10055E-02   0.000E+00   0.000E+00   7.315E+01   1.164E-03   0.000E+00   3   6.786E+01  1   0.000E+00   0.000E+00   0.000E+00
     71  2.48452582279E+03   1.651E+03   1.651E+03   0.000E+00   2.684E+03   4.577E-08   2.101E+02  1.10055E-02   0.000E+00   0.000E+00   7.359E+01   1.160E-03   0.000E+00   2   6.897E+01  1   0.000E+00   0.000E+00   0.000E+00
     72  2.55497302920E+03   1.673E+03   1.673E+03   0.000E+00   3.050E+03   5.128E-08   2.080E+02  1.10055E-02   0.000E+00   0.000E+00   7.392E+01   1.158E-03   0.000E+00   3   7.045E+01  1   0.000E+00   0.000E+00   0.000E+00
     73  2.62818038033E+03   1.697E+03   1.697E+03   0.000E+00   3.503E+03   5.808E-08   2.060E+02  1.10055E-02   0.000E+00   0.000E+00   7.446E+01   1.169E-03   0.000E+00   3   7.321E+01  1   0.000E+00   0.000E+00   0.000E+00
     74  2.70338934782E+03   1.721E+03   1.721E+03   0.000E+00   4.077E+03   6.663E-08   2.046E+02  1.10055E-02   0.000E+00   0.000E+00   7.501E+01   1.188E-03   0.000E+00   3   7.521E+01  1   0.000E+00   0.000E+00   0.000E+00
     75  2.78029544757E+03   1.744E+03   1.744E+03   0.000E+00   4.824E+03   7.779E-08   2.040E+02  1.10055E-02   0.000E+00   0.000E+00   7.564E+01   1.221E-03   0.000E+00   4   7.691E+01  1   0.000E+00   0.000E+00   0.000E+00
     76  2.85894272542E+03   1.767E+03   1.767E+03   0.000E+00   5.853E+03   9.314E-08   2.046E+02  1.10055E-02   0.000E+00   0.000E+00   7.636E+01   1.275E-03   0.000E+00   3   7.865E+01  1   0.000E+00   0.000E+00   0.000E+00
     77  2.92186054769E+03   1.788E+03   1.788E+03   0.000E+00   7.023E+03   1.106E-07   2.060E+02  1.10055E-02   0.000E+00   0.000E+00   7.700E+01   1.337E-03   0.000E+00   3   6.292E+01  1   0.000E+00   0.000E+00   0.000E+00
     78  2.97219480551E+03   1.815E+03   1.815E+03   0.000E+00   8.459E+03   1.312E-07   2.085E+02  1.10055E-02   0.000E+00   0.000E+00   7.738E+01   1.396E-03   0.000E+00   6   5.033E+01  1   0.000E+00   0.000E+00   0.000E+00
     79  3.01246221176E+03   1.848E+03   1.848E+03   0.000E+00   1.013E+04   1.543E-07   2.114E+02  1.10055E-02   0.000E+00   0.000E+00   7.781E+01   1.468E-03   0.000E+00   7   4.027E+01  1   0.000E+00   0.000E+00   0.000E+00
     80  3.04367266672E+03   1.889E+03   1.889E+03   0.000E+00   1.203E+04   1.792E-07   2.149E+02  1.10055E-02   0.000E+00   0.000E+00   7.806E+01   1.537E-03   0.000E+00   7   3.121E+01  1   0.000E+00   0.000E+00   0.000E+00
     81  3.06488279552E+03   1.935E+03   1.935E+03   0.000E+00   1.406E+04   2.042E-07   2.180E+02  1.10055E-02   0.000E+00   0.000E+00   7.822E+01   1.593E-03   0.000E+00   8   2.121E+01  1   0.000E+00   0.000E+00   0.000E+00
     82  3.07982262395E+03   1.983E+03   1.983E+03   0.000E+00   1.634E+04   2.310E-07   2.207E+02  1.10055E-02   0.000E+00   0.000E+00   7.830E+01   1.641E-03   0.000E+00   8   1.494E+01  1   0.000E+00   0.000E+00   0.000E+00
     83  3.09096846037E+03   2.042E+03   2.042E+03   0.000E+00   1.941E+04   2.659E-07   2.232E+02  1.10055E-02   0.000E+00   0.000E+00   7.834E+01   1.681E-03   0.000E+00   8   1.115E+01  1   0.000E+00   0.000E+00   0.000E+00
     84  3.09872256048E+03   2.140E+03   2.140E+03   0.000E+00   2.561E+04   3.337E-07   2.247E+02  1.10055E-02   0.000E+00   0.000E+00   7.850E+01   1.718E-03   0.000E+00  10   7.754E+00  1   0.000E+00   0.000E+00   0.000E+00
     85  3.10229986467E+03   2.145E+03   2.145E+03   0.000E+00   2.610E+04   3.391E-07   2.283E+02  1.10055E-02   0.000E+00   0.000E+00   7.782E+01   1.713E-03   0.000E+00  13   3.577E+00  1   0.000E+00   0.000E+00   0.000E+00
     86  3.10516170802E+03   2.149E+03   2.149E+03   0.000E+00   2.648E+04   3.434E-07   2.310E+02  1.10055E-02   0.000E+00   0.000E+00   7.739E+01   1.716E-03   0.000E+00   8   2.862E+00  1   0.000E+00   0.000E+00   0.000E+00
     87  3.10551943844E+03   2.149E+03   2.149E+03   0.000E+00   2.649E+04   3.432E-07   2.314E+02  1.10055E-02   0.000E+00   0.000E+00   7.733E+01   1.716E-03   0.000E+00  15   3.577E-01  1   0.000E+00   0.000E+00   0.000E+00
