
 Timestep     Time[yr]           Tc        Tmax        M-Tmax        Pc        Rho_c         R          M        coreHEmass  coreCOmass       Te           L  T_irr     iter#   dt[yr] Phase     mdot     mdotRei    mdot/Rei 

      1  1.00000000000E+01   5.667E+02   5.667E+02   0.000E+00   5.233E+01   2.600E-09   3.352E+02  6.00302E-03   0.000E+00   0.000E+00   5.165E+01   7.163E-04   0.000E+00  38   1.000E+01  1   0.000E+00   0.000E+00   0.000E+00
      2  1.27283319826E+01   5.677E+02   5.677E+02   0.000E+00   5.269E+01   2.613E-09   3.310E+02  6.00302E-03   0.000E+00   0.000E+00   5.046E+01   6.365E-04   0.000E+00  12   2.728E+00  1   0.000E+00   0.000E+00   0.000E+00
      3  1.49109975687E+01   5.684E+02   5.684E+02   0.000E+00   5.298E+01   2.625E-09   3.281E+02  6.00302E-03   0.000E+00   0.000E+00   4.967E+01   5.868E-04   0.000E+00   4   2.183E+00  1   0.000E+00   0.000E+00   0.000E+00
      4  1.73119297135E+01   5.694E+02   5.694E+02   0.000E+00   5.334E+01   2.639E-09   3.252E+02  6.00302E-03   0.000E+00   0.000E+00   4.894E+01   5.436E-04   0.000E+00   2   2.401E+00  1   0.000E+00   0.000E+00   0.000E+00
      5  2.11534211450E+01   5.709E+02   5.709E+02   0.000E+00   5.394E+01   2.660E-09   3.216E+02  6.00302E-03   0.000E+00   0.000E+00   4.802E+01   4.927E-04   0.000E+00   2   3.841E+00  1   0.000E+00   0.000E+00   0.000E+00
      6  2.53790617197E+01   5.723E+02   5.723E+02   0.000E+00   5.447E+01   2.679E-09   3.186E+02  6.00302E-03   0.000E+00   0.000E+00   4.724E+01   4.528E-04   0.000E+00   3   4.226E+00  1   0.000E+00   0.000E+00   0.000E+00
      7  3.00272663519E+01   5.734E+02   5.734E+02   0.000E+00   5.494E+01   2.697E-09   3.159E+02  6.00302E-03   0.000E+00   0.000E+00   4.658E+01   4.209E-04   0.000E+00   3   4.648E+00  1   0.000E+00   0.000E+00   0.000E+00
      8  3.51402914473E+01   5.747E+02   5.747E+02   0.000E+00   5.546E+01   2.717E-09   3.135E+02  6.00302E-03   0.000E+00   0.000E+00   4.601E+01   3.945E-04   0.000E+00   2   5.113E+00  1   0.000E+00   0.000E+00   0.000E+00
      9  4.33211315999E+01   5.767E+02   5.767E+02   0.000E+00   5.626E+01   2.746E-09   3.105E+02  6.00302E-03   0.000E+00   0.000E+00   4.535E+01   3.654E-04   0.000E+00   4   8.181E+00  1   0.000E+00   0.000E+00   0.000E+00
     10  5.23200557678E+01   5.786E+02   5.786E+02   0.000E+00   5.709E+01   2.777E-09   3.080E+02  6.00302E-03   0.000E+00   0.000E+00   4.484E+01   3.437E-04   0.000E+00   3   8.999E+00  1   0.000E+00   0.000E+00   0.000E+00
     11  6.22188723525E+01   5.807E+02   5.807E+02   0.000E+00   5.796E+01   2.810E-09   3.059E+02  6.00302E-03   0.000E+00   0.000E+00   4.446E+01   3.277E-04   0.000E+00   2   9.899E+00  1   0.000E+00   0.000E+00   0.000E+00
     12  7.31075705957E+01   5.829E+02   5.829E+02   0.000E+00   5.889E+01   2.844E-09   3.040E+02  6.00302E-03   0.000E+00   0.000E+00   4.420E+01   3.159E-04   0.000E+00   2   1.089E+01  1   0.000E+00   0.000E+00   0.000E+00
     13  8.50851386632E+01   5.852E+02   5.852E+02   0.000E+00   5.989E+01   2.882E-09   3.022E+02  6.00302E-03   0.000E+00   0.000E+00   4.401E+01   3.072E-04   0.000E+00   2   1.198E+01  1   0.000E+00   0.000E+00   0.000E+00
     14  9.82604635374E+01   5.877E+02   5.877E+02   0.000E+00   6.102E+01   2.923E-09   3.006E+02  6.00302E-03   0.000E+00   0.000E+00   4.391E+01   3.008E-04   0.000E+00   2   1.318E+01  1   0.000E+00   0.000E+00   0.000E+00
     15  1.12753320899E+02   5.906E+02   5.906E+02   0.000E+00   6.229E+01   2.970E-09   2.989E+02  6.00302E-03   0.000E+00   0.000E+00   4.385E+01   2.961E-04   0.000E+00   2   1.449E+01  1   0.000E+00   0.000E+00   0.000E+00
     16  1.28695463997E+02   5.937E+02   5.937E+02   0.000E+00   6.368E+01   3.020E-09   2.973E+02  6.00302E-03   0.000E+00   0.000E+00   4.384E+01   2.924E-04   0.000E+00   2   1.594E+01  1   0.000E+00   0.000E+00   0.000E+00
     17  1.46231821404E+02   5.970E+02   5.970E+02   0.000E+00   6.520E+01   3.075E-09   2.956E+02  6.00302E-03   0.000E+00   0.000E+00   4.385E+01   2.894E-04   0.000E+00   2   1.754E+01  1   0.000E+00   0.000E+00   0.000E+00
     18  1.65521814553E+02   6.006E+02   6.006E+02   0.000E+00   6.689E+01   3.135E-09   2.936E+02  6.00302E-03   0.000E+00   0.000E+00   4.381E+01   2.846E-04   0.000E+00   2   1.929E+01  1   0.000E+00   0.000E+00   0.000E+00
     19  1.86740807016E+02   6.045E+02   6.045E+02   0.000E+00   6.873E+01   3.201E-09   2.917E+02  6.00302E-03   0.000E+00   0.000E+00   4.382E+01   2.813E-04   0.000E+00   3   2.122E+01  1   0.000E+00   0.000E+00   0.000E+00
     20  2.10081698725E+02   6.089E+02   6.089E+02   0.000E+00   7.084E+01   3.276E-09   2.898E+02  6.00302E-03   0.000E+00   0.000E+00   4.389E+01   2.792E-04   0.000E+00   2   2.334E+01  1   0.000E+00   0.000E+00   0.000E+00
     21  2.35756679606E+02   6.137E+02   6.137E+02   0.000E+00   7.321E+01   3.359E-09   2.876E+02  6.00302E-03   0.000E+00   0.000E+00   4.396E+01   2.770E-04   0.000E+00   2   2.567E+01  1   0.000E+00   0.000E+00   0.000E+00
     22  2.63999158574E+02   6.189E+02   6.189E+02   0.000E+00   7.583E+01   3.450E-09   2.854E+02  6.00302E-03   0.000E+00   0.000E+00   4.406E+01   2.751E-04   0.000E+00   3   2.824E+01  1   0.000E+00   0.000E+00   0.000E+00
     23  2.95065885440E+02   6.244E+02   6.244E+02   0.000E+00   7.873E+01   3.549E-09   2.831E+02  6.00302E-03   0.000E+00   0.000E+00   4.416E+01   2.732E-04   0.000E+00   2   3.107E+01  1   0.000E+00   0.000E+00   0.000E+00
     24  3.29239284992E+02   6.304E+02   6.304E+02   0.000E+00   8.192E+01   3.658E-09   2.807E+02  6.00302E-03   0.000E+00   0.000E+00   4.426E+01   2.710E-04   0.000E+00   2   3.417E+01  1   0.000E+00   0.000E+00   0.000E+00
     25  3.66830024499E+02   6.369E+02   6.369E+02   0.000E+00   8.551E+01   3.780E-09   2.780E+02  6.00302E-03   0.000E+00   0.000E+00   4.435E+01   2.681E-04   0.000E+00   2   3.759E+01  1   0.000E+00   0.000E+00   0.000E+00
     26  4.08179837957E+02   6.440E+02   6.440E+02   0.000E+00   8.957E+01   3.916E-09   2.751E+02  6.00302E-03   0.000E+00   0.000E+00   4.437E+01   2.628E-04   0.000E+00   2   4.135E+01  1   0.000E+00   0.000E+00   0.000E+00
     27  4.53664632760E+02   6.517E+02   6.517E+02   0.000E+00   9.413E+01   4.067E-09   2.723E+02  6.00302E-03   0.000E+00   0.000E+00   4.451E+01   2.608E-04   0.000E+00   3   4.548E+01  1   0.000E+00   0.000E+00   0.000E+00
     28  5.03697907044E+02   6.601E+02   6.601E+02   0.000E+00   9.930E+01   4.235E-09   2.693E+02  6.00302E-03   0.000E+00   0.000E+00   4.469E+01   2.592E-04   0.000E+00   2   5.003E+01  1   0.000E+00   0.000E+00   0.000E+00
     29  5.58734508756E+02   6.693E+02   6.693E+02   0.000E+00   1.051E+02   4.422E-09   2.660E+02  6.00302E-03   0.000E+00   0.000E+00   4.483E+01   2.561E-04   0.000E+00   2   5.504E+01  1   0.000E+00   0.000E+00   0.000E+00
     30  6.19274770640E+02   6.793E+02   6.793E+02   0.000E+00   1.117E+02   4.631E-09   2.626E+02  6.00302E-03   0.000E+00   0.000E+00   4.496E+01   2.526E-04   0.000E+00   3   6.054E+01  1   0.000E+00   0.000E+00   0.000E+00
     31  6.85869058712E+02   6.901E+02   6.901E+02   0.000E+00   1.192E+02   4.862E-09   2.591E+02  6.00302E-03   0.000E+00   0.000E+00   4.510E+01   2.490E-04   0.000E+00   3   6.659E+01  1   0.000E+00   0.000E+00   0.000E+00
     32  7.59122775591E+02   7.018E+02   7.018E+02   0.000E+00   1.276E+02   5.120E-09   2.555E+02  6.00302E-03   0.000E+00   0.000E+00   4.530E+01   2.462E-04   0.000E+00   3   7.325E+01  1   0.000E+00   0.000E+00   0.000E+00
     33  8.39701864158E+02   7.147E+02   7.147E+02   0.000E+00   1.374E+02   5.413E-09   2.517E+02  6.00302E-03   0.000E+00   0.000E+00   4.552E+01   2.438E-04   0.000E+00   3   8.058E+01  1   0.000E+00   0.000E+00   0.000E+00
     34  9.28338861581E+02   7.285E+02   7.285E+02   0.000E+00   1.485E+02   5.739E-09   2.478E+02  6.00302E-03   0.000E+00   0.000E+00   4.575E+01   2.410E-04   0.000E+00   3   8.864E+01  1   0.000E+00   0.000E+00   0.000E+00
     35  1.02446633518E+03   7.430E+02   7.430E+02   0.000E+00   1.610E+02   6.100E-09   2.437E+02  6.00302E-03   0.000E+00   0.000E+00   4.591E+01   2.365E-04   0.000E+00   3   9.613E+01  1   0.000E+00   0.000E+00   0.000E+00
     36  1.12438682038E+03   7.580E+02   7.580E+02   0.000E+00   1.748E+02   6.491E-09   2.399E+02  6.00302E-03   0.000E+00   0.000E+00   4.621E+01   2.351E-04   0.000E+00   3   9.992E+01  1   0.000E+00   0.000E+00   0.000E+00
     37  1.22980384348E+03   7.733E+02   7.733E+02   0.000E+00   1.899E+02   6.915E-09   2.359E+02  6.00302E-03   0.000E+00   0.000E+00   4.641E+01   2.314E-04   0.000E+00   3   1.054E+02  1   0.000E+00   0.000E+00   0.000E+00
     38  1.33800043455E+03   7.888E+02   7.888E+02   0.000E+00   2.065E+02   7.370E-09   2.321E+02  6.00302E-03   0.000E+00   0.000E+00   4.663E+01   2.282E-04   0.000E+00   4   1.082E+02  1   0.000E+00   0.000E+00   0.000E+00
     39  1.45079272276E+03   8.047E+02   8.047E+02   0.000E+00   2.247E+02   7.863E-09   2.284E+02  6.00302E-03   0.000E+00   0.000E+00   4.697E+01   2.275E-04   0.000E+00   3   1.128E+02  1   0.000E+00   0.000E+00   0.000E+00
     40  1.56816008352E+03   8.212E+02   8.212E+02   0.000E+00   2.449E+02   8.396E-09   2.246E+02  6.00302E-03   0.000E+00   0.000E+00   4.722E+01   2.248E-04   0.000E+00   2   1.174E+02  1   0.000E+00   0.000E+00   0.000E+00
     41  1.68704488159E+03   8.377E+02   8.377E+02   0.000E+00   2.665E+02   8.957E-09   2.211E+02  6.00302E-03   0.000E+00   0.000E+00   4.756E+01   2.241E-04   0.000E+00   3   1.189E+02  1   0.000E+00   0.000E+00   0.000E+00
     42  1.81138028824E+03   8.547E+02   8.547E+02   0.000E+00   2.903E+02   9.561E-09   2.175E+02  6.00302E-03   0.000E+00   0.000E+00   4.769E+01   2.192E-04   0.000E+00   2   1.243E+02  1   0.000E+00   0.000E+00   0.000E+00
     43  1.93689771145E+03   8.720E+02   8.720E+02   0.000E+00   3.159E+02   1.020E-08   2.142E+02  6.00302E-03   0.000E+00   0.000E+00   4.810E+01   2.200E-04   0.000E+00   3   1.255E+02  1   0.000E+00   0.000E+00   0.000E+00
     44  2.06976191355E+03   8.901E+02   8.901E+02   0.000E+00   3.447E+02   1.090E-08   2.107E+02  6.00302E-03   0.000E+00   0.000E+00   4.841E+01   2.186E-04   0.000E+00   2   1.329E+02  1   0.000E+00   0.000E+00   0.000E+00
     45  2.17605327523E+03   9.050E+02   9.050E+02   0.000E+00   3.698E+02   1.151E-08   2.079E+02  6.00302E-03   0.000E+00   0.000E+00   4.865E+01   2.170E-04   0.000E+00   3   1.063E+02  1   0.000E+00   0.000E+00   0.000E+00
     46  2.29297377307E+03   9.213E+02   9.213E+02   0.000E+00   3.990E+02   1.219E-08   2.051E+02  6.00302E-03   0.000E+00   0.000E+00   4.890E+01   2.156E-04   0.000E+00   4   1.169E+02  1   0.000E+00   0.000E+00   0.000E+00
     47  2.42158632070E+03   9.391E+02   9.391E+02   0.000E+00   4.325E+02   1.297E-08   2.021E+02  6.00302E-03   0.000E+00   0.000E+00   4.925E+01   2.152E-04   0.000E+00   3   1.286E+02  1   0.000E+00   0.000E+00   0.000E+00
     48  2.56169662293E+03   9.585E+02   9.585E+02   0.000E+00   4.712E+02   1.384E-08   1.990E+02  6.00302E-03   0.000E+00   0.000E+00   4.958E+01   2.144E-04   0.000E+00   2   1.401E+02  1   0.000E+00   0.000E+00   0.000E+00
     49  2.70385947436E+03   9.780E+02   9.780E+02   0.000E+00   5.126E+02   1.476E-08   1.959E+02  6.00302E-03   0.000E+00   0.000E+00   5.003E+01   2.156E-04   0.000E+00   3   1.422E+02  1   0.000E+00   0.000E+00   0.000E+00
     50  2.85181287240E+03   9.981E+02   9.981E+02   0.000E+00   5.583E+02   1.575E-08   1.929E+02  6.00302E-03   0.000E+00   0.000E+00   5.017E+01   2.112E-04   0.000E+00   3   1.480E+02  1   0.000E+00   0.000E+00   0.000E+00
     51  2.97017559084E+03   1.015E+03   1.015E+03   0.000E+00   5.988E+02   1.661E-08   1.905E+02  6.00302E-03   0.000E+00   0.000E+00   5.057E+01   2.128E-04   0.000E+00   2   1.184E+02  1   0.000E+00   0.000E+00   0.000E+00
     52  3.10037458111E+03   1.033E+03   1.033E+03   0.000E+00   6.453E+02   1.758E-08   1.880E+02  6.00302E-03   0.000E+00   0.000E+00   5.097E+01   2.136E-04   0.000E+00   3   1.302E+02  1   0.000E+00   0.000E+00   0.000E+00
     53  3.24359347042E+03   1.054E+03   1.054E+03   0.000E+00   6.994E+02   1.868E-08   1.852E+02  6.00302E-03   0.000E+00   0.000E+00   5.122E+01   2.116E-04   0.000E+00   2   1.432E+02  1   0.000E+00   0.000E+00   0.000E+00
     54  3.39427215940E+03   1.075E+03   1.075E+03   0.000E+00   7.599E+02   1.989E-08   1.824E+02  6.00302E-03   0.000E+00   0.000E+00   5.184E+01   2.153E-04   0.000E+00   3   1.507E+02  1   0.000E+00   0.000E+00   0.000E+00
     55  3.55254818801E+03   1.098E+03   1.098E+03   0.000E+00   8.266E+02   2.120E-08   1.796E+02  6.00302E-03   0.000E+00   0.000E+00   5.203E+01   2.117E-04   0.000E+00   3   1.583E+02  1   0.000E+00   0.000E+00   0.000E+00
     56  3.67916901089E+03   1.117E+03   1.117E+03   0.000E+00   8.852E+02   2.232E-08   1.773E+02  6.00302E-03   0.000E+00   0.000E+00   5.230E+01   2.109E-04   0.000E+00   3   1.266E+02  1   0.000E+00   0.000E+00   0.000E+00
     57  3.81845191607E+03   1.137E+03   1.137E+03   0.000E+00   9.530E+02   2.360E-08   1.749E+02  6.00302E-03   0.000E+00   0.000E+00   5.276E+01   2.126E-04   0.000E+00   3   1.393E+02  1   0.000E+00   0.000E+00   0.000E+00
     58  3.97166311176E+03   1.160E+03   1.160E+03   0.000E+00   1.033E+03   2.506E-08   1.723E+02  6.00302E-03   0.000E+00   0.000E+00   5.327E+01   2.142E-04   0.000E+00   2   1.532E+02  1   0.000E+00   0.000E+00   0.000E+00
     59  4.13525207243E+03   1.183E+03   1.183E+03   0.000E+00   1.121E+03   2.667E-08   1.694E+02  6.00302E-03   0.000E+00   0.000E+00   5.373E+01   2.144E-04   0.000E+00   3   1.636E+02  1   0.000E+00   0.000E+00   0.000E+00
     60  4.30293857543E+03   1.208E+03   1.208E+03   0.000E+00   1.218E+03   2.838E-08   1.668E+02  6.00302E-03   0.000E+00   0.000E+00   5.388E+01   2.103E-04   0.000E+00   3   1.677E+02  1   0.000E+00   0.000E+00   0.000E+00
     61  4.47451345379E+03   1.233E+03   1.233E+03   0.000E+00   1.323E+03   3.022E-08   1.642E+02  6.00302E-03   0.000E+00   0.000E+00   5.442E+01   2.119E-04   0.000E+00   3   1.716E+02  1   0.000E+00   0.000E+00   0.000E+00
     62  4.65470695431E+03   1.259E+03   1.259E+03   0.000E+00   1.440E+03   3.221E-08   1.615E+02  6.00302E-03   0.000E+00   0.000E+00   5.478E+01   2.105E-04   0.000E+00   3   1.802E+02  1   0.000E+00   0.000E+00   0.000E+00
     63  4.79886175473E+03   1.281E+03   1.281E+03   0.000E+00   1.546E+03   3.397E-08   1.592E+02  6.00302E-03   0.000E+00   0.000E+00   5.532E+01   2.128E-04   0.000E+00   2   1.442E+02  1   0.000E+00   0.000E+00   0.000E+00
     64  4.95743203518E+03   1.305E+03   1.305E+03   0.000E+00   1.666E+03   3.595E-08   1.566E+02  6.00302E-03   0.000E+00   0.000E+00   5.582E+01   2.135E-04   0.000E+00   3   1.586E+02  1   0.000E+00   0.000E+00   0.000E+00
     65  5.13185934368E+03   1.332E+03   1.332E+03   0.000E+00   1.808E+03   3.822E-08   1.539E+02  6.00302E-03   0.000E+00   0.000E+00   5.626E+01   2.125E-04   0.000E+00   2   1.744E+02  1   0.000E+00   0.000E+00   0.000E+00
     66  5.31222592850E+03   1.358E+03   1.358E+03   0.000E+00   1.958E+03   4.060E-08   1.516E+02  6.00302E-03   0.000E+00   0.000E+00   5.633E+01   2.072E-04   0.000E+00   4   1.804E+02  1   0.000E+00   0.000E+00   0.000E+00
     67  5.50529129121E+03   1.386E+03   1.386E+03   0.000E+00   2.131E+03   4.331E-08   1.490E+02  6.00302E-03   0.000E+00   0.000E+00   5.693E+01   2.089E-04   0.000E+00   3   1.931E+02  1   0.000E+00   0.000E+00   0.000E+00
     68  5.70425132490E+03   1.415E+03   1.415E+03   0.000E+00   2.324E+03   4.625E-08   1.462E+02  6.00302E-03   0.000E+00   0.000E+00   5.746E+01   2.088E-04   0.000E+00   3   1.990E+02  1   0.000E+00   0.000E+00   0.000E+00
     69  5.86341935185E+03   1.440E+03   1.440E+03   0.000E+00   2.495E+03   4.881E-08   1.438E+02  6.00302E-03   0.000E+00   0.000E+00   5.793E+01   2.088E-04   0.000E+00   2   1.592E+02  1   0.000E+00   0.000E+00   0.000E+00
     70  6.03850418150E+03   1.468E+03   1.468E+03   0.000E+00   2.696E+03   5.173E-08   1.414E+02  6.00302E-03   0.000E+00   0.000E+00   5.834E+01   2.074E-04   0.000E+00   3   1.751E+02  1   0.000E+00   0.000E+00   0.000E+00
     71  6.22903737178E+03   1.497E+03   1.497E+03   0.000E+00   2.925E+03   5.502E-08   1.388E+02  6.00302E-03   0.000E+00   0.000E+00   5.873E+01   2.054E-04   0.000E+00   3   1.905E+02  1   0.000E+00   0.000E+00   0.000E+00
     72  6.42937733735E+03   1.526E+03   1.526E+03   0.000E+00   3.174E+03   5.858E-08   1.365E+02  6.00302E-03   0.000E+00   0.000E+00   5.900E+01   2.025E-04   0.000E+00   4   2.003E+02  1   0.000E+00   0.000E+00   0.000E+00
     73  6.64294910846E+03   1.555E+03   1.555E+03   0.000E+00   3.460E+03   6.267E-08   1.340E+02  6.00302E-03   0.000E+00   0.000E+00   5.955E+01   2.023E-04   0.000E+00   4   2.136E+02  1   0.000E+00   0.000E+00   0.000E+00
     74  6.86021918667E+03   1.581E+03   1.581E+03   0.000E+00   3.775E+03   6.721E-08   1.315E+02  6.00302E-03   0.000E+00   0.000E+00   5.995E+01   2.001E-04   0.000E+00   3   2.173E+02  1   0.000E+00   0.000E+00   0.000E+00
     75  7.08022493322E+03   1.606E+03   1.606E+03   0.000E+00   4.120E+03   7.222E-08   1.289E+02  6.00302E-03   0.000E+00   0.000E+00   6.052E+01   1.997E-04   0.000E+00   3   2.200E+02  1   0.000E+00   0.000E+00   0.000E+00
     76  7.30657244261E+03   1.629E+03   1.629E+03   0.000E+00   4.507E+03   7.789E-08   1.263E+02  6.00302E-03   0.000E+00   0.000E+00   6.104E+01   1.983E-04   0.000E+00   3   2.263E+02  1   0.000E+00   0.000E+00   0.000E+00
     77  7.53642707895E+03   1.650E+03   1.650E+03   0.000E+00   4.946E+03   8.435E-08   1.237E+02  6.00302E-03   0.000E+00   0.000E+00   6.154E+01   1.965E-04   0.000E+00   3   2.299E+02  1   0.000E+00   0.000E+00   0.000E+00
     78  7.76984844540E+03   1.669E+03   1.669E+03   0.000E+00   5.443E+03   9.173E-08   1.211E+02  6.00302E-03   0.000E+00   0.000E+00   6.203E+01   1.946E-04   0.000E+00   3   2.334E+02  1   0.000E+00   0.000E+00   0.000E+00
     79  8.00883917094E+03   1.687E+03   1.687E+03   0.000E+00   6.015E+03   1.003E-07   1.187E+02  6.00302E-03   0.000E+00   0.000E+00   6.250E+01   1.926E-04   0.000E+00   3   2.390E+02  1   0.000E+00   0.000E+00   0.000E+00
     80  8.25429658414E+03   1.705E+03   1.705E+03   0.000E+00   6.683E+03   1.103E-07   1.166E+02  6.00302E-03   0.000E+00   0.000E+00   6.274E+01   1.888E-04   0.000E+00   3   2.455E+02  1   0.000E+00   0.000E+00   0.000E+00
     81  8.50746313685E+03   1.720E+03   1.720E+03   0.000E+00   7.468E+03   1.221E-07   1.143E+02  6.00302E-03   0.000E+00   0.000E+00   6.335E+01   1.886E-04   0.000E+00   4   2.532E+02  1   0.000E+00   0.000E+00   0.000E+00
     82  8.77280453115E+03   1.735E+03   1.735E+03   0.000E+00   8.434E+03   1.368E-07   1.120E+02  6.00302E-03   0.000E+00   0.000E+00   6.390E+01   1.873E-04   0.000E+00   3   2.653E+02  1   0.000E+00   0.000E+00   0.000E+00
     83  9.04073360372E+03   1.748E+03   1.748E+03   0.000E+00   9.598E+03   1.545E-07   1.098E+02  6.00302E-03   0.000E+00   0.000E+00   6.443E+01   1.861E-04   0.000E+00   3   2.679E+02  1   0.000E+00   0.000E+00   0.000E+00
     84  9.31771455554E+03   1.759E+03   1.759E+03   0.000E+00   1.105E+04   1.767E-07   1.078E+02  6.00302E-03   0.000E+00   0.000E+00   6.493E+01   1.850E-04   0.000E+00   3   2.770E+02  1   0.000E+00   0.000E+00   0.000E+00
     85  9.60731961802E+03   1.770E+03   1.770E+03   0.000E+00   1.291E+04   2.052E-07   1.061E+02  6.00302E-03   0.000E+00   0.000E+00   6.540E+01   1.845E-04   0.000E+00   3   2.896E+02  1   0.000E+00   0.000E+00   0.000E+00
     86  9.91331028338E+03   1.782E+03   1.782E+03   0.000E+00   1.540E+04   2.432E-07   1.048E+02  6.00302E-03   0.000E+00   0.000E+00   6.590E+01   1.857E-04   0.000E+00   3   3.060E+02  1   0.000E+00   0.000E+00   0.000E+00
     87  1.02388066986E+04   1.796E+03   1.796E+03   0.000E+00   1.889E+04   2.959E-07   1.043E+02  6.00302E-03   0.000E+00   0.000E+00   6.632E+01   1.887E-04   0.000E+00   3   3.255E+02  1   0.000E+00   0.000E+00   0.000E+00
     88  1.05734535177E+04   1.816E+03   1.816E+03   0.000E+00   2.383E+04   3.695E-07   1.046E+02  6.00302E-03   0.000E+00   0.000E+00   6.692E+01   1.968E-04   0.000E+00   4   3.346E+02  1   0.000E+00   0.000E+00   0.000E+00
     89  1.08411709730E+04   1.846E+03   1.846E+03   0.000E+00   2.986E+04   4.556E-07   1.058E+02  6.00302E-03   0.000E+00   0.000E+00   6.748E+01   2.080E-04   0.000E+00   5   2.677E+02  1   0.000E+00   0.000E+00   0.000E+00
     90  1.10306360935E+04   1.884E+03   1.884E+03   0.000E+00   3.641E+04   5.440E-07   1.075E+02  6.00302E-03   0.000E+00   0.000E+00   6.787E+01   2.198E-04   0.000E+00   5   1.895E+02  1   0.000E+00   0.000E+00   0.000E+00
     91  1.11545012926E+04   1.925E+03   1.925E+03   0.000E+00   4.290E+04   6.267E-07   1.092E+02  6.00302E-03   0.000E+00   0.000E+00   6.813E+01   2.303E-04   0.000E+00   6   1.239E+02  1   0.000E+00   0.000E+00   0.000E+00
     92  1.12413142184E+04   1.966E+03   1.966E+03   0.000E+00   4.932E+04   7.053E-07   1.109E+02  6.00302E-03   0.000E+00   0.000E+00   6.830E+01   2.401E-04   0.000E+00   5   8.681E+01  1   0.000E+00   0.000E+00   0.000E+00
     93  1.13092006348E+04   2.008E+03   2.008E+03   0.000E+00   5.634E+04   7.878E-07   1.130E+02  6.00302E-03   0.000E+00   0.000E+00   6.823E+01   2.480E-04   0.000E+00   5   6.789E+01  1   0.000E+00   0.000E+00   0.000E+00
     94  1.13635097679E+04   2.055E+03   2.055E+03   0.000E+00   6.457E+04   8.814E-07   1.149E+02  6.00302E-03   0.000E+00   0.000E+00   6.842E+01   2.592E-04   0.000E+00   5   5.431E+01  1   0.000E+00   0.000E+00   0.000E+00
     95  1.14069570744E+04   2.111E+03   2.111E+03   0.000E+00   7.517E+04   9.981E-07   1.168E+02  6.00302E-03   0.000E+00   0.000E+00   6.848E+01   2.691E-04   0.000E+00   6   4.345E+01  1   0.000E+00   0.000E+00   0.000E+00
     96  1.14400747590E+04   2.191E+03   2.191E+03   0.000E+00   9.189E+04   1.174E-06   1.186E+02  6.00302E-03   0.000E+00   0.000E+00   6.857E+01   2.786E-04   0.000E+00   7   3.312E+01  1   0.000E+00   0.000E+00   0.000E+00
     97  1.14607832583E+04   2.338E+03   2.338E+03   0.000E+00   1.305E+05   1.552E-06   1.194E+02  6.00302E-03   0.000E+00   0.000E+00   6.890E+01   2.882E-04   0.000E+00  10   2.071E+01  1   0.000E+00   0.000E+00   0.000E+00
