
 Timestep     Time[yr]           Tc        Tmax        M-Tmax        Pc        Rho_c         R          M        coreHEmass  coreCOmass       Te           L  T_irr     iter#   dt[yr] Phase     mdot     mdotRei    mdot/Rei 

      1  1.00000000000E+01   6.854E+02   6.854E+02   0.000E+00   5.031E+01   2.067E-09   4.290E+02  9.00453E-03   0.000E+00   0.000E+00   4.419E+01   6.286E-04   0.000E+00  46   1.000E+01  1   0.000E+00   0.000E+00   0.000E+00
      2  1.46085500860E+01   6.864E+02   6.864E+02   0.000E+00   5.065E+01   2.077E-09   4.224E+02  9.00453E-03   0.000E+00   0.000E+00   4.254E+01   5.239E-04   0.000E+00  22   4.609E+00  1   0.000E+00   0.000E+00   0.000E+00
      3  1.82953901547E+01   6.869E+02   6.869E+02   0.000E+00   5.081E+01   2.083E-09   4.185E+02  9.00453E-03   0.000E+00   0.000E+00   4.156E+01   4.685E-04   0.000E+00   4   3.687E+00  1   0.000E+00   0.000E+00   0.000E+00
      4  2.23509142304E+01   6.878E+02   6.878E+02   0.000E+00   5.110E+01   2.093E-09   4.150E+02  9.00453E-03   0.000E+00   0.000E+00   4.074E+01   4.250E-04   0.000E+00   3   4.056E+00  1   0.000E+00   0.000E+00   0.000E+00
      5  2.68119907136E+01   6.889E+02   6.889E+02   0.000E+00   5.146E+01   2.103E-09   4.119E+02  9.00453E-03   0.000E+00   0.000E+00   4.002E+01   3.901E-04   0.000E+00   2   4.461E+00  1   0.000E+00   0.000E+00   0.000E+00
      6  3.39497130867E+01   6.902E+02   6.902E+02   0.000E+00   5.189E+01   2.116E-09   4.085E+02  9.00453E-03   0.000E+00   0.000E+00   3.920E+01   3.532E-04   0.000E+00   3   7.138E+00  1   0.000E+00   0.000E+00   0.000E+00
      7  4.18012076971E+01   6.912E+02   6.912E+02   0.000E+00   5.227E+01   2.128E-09   4.060E+02  9.00453E-03   0.000E+00   0.000E+00   3.855E+01   3.263E-04   0.000E+00   3   7.851E+00  1   0.000E+00   0.000E+00   0.000E+00
      8  5.04378517686E+01   6.923E+02   6.923E+02   0.000E+00   5.265E+01   2.141E-09   4.041E+02  9.00453E-03   0.000E+00   0.000E+00   3.805E+01   3.067E-04   0.000E+00   2   8.637E+00  1   0.000E+00   0.000E+00   0.000E+00
      9  6.42564822830E+01   6.941E+02   6.941E+02   0.000E+00   5.329E+01   2.162E-09   4.023E+02  9.00453E-03   0.000E+00   0.000E+00   3.758E+01   2.894E-04   0.000E+00   2   1.382E+01  1   0.000E+00   0.000E+00   0.000E+00
     10  8.63662911060E+01   6.970E+02   6.970E+02   0.000E+00   5.436E+01   2.196E-09   4.009E+02  9.00453E-03   0.000E+00   0.000E+00   3.730E+01   2.789E-04   0.000E+00   3   2.211E+01  1   0.000E+00   0.000E+00   0.000E+00
     11  1.10687080811E+02   7.001E+02   7.001E+02   0.000E+00   5.550E+01   2.232E-09   4.004E+02  9.00453E-03   0.000E+00   0.000E+00   3.725E+01   2.766E-04   0.000E+00   2   2.432E+01  1   0.000E+00   0.000E+00   0.000E+00
     12  1.37439949487E+02   7.033E+02   7.033E+02   0.000E+00   5.671E+01   2.270E-09   4.002E+02  9.00453E-03   0.000E+00   0.000E+00   3.733E+01   2.787E-04   0.000E+00   2   2.675E+01  1   0.000E+00   0.000E+00   0.000E+00
     13  1.66868105031E+02   7.072E+02   7.072E+02   0.000E+00   5.817E+01   2.316E-09   4.000E+02  9.00453E-03   0.000E+00   0.000E+00   3.752E+01   2.842E-04   0.000E+00   3   2.943E+01  1   0.000E+00   0.000E+00   0.000E+00
     14  1.99239076128E+02   7.117E+02   7.117E+02   0.000E+00   5.985E+01   2.368E-09   3.997E+02  9.00453E-03   0.000E+00   0.000E+00   3.776E+01   2.910E-04   0.000E+00   2   3.237E+01  1   0.000E+00   0.000E+00   0.000E+00
     15  2.34847144336E+02   7.167E+02   7.167E+02   0.000E+00   6.174E+01   2.426E-09   3.991E+02  9.00453E-03   0.000E+00   0.000E+00   3.798E+01   2.972E-04   0.000E+00   2   3.561E+01  1   0.000E+00   0.000E+00   0.000E+00
     16  2.74016019364E+02   7.224E+02   7.224E+02   0.000E+00   6.394E+01   2.493E-09   3.983E+02  9.00453E-03   0.000E+00   0.000E+00   3.821E+01   3.029E-04   0.000E+00   2   3.917E+01  1   0.000E+00   0.000E+00   0.000E+00
     17  3.17101781895E+02   7.288E+02   7.288E+02   0.000E+00   6.645E+01   2.567E-09   3.972E+02  9.00453E-03   0.000E+00   0.000E+00   3.847E+01   3.096E-04   0.000E+00   2   4.309E+01  1   0.000E+00   0.000E+00   0.000E+00
     18  3.64496120679E+02   7.357E+02   7.357E+02   0.000E+00   6.924E+01   2.650E-09   3.960E+02  9.00453E-03   0.000E+00   0.000E+00   3.876E+01   3.172E-04   0.000E+00   2   4.739E+01  1   0.000E+00   0.000E+00   0.000E+00
     19  4.16629893342E+02   7.434E+02   7.434E+02   0.000E+00   7.242E+01   2.743E-09   3.944E+02  9.00453E-03   0.000E+00   0.000E+00   3.906E+01   3.245E-04   0.000E+00   2   5.213E+01  1   0.000E+00   0.000E+00   0.000E+00
     20  4.73977043271E+02   7.522E+02   7.522E+02   0.000E+00   7.616E+01   2.851E-09   3.922E+02  9.00453E-03   0.000E+00   0.000E+00   3.937E+01   3.311E-04   0.000E+00   2   5.735E+01  1   0.000E+00   0.000E+00   0.000E+00
     21  5.37058908193E+02   7.619E+02   7.619E+02   0.000E+00   8.044E+01   2.973E-09   3.896E+02  9.00453E-03   0.000E+00   0.000E+00   3.962E+01   3.352E-04   0.000E+00   2   6.308E+01  1   0.000E+00   0.000E+00   0.000E+00
     22  6.06448959607E+02   7.726E+02   7.726E+02   0.000E+00   8.537E+01   3.111E-09   3.867E+02  9.00453E-03   0.000E+00   0.000E+00   4.001E+01   3.433E-04   0.000E+00   2   6.939E+01  1   0.000E+00   0.000E+00   0.000E+00
     23  6.82778016162E+02   7.843E+02   7.843E+02   0.000E+00   9.099E+01   3.266E-09   3.832E+02  9.00453E-03   0.000E+00   0.000E+00   4.035E+01   3.488E-04   0.000E+00   2   7.633E+01  1   0.000E+00   0.000E+00   0.000E+00
     24  7.66739978373E+02   7.971E+02   7.971E+02   0.000E+00   9.749E+01   3.443E-09   3.792E+02  9.00453E-03   0.000E+00   0.000E+00   4.067E+01   3.526E-04   0.000E+00   2   8.396E+01  1   0.000E+00   0.000E+00   0.000E+00
     25  8.59098136805E+02   8.112E+02   8.112E+02   0.000E+00   1.051E+02   3.646E-09   3.747E+02  9.00453E-03   0.000E+00   0.000E+00   4.104E+01   3.570E-04   0.000E+00   2   9.236E+01  1   0.000E+00   0.000E+00   0.000E+00
     26  9.60692111080E+02   8.263E+02   8.263E+02   0.000E+00   1.138E+02   3.876E-09   3.697E+02  9.00453E-03   0.000E+00   0.000E+00   4.141E+01   3.602E-04   0.000E+00   3   1.016E+02  1   0.000E+00   0.000E+00   0.000E+00
     27  1.07145102315E+03   8.430E+02   8.430E+02   0.000E+00   1.240E+02   4.141E-09   3.643E+02  9.00453E-03   0.000E+00   0.000E+00   4.182E+01   3.636E-04   0.000E+00   2   1.108E+02  1   0.000E+00   0.000E+00   0.000E+00
     28  1.18304830355E+03   8.599E+02   8.599E+02   0.000E+00   1.350E+02   4.420E-09   3.588E+02  9.00453E-03   0.000E+00   0.000E+00   4.216E+01   3.647E-04   0.000E+00   2   1.116E+02  1   0.000E+00   0.000E+00   0.000E+00
     29  1.29748156587E+03   8.771E+02   8.771E+02   0.000E+00   1.471E+02   4.720E-09   3.534E+02  9.00453E-03   0.000E+00   0.000E+00   4.259E+01   3.682E-04   0.000E+00   2   1.144E+02  1   0.000E+00   0.000E+00   0.000E+00
     30  1.41403458163E+03   8.949E+02   8.949E+02   0.000E+00   1.602E+02   5.041E-09   3.478E+02  9.00453E-03   0.000E+00   0.000E+00   4.299E+01   3.701E-04   0.000E+00   2   1.166E+02  1   0.000E+00   0.000E+00   0.000E+00
     31  1.53078596038E+03   9.131E+02   9.131E+02   0.000E+00   1.745E+02   5.380E-09   3.423E+02  9.00453E-03   0.000E+00   0.000E+00   4.334E+01   3.704E-04   0.000E+00   2   1.168E+02  1   0.000E+00   0.000E+00   0.000E+00
     32  1.62418706338E+03   9.284E+02   9.284E+02   0.000E+00   1.870E+02   5.673E-09   3.378E+02  9.00453E-03   0.000E+00   0.000E+00   4.368E+01   3.724E-04   0.000E+00   3   9.340E+01  1   0.000E+00   0.000E+00   0.000E+00
     33  1.72692827668E+03   9.454E+02   9.454E+02   0.000E+00   2.016E+02   6.005E-09   3.330E+02  9.00453E-03   0.000E+00   0.000E+00   4.404E+01   3.738E-04   0.000E+00   3   1.027E+02  1   0.000E+00   0.000E+00   0.000E+00
     34  1.83988247695E+03   9.642E+02   9.642E+02   0.000E+00   2.186E+02   6.382E-09   3.278E+02  9.00453E-03   0.000E+00   0.000E+00   4.441E+01   3.744E-04   0.000E+00   2   1.130E+02  1   0.000E+00   0.000E+00   0.000E+00
     35  1.95436406135E+03   9.831E+02   9.831E+02   0.000E+00   2.365E+02   6.774E-09   3.227E+02  9.00453E-03   0.000E+00   0.000E+00   4.479E+01   3.758E-04   0.000E+00   3   1.145E+02  1   0.000E+00   0.000E+00   0.000E+00
     36  2.07373686183E+03   1.003E+03   1.003E+03   0.000E+00   2.565E+02   7.202E-09   3.176E+02  9.00453E-03   0.000E+00   0.000E+00   4.518E+01   3.767E-04   0.000E+00   2   1.194E+02  1   0.000E+00   0.000E+00   0.000E+00
     37  2.19434492119E+03   1.023E+03   1.023E+03   0.000E+00   2.781E+02   7.654E-09   3.124E+02  9.00453E-03   0.000E+00   0.000E+00   4.555E+01   3.767E-04   0.000E+00   2   1.206E+02  1   0.000E+00   0.000E+00   0.000E+00
     38  2.31712985804E+03   1.043E+03   1.043E+03   0.000E+00   3.015E+02   8.133E-09   3.073E+02  9.00453E-03   0.000E+00   0.000E+00   4.598E+01   3.785E-04   0.000E+00   2   1.228E+02  1   0.000E+00   0.000E+00   0.000E+00
     39  2.44265024502E+03   1.064E+03   1.064E+03   0.000E+00   3.268E+02   8.643E-09   3.022E+02  9.00453E-03   0.000E+00   0.000E+00   4.639E+01   3.789E-04   0.000E+00   2   1.255E+02  1   0.000E+00   0.000E+00   0.000E+00
     40  2.57013605906E+03   1.086E+03   1.086E+03   0.000E+00   3.542E+02   9.184E-09   2.971E+02  9.00453E-03   0.000E+00   0.000E+00   4.677E+01   3.785E-04   0.000E+00   2   1.275E+02  1   0.000E+00   0.000E+00   0.000E+00
     41  2.69990677004E+03   1.108E+03   1.108E+03   0.000E+00   3.840E+02   9.760E-09   2.921E+02  9.00453E-03   0.000E+00   0.000E+00   4.718E+01   3.790E-04   0.000E+00   2   1.298E+02  1   0.000E+00   0.000E+00   0.000E+00
     42  2.83210582323E+03   1.130E+03   1.130E+03   0.000E+00   4.164E+02   1.037E-08   2.871E+02  9.00453E-03   0.000E+00   0.000E+00   4.760E+01   3.792E-04   0.000E+00   2   1.322E+02  1   0.000E+00   0.000E+00   0.000E+00
     43  2.96620493031E+03   1.153E+03   1.153E+03   0.000E+00   4.514E+02   1.102E-08   2.820E+02  9.00453E-03   0.000E+00   0.000E+00   4.801E+01   3.788E-04   0.000E+00   2   1.341E+02  1   0.000E+00   0.000E+00   0.000E+00
     44  3.10234715671E+03   1.176E+03   1.176E+03   0.000E+00   4.892E+02   1.171E-08   2.770E+02  9.00453E-03   0.000E+00   0.000E+00   4.842E+01   3.780E-04   0.000E+00   2   1.361E+02  1   0.000E+00   0.000E+00   0.000E+00
     45  3.23871882705E+03   1.200E+03   1.200E+03   0.000E+00   5.297E+02   1.243E-08   2.722E+02  9.00453E-03   0.000E+00   0.000E+00   4.883E+01   3.774E-04   0.000E+00   2   1.364E+02  1   0.000E+00   0.000E+00   0.000E+00
     46  3.37538904009E+03   1.224E+03   1.224E+03   0.000E+00   5.731E+02   1.318E-08   2.673E+02  9.00453E-03   0.000E+00   0.000E+00   4.924E+01   3.766E-04   0.000E+00   2   1.367E+02  1   0.000E+00   0.000E+00   0.000E+00
     47  3.51345340477E+03   1.249E+03   1.249E+03   0.000E+00   6.197E+02   1.397E-08   2.626E+02  9.00453E-03   0.000E+00   0.000E+00   4.964E+01   3.751E-04   0.000E+00   2   1.381E+02  1   0.000E+00   0.000E+00   0.000E+00
     48  3.65488362816E+03   1.274E+03   1.274E+03   0.000E+00   6.697E+02   1.480E-08   2.579E+02  9.00453E-03   0.000E+00   0.000E+00   5.005E+01   3.740E-04   0.000E+00   3   1.414E+02  1   0.000E+00   0.000E+00   0.000E+00
     49  3.80185622517E+03   1.300E+03   1.300E+03   0.000E+00   7.255E+02   1.572E-08   2.531E+02  9.00453E-03   0.000E+00   0.000E+00   5.046E+01   3.724E-04   0.000E+00   2   1.470E+02  1   0.000E+00   0.000E+00   0.000E+00
     50  3.95136777723E+03   1.325E+03   1.325E+03   0.000E+00   7.853E+02   1.668E-08   2.484E+02  9.00453E-03   0.000E+00   0.000E+00   5.088E+01   3.706E-04   0.000E+00   3   1.495E+02  1   0.000E+00   0.000E+00   0.000E+00
     51  4.10720796898E+03   1.352E+03   1.352E+03   0.000E+00   8.518E+02   1.774E-08   2.436E+02  9.00453E-03   0.000E+00   0.000E+00   5.130E+01   3.683E-04   0.000E+00   3   1.558E+02  1   0.000E+00   0.000E+00   0.000E+00
     52  4.26561254642E+03   1.378E+03   1.378E+03   0.000E+00   9.244E+02   1.889E-08   2.389E+02  9.00453E-03   0.000E+00   0.000E+00   5.172E+01   3.661E-04   0.000E+00   3   1.584E+02  1   0.000E+00   0.000E+00   0.000E+00
     53  4.42756323484E+03   1.404E+03   1.404E+03   0.000E+00   1.004E+03   2.013E-08   2.342E+02  9.00453E-03   0.000E+00   0.000E+00   5.215E+01   3.636E-04   0.000E+00   3   1.620E+02  1   0.000E+00   0.000E+00   0.000E+00
     54  4.59364393819E+03   1.430E+03   1.430E+03   0.000E+00   1.091E+03   2.148E-08   2.296E+02  9.00453E-03   0.000E+00   0.000E+00   5.258E+01   3.610E-04   0.000E+00   3   1.661E+02  1   0.000E+00   0.000E+00   0.000E+00
     55  4.76408356913E+03   1.455E+03   1.455E+03   0.000E+00   1.187E+03   2.297E-08   2.249E+02  9.00453E-03   0.000E+00   0.000E+00   5.302E+01   3.582E-04   0.000E+00   3   1.704E+02  1   0.000E+00   0.000E+00   0.000E+00
     56  4.93804287409E+03   1.478E+03   1.478E+03   0.000E+00   1.292E+03   2.461E-08   2.204E+02  9.00453E-03   0.000E+00   0.000E+00   5.344E+01   3.551E-04   0.000E+00   3   1.740E+02  1   0.000E+00   0.000E+00   0.000E+00
     57  5.11532179641E+03   1.499E+03   1.499E+03   0.000E+00   1.407E+03   2.643E-08   2.160E+02  9.00453E-03   0.000E+00   0.000E+00   5.386E+01   3.518E-04   0.000E+00   3   1.773E+02  1   0.000E+00   0.000E+00   0.000E+00
     58  5.29726612377E+03   1.519E+03   1.519E+03   0.000E+00   1.535E+03   2.847E-08   2.116E+02  9.00453E-03   0.000E+00   0.000E+00   5.429E+01   3.485E-04   0.000E+00   3   1.819E+02  1   0.000E+00   0.000E+00   0.000E+00
     59  5.48537523440E+03   1.537E+03   1.537E+03   0.000E+00   1.681E+03   3.079E-08   2.072E+02  9.00453E-03   0.000E+00   0.000E+00   5.472E+01   3.451E-04   0.000E+00   3   1.881E+02  1   0.000E+00   0.000E+00   0.000E+00
     60  5.68049445140E+03   1.555E+03   1.555E+03   0.000E+00   1.847E+03   3.345E-08   2.029E+02  9.00453E-03   0.000E+00   0.000E+00   5.515E+01   3.414E-04   0.000E+00   3   1.951E+02  1   0.000E+00   0.000E+00   0.000E+00
     61  5.88446051988E+03   1.573E+03   1.573E+03   0.000E+00   2.039E+03   3.651E-08   1.987E+02  9.00453E-03   0.000E+00   0.000E+00   5.558E+01   3.375E-04   0.000E+00   3   2.040E+02  1   0.000E+00   0.000E+00   0.000E+00
     62  6.09686486957E+03   1.592E+03   1.592E+03   0.000E+00   2.264E+03   4.005E-08   1.945E+02  9.00453E-03   0.000E+00   0.000E+00   5.601E+01   3.335E-04   0.000E+00   2   2.124E+02  1   0.000E+00   0.000E+00   0.000E+00
     63  6.31604295773E+03   1.612E+03   1.612E+03   0.000E+00   2.524E+03   4.409E-08   1.904E+02  9.00453E-03   0.000E+00   0.000E+00   5.644E+01   3.298E-04   0.000E+00   2   2.192E+02  1   0.000E+00   0.000E+00   0.000E+00
     64  6.54256731868E+03   1.632E+03   1.632E+03   0.000E+00   2.828E+03   4.877E-08   1.865E+02  9.00453E-03   0.000E+00   0.000E+00   5.688E+01   3.263E-04   0.000E+00   2   2.265E+02  1   0.000E+00   0.000E+00   0.000E+00
     65  6.77360252150E+03   1.654E+03   1.654E+03   0.000E+00   3.187E+03   5.423E-08   1.829E+02  9.00453E-03   0.000E+00   0.000E+00   5.732E+01   3.236E-04   0.000E+00   2   2.310E+02  1   0.000E+00   0.000E+00   0.000E+00
     66  7.00917462618E+03   1.675E+03   1.675E+03   0.000E+00   3.610E+03   6.065E-08   1.795E+02  9.00453E-03   0.000E+00   0.000E+00   5.776E+01   3.214E-04   0.000E+00   3   2.356E+02  1   0.000E+00   0.000E+00   0.000E+00
     67  7.25070233621E+03   1.696E+03   1.696E+03   0.000E+00   4.128E+03   6.843E-08   1.764E+02  9.00453E-03   0.000E+00   0.000E+00   5.821E+01   3.201E-04   0.000E+00   2   2.415E+02  1   0.000E+00   0.000E+00   0.000E+00
     68  7.49546490940E+03   1.717E+03   1.717E+03   0.000E+00   4.753E+03   7.785E-08   1.737E+02  9.00453E-03   0.000E+00   0.000E+00   5.867E+01   3.205E-04   0.000E+00   3   2.448E+02  1   0.000E+00   0.000E+00   0.000E+00
     69  7.75014696232E+03   1.737E+03   1.737E+03   0.000E+00   5.562E+03   9.004E-08   1.715E+02  9.00453E-03   0.000E+00   0.000E+00   5.918E+01   3.231E-04   0.000E+00   3   2.547E+02  1   0.000E+00   0.000E+00   0.000E+00
     70  8.01576207373E+03   1.756E+03   1.756E+03   0.000E+00   6.639E+03   1.063E-07   1.698E+02  9.00453E-03   0.000E+00   0.000E+00   5.974E+01   3.291E-04   0.000E+00   3   2.656E+02  1   0.000E+00   0.000E+00   0.000E+00
     71  8.29942483421E+03   1.775E+03   1.775E+03   0.000E+00   8.183E+03   1.297E-07   1.693E+02  9.00453E-03   0.000E+00   0.000E+00   6.035E+01   3.409E-04   0.000E+00   3   2.837E+02  1   0.000E+00   0.000E+00   0.000E+00
     72  8.52635504259E+03   1.795E+03   1.795E+03   0.000E+00   1.000E+04   1.569E-07   1.701E+02  9.00453E-03   0.000E+00   0.000E+00   6.088E+01   3.563E-04   0.000E+00   4   2.269E+02  1   0.000E+00   0.000E+00   0.000E+00
     73  8.75961136079E+03   1.824E+03   1.824E+03   0.000E+00   1.275E+04   1.968E-07   1.731E+02  9.00453E-03   0.000E+00   0.000E+00   6.144E+01   3.825E-04   0.000E+00   5   2.333E+02  1   0.000E+00   0.000E+00   0.000E+00
     74  8.92917517872E+03   1.866E+03   1.866E+03   0.000E+00   1.597E+04   2.410E-07   1.772E+02  9.00453E-03   0.000E+00   0.000E+00   6.186E+01   4.118E-04   0.000E+00   7   1.696E+02  1   0.000E+00   0.000E+00   0.000E+00
     75  9.02717395267E+03   1.912E+03   1.912E+03   0.000E+00   1.908E+04   2.807E-07   1.806E+02  9.00453E-03   0.000E+00   0.000E+00   6.208E+01   4.344E-04   0.000E+00   8   9.800E+01  1   0.000E+00   0.000E+00   0.000E+00
     76  9.08683293528E+03   1.956E+03   1.956E+03   0.000E+00   2.208E+04   3.171E-07   1.834E+02  9.00453E-03   0.000E+00   0.000E+00   6.220E+01   4.516E-04   0.000E+00   7   5.966E+01  1   0.000E+00   0.000E+00   0.000E+00
     77  9.12999379187E+03   2.005E+03   2.005E+03   0.000E+00   2.555E+04   3.573E-07   1.861E+02  9.00453E-03   0.000E+00   0.000E+00   6.227E+01   4.665E-04   0.000E+00   7   4.316E+01  1   0.000E+00   0.000E+00   0.000E+00
     78  9.16274495076E+03   2.064E+03   2.064E+03   0.000E+00   3.021E+04   4.097E-07   1.887E+02  9.00453E-03   0.000E+00   0.000E+00   6.230E+01   4.803E-04   0.000E+00   8   3.275E+01  1   0.000E+00   0.000E+00   0.000E+00
     79  9.18591262787E+03   2.161E+03   2.161E+03   0.000E+00   3.926E+04   5.072E-07   1.905E+02  9.00453E-03   0.000E+00   0.000E+00   6.243E+01   4.942E-04   0.000E+00   9   2.317E+01  1   0.000E+00   0.000E+00   0.000E+00
     80  9.19728520269E+03   2.167E+03   2.167E+03   0.000E+00   4.008E+04   5.158E-07   1.941E+02  9.00453E-03   0.000E+00   0.000E+00   6.180E+01   4.923E-04   0.000E+00  13   1.137E+01  1   0.000E+00   0.000E+00   0.000E+00
     81  9.20638326254E+03   2.173E+03   2.173E+03   0.000E+00   4.088E+04   5.249E-07   1.968E+02  9.00453E-03   0.000E+00   0.000E+00   6.147E+01   4.956E-04   0.000E+00   8   9.098E+00  1   0.000E+00   0.000E+00   0.000E+00
     82  9.20865777751E+03   2.174E+03   2.174E+03   0.000E+00   4.094E+04   5.259E-07   1.975E+02  9.00453E-03   0.000E+00   0.000E+00   6.138E+01   4.963E-04   0.000E+00  12   2.275E+00  1   0.000E+00   0.000E+00   0.000E+00
     83  9.20911268050E+03   2.172E+03   2.172E+03   0.000E+00   4.073E+04   5.237E-07   1.978E+02  9.00453E-03   0.000E+00   0.000E+00   6.135E+01   4.964E-04   0.000E+00  16   4.549E-01  1   0.000E+00   0.000E+00   0.000E+00
     84  9.20947660289E+03   2.169E+03   2.169E+03   0.000E+00   4.051E+04   5.214E-07   1.980E+02  9.00453E-03   0.000E+00   0.000E+00   6.131E+01   4.963E-04   0.000E+00  12   3.639E-01  1   0.000E+00   0.000E+00   0.000E+00
     85  9.20984052529E+03   2.168E+03   2.168E+03   0.000E+00   4.031E+04   5.186E-07   1.982E+02  9.00453E-03   0.000E+00   0.000E+00   6.127E+01   4.961E-04   0.000E+00   5   3.639E-01  1   0.000E+00   0.000E+00   0.000E+00
