      1  1.00000000000E+01   4.507E+02   4.507E+02   0.000E+00   1.910E+02   1.193E-08   1.624E+02  2.00101E-03   0.000E+00   0.000E+00   3.258E+01   2.663E-05   0.000E+00  35   1.000E+01  1   0.000E+00   0.000E+00   0.000E+00
      2  1.80000000000E+01   4.509E+02   4.509E+02   0.000E+00   1.916E+02   1.196E-08   1.606E+02  2.00101E-03   0.000E+00   0.000E+00   3.173E+01   2.342E-05   0.000E+00  30   8.000E+00  1   0.000E+00   0.000E+00   0.000E+00
      3  2.44000000000E+01   4.510E+02   4.510E+02   0.000E+00   1.920E+02   1.198E-08   1.595E+02  2.00101E-03   0.000E+00   0.000E+00   3.123E+01   2.169E-05   0.000E+00   2   6.400E+00  1   0.000E+00   0.000E+00   0.000E+00
      4  3.46400000000E+01   4.510E+02   4.510E+02   0.000E+00   1.922E+02   1.200E-08   1.583E+02  2.00101E-03   0.000E+00   0.000E+00   3.071E+01   1.996E-05   0.000E+00   3   1.024E+01  1   0.000E+00   0.000E+00   0.000E+00
      5  4.59040000000E+01   4.514E+02   4.514E+02   0.000E+00   1.931E+02   1.205E-08   1.571E+02  2.00101E-03   0.000E+00   0.000E+00   3.032E+01   1.869E-05   0.000E+00   2   1.126E+01  1   0.000E+00   0.000E+00   0.000E+00
      6  6.39264000000E+01   4.519E+02   4.519E+02   0.000E+00   1.943E+02   1.210E-08   1.559E+02  2.00101E-03   0.000E+00   0.000E+00   2.993E+01   1.747E-05   0.000E+00   2   1.802E+01  1   0.000E+00   0.000E+00   0.000E+00
      7  8.37510400000E+01   4.523E+02   4.523E+02   0.000E+00   1.951E+02   1.215E-08   1.548E+02  2.00101E-03   0.000E+00   0.000E+00   2.966E+01   1.663E-05   0.000E+00   3   1.982E+01  1   0.000E+00   0.000E+00   0.000E+00
      8  1.05558144000E+02   4.528E+02   4.528E+02   0.000E+00   1.962E+02   1.220E-08   1.539E+02  2.00101E-03   0.000E+00   0.000E+00   2.947E+01   1.601E-05   0.000E+00   2   2.181E+01  1   0.000E+00   0.000E+00   0.000E+00
      9  1.40449510400E+02   4.537E+02   4.537E+02   0.000E+00   1.980E+02   1.229E-08   1.526E+02  2.00101E-03   0.000E+00   0.000E+00   2.929E+01   1.536E-05   0.000E+00   2   3.489E+01  1   0.000E+00   0.000E+00   0.000E+00
     10  1.78830013440E+02   4.550E+02   4.550E+02   0.000E+00   2.004E+02   1.240E-08   1.514E+02  2.00101E-03   0.000E+00   0.000E+00   2.916E+01   1.487E-05   0.000E+00   2   3.838E+01  1   0.000E+00   0.000E+00   0.000E+00
     11  2.21048566784E+02   4.561E+02   4.561E+02   0.000E+00   2.024E+02   1.249E-08   1.505E+02  2.00101E-03   0.000E+00   0.000E+00   2.907E+01   1.449E-05   0.000E+00   3   4.222E+01  1   0.000E+00   0.000E+00   0.000E+00
     12  2.67488975462E+02   4.573E+02   4.573E+02   0.000E+00   2.045E+02   1.259E-08   1.496E+02  2.00101E-03   0.000E+00   0.000E+00   2.900E+01   1.420E-05   0.000E+00   2   4.644E+01  1   0.000E+00   0.000E+00   0.000E+00
     13  3.41793629348E+02   4.593E+02   4.593E+02   0.000E+00   2.079E+02   1.274E-08   1.485E+02  2.00101E-03   0.000E+00   0.000E+00   2.896E+01   1.391E-05   0.000E+00   3   7.430E+01  1   0.000E+00   0.000E+00   0.000E+00
     14  4.23528748622E+02   4.614E+02   4.614E+02   0.000E+00   2.117E+02   1.292E-08   1.476E+02  2.00101E-03   0.000E+00   0.000E+00   2.895E+01   1.372E-05   0.000E+00   2   8.174E+01  1   0.000E+00   0.000E+00   0.000E+00
     15  5.13437379823E+02   4.637E+02   4.637E+02   0.000E+00   2.159E+02   1.311E-08   1.467E+02  2.00101E-03   0.000E+00   0.000E+00   2.897E+01   1.358E-05   0.000E+00   2   8.991E+01  1   0.000E+00   0.000E+00   0.000E+00
     16  6.12336874145E+02   4.663E+02   4.663E+02   0.000E+00   2.206E+02   1.332E-08   1.458E+02  2.00101E-03   0.000E+00   0.000E+00   2.901E+01   1.348E-05   0.000E+00   2   9.890E+01  1   0.000E+00   0.000E+00   0.000E+00
     17  7.21126317898E+02   4.692E+02   4.692E+02   0.000E+00   2.261E+02   1.357E-08   1.448E+02  2.00101E-03   0.000E+00   0.000E+00   2.905E+01   1.339E-05   0.000E+00   1   1.088E+02  1   0.000E+00   0.000E+00   0.000E+00
     18  8.40794706027E+02   4.724E+02   4.724E+02   0.000E+00   2.324E+02   1.385E-08   1.438E+02  2.00101E-03   0.000E+00   0.000E+00   2.910E+01   1.328E-05   0.000E+00   1   1.197E+02  1   0.000E+00   0.000E+00   0.000E+00
     19  9.72429932969E+02   4.760E+02   4.760E+02   0.000E+00   2.396E+02   1.417E-08   1.427E+02  2.00101E-03   0.000E+00   0.000E+00   2.916E+01   1.319E-05   0.000E+00   3   1.316E+02  1   0.000E+00   0.000E+00   0.000E+00
     20  1.11722868261E+03   4.797E+02   4.797E+02   0.000E+00   2.471E+02   1.450E-08   1.415E+02  2.00101E-03   0.000E+00   0.000E+00   2.922E+01   1.309E-05   0.000E+00   2   1.448E+02  1   0.000E+00   0.000E+00   0.000E+00
     21  1.27650730721E+03   4.835E+02   4.835E+02   0.000E+00   2.552E+02   1.486E-08   1.403E+02  2.00101E-03   0.000E+00   0.000E+00   2.928E+01   1.297E-05   0.000E+00   2   1.593E+02  1   0.000E+00   0.000E+00   0.000E+00
     22  1.45171379427E+03   4.877E+02   4.877E+02   0.000E+00   2.644E+02   1.526E-08   1.390E+02  2.00101E-03   0.000E+00   0.000E+00   2.935E+01   1.285E-05   0.000E+00   3   1.752E+02  1   0.000E+00   0.000E+00   0.000E+00
     23  1.64444093003E+03   4.926E+02   4.926E+02   0.000E+00   2.753E+02   1.573E-08   1.377E+02  2.00101E-03   0.000E+00   0.000E+00   2.944E+01   1.276E-05   0.000E+00   3   1.927E+02  1   0.000E+00   0.000E+00   0.000E+00
     24  1.85644077937E+03   4.977E+02   4.977E+02   0.000E+00   2.871E+02   1.624E-08   1.363E+02  2.00101E-03   0.000E+00   0.000E+00   2.952E+01   1.264E-05   0.000E+00   2   2.120E+02  1   0.000E+00   0.000E+00   0.000E+00
     25  2.08964061365E+03   5.030E+02   5.030E+02   0.000E+00   2.999E+02   1.679E-08   1.346E+02  2.00101E-03   0.000E+00   0.000E+00   2.959E+01   1.246E-05   0.000E+00   2   2.332E+02  1   0.000E+00   0.000E+00   0.000E+00
     26  2.34616043135E+03   5.091E+02   5.091E+02   0.000E+00   3.149E+02   1.741E-08   1.331E+02  2.00101E-03   0.000E+00   0.000E+00   2.970E+01   1.235E-05   0.000E+00   3   2.565E+02  1   0.000E+00   0.000E+00   0.000E+00
     27  2.62833223083E+03   5.155E+02   5.155E+02   0.000E+00   3.314E+02   1.810E-08   1.314E+02  2.00101E-03   0.000E+00   0.000E+00   2.982E+01   1.223E-05   0.000E+00   2   2.822E+02  1   0.000E+00   0.000E+00   0.000E+00
     28  2.93872121025E+03   5.226E+02   5.226E+02   0.000E+00   3.503E+02   1.888E-08   1.295E+02  2.00101E-03   0.000E+00   0.000E+00   2.992E+01   1.204E-05   0.000E+00   2   3.104E+02  1   0.000E+00   0.000E+00   0.000E+00
     29  3.28014908761E+03   5.302E+02   5.302E+02   0.000E+00   3.716E+02   1.973E-08   1.276E+02  2.00101E-03   0.000E+00   0.000E+00   3.003E+01   1.186E-05   0.000E+00   3   3.414E+02  1   0.000E+00   0.000E+00   0.000E+00
     30  3.65571975272E+03   5.383E+02   5.383E+02   0.000E+00   3.954E+02   2.068E-08   1.256E+02  2.00101E-03   0.000E+00   0.000E+00   3.016E+01   1.169E-05   0.000E+00   3   3.756E+02  1   0.000E+00   0.000E+00   0.000E+00
     31  4.06884748433E+03   5.474E+02   5.474E+02   0.000E+00   4.231E+02   2.176E-08   1.235E+02  2.00101E-03   0.000E+00   0.000E+00   3.030E+01   1.153E-05   0.000E+00   3   4.131E+02  1   0.000E+00   0.000E+00   0.000E+00
     32  4.52328798910E+03   5.568E+02   5.568E+02   0.000E+00   4.535E+02   2.293E-08   1.213E+02  2.00101E-03   0.000E+00   0.000E+00   3.042E+01   1.129E-05   0.000E+00   3   4.544E+02  1   0.000E+00   0.000E+00   0.000E+00
     33  5.02317254435E+03   5.672E+02   5.672E+02   0.000E+00   4.890E+02   2.427E-08   1.191E+02  2.00101E-03   0.000E+00   0.000E+00   3.060E+01   1.115E-05   0.000E+00   3   4.999E+02  1   0.000E+00   0.000E+00   0.000E+00
     34  5.57304555512E+03   5.782E+02   5.782E+02   0.000E+00   5.286E+02   2.574E-08   1.168E+02  2.00101E-03   0.000E+00   0.000E+00   3.074E+01   1.091E-05   0.000E+00   3   5.499E+02  1   0.000E+00   0.000E+00   0.000E+00
     35  6.17790586697E+03   5.903E+02   5.903E+02   0.000E+00   5.746E+02   2.740E-08   1.144E+02  2.00101E-03   0.000E+00   0.000E+00   3.093E+01   1.073E-05   0.000E+00   3   6.049E+02  1   0.000E+00   0.000E+00   0.000E+00
     36  6.82746233702E+03   6.029E+02   6.029E+02   0.000E+00   6.253E+02   2.920E-08   1.120E+02  2.00101E-03   0.000E+00   0.000E+00   3.109E+01   1.050E-05   0.000E+00   3   6.496E+02  1   0.000E+00   0.000E+00   0.000E+00
     37  7.49952911398E+03   6.157E+02   6.157E+02   0.000E+00   6.808E+02   3.113E-08   1.096E+02  2.00101E-03   0.000E+00   0.000E+00   3.126E+01   1.029E-05   0.000E+00   3   6.721E+02  1   0.000E+00   0.000E+00   0.000E+00
     38  8.20130235965E+03   6.287E+02   6.287E+02   0.000E+00   7.412E+02   3.319E-08   1.074E+02  2.00101E-03   0.000E+00   0.000E+00   3.145E+01   1.010E-05   0.000E+00   3   7.018E+02  1   0.000E+00   0.000E+00   0.000E+00
     39  8.93978411018E+03   6.420E+02   6.420E+02   0.000E+00   8.078E+02   3.543E-08   1.050E+02  2.00101E-03   0.000E+00   0.000E+00   3.161E+01   9.870E-06   0.000E+00   3   7.385E+02  1   0.000E+00   0.000E+00   0.000E+00
     40  9.69892001370E+03   6.555E+02   6.555E+02   0.000E+00   8.800E+02   3.779E-08   1.029E+02  2.00101E-03   0.000E+00   0.000E+00   3.181E+01   9.706E-06   0.000E+00   3   7.591E+02  1   0.000E+00   0.000E+00   0.000E+00
     41  1.05003061524E+04   6.697E+02   6.697E+02   0.000E+00   9.598E+02   4.034E-08   1.007E+02  2.00101E-03   0.000E+00   0.000E+00   3.197E+01   9.489E-06   0.000E+00   2   8.014E+02  1   0.000E+00   0.000E+00   0.000E+00
     42  1.13102788360E+04   6.839E+02   6.839E+02   0.000E+00   1.044E+03   4.296E-08   9.858E+01  2.00101E-03   0.000E+00   0.000E+00   3.213E+01   9.287E-06   0.000E+00   3   8.100E+02  1   0.000E+00   0.000E+00   0.000E+00
     43  1.21531470968E+04   6.988E+02   6.988E+02   0.000E+00   1.136E+03   4.575E-08   9.656E+01  2.00101E-03   0.000E+00   0.000E+00   3.234E+01   9.136E-06   0.000E+00   2   8.429E+02  1   0.000E+00   0.000E+00   0.000E+00
     44  1.30260217702E+04   7.139E+02   7.139E+02   0.000E+00   1.235E+03   4.870E-08   9.457E+01  2.00101E-03   0.000E+00   0.000E+00   3.251E+01   8.950E-06   0.000E+00   3   8.729E+02  1   0.000E+00   0.000E+00   0.000E+00
     45  1.39262773743E+04   7.291E+02   7.291E+02   0.000E+00   1.342E+03   5.182E-08   9.259E+01  2.00101E-03   0.000E+00   0.000E+00   3.266E+01   8.737E-06   0.000E+00   3   9.003E+02  1   0.000E+00   0.000E+00   0.000E+00
     46  1.48626355453E+04   7.446E+02   7.446E+02   0.000E+00   1.459E+03   5.517E-08   9.073E+01  2.00101E-03   0.000E+00   0.000E+00   3.287E+01   8.616E-06   0.000E+00   3   9.364E+02  1   0.000E+00   0.000E+00   0.000E+00
     47  1.58616473594E+04   7.606E+02   7.606E+02   0.000E+00   1.589E+03   5.883E-08   8.882E+01  2.00101E-03   0.000E+00   0.000E+00   3.305E+01   8.431E-06   0.000E+00   3   9.990E+02  1   0.000E+00   0.000E+00   0.000E+00
     48  1.68830769993E+04   7.766E+02   7.766E+02   0.000E+00   1.728E+03   6.265E-08   8.692E+01  2.00101E-03   0.000E+00   0.000E+00   3.318E+01   8.206E-06   0.000E+00   3   1.021E+03  1   0.000E+00   0.000E+00   0.000E+00
     49  1.79450732108E+04   7.930E+02   7.930E+02   0.000E+00   1.881E+03   6.678E-08   8.520E+01  2.00101E-03   0.000E+00   0.000E+00   3.343E+01   8.127E-06   0.000E+00   3   1.062E+03  1   0.000E+00   0.000E+00   0.000E+00
     50  1.90885630204E+04   8.099E+02   8.099E+02   0.000E+00   2.052E+03   7.130E-08   8.332E+01  2.00101E-03   0.000E+00   0.000E+00   3.357E+01   7.901E-06   0.000E+00   2   1.143E+03  1   0.000E+00   0.000E+00   0.000E+00
     51  2.00033548681E+04   8.235E+02   8.235E+02   0.000E+00   2.197E+03   7.511E-08   8.193E+01  2.00101E-03   0.000E+00   0.000E+00   3.372E+01   7.773E-06   0.000E+00   3   9.148E+02  1   0.000E+00   0.000E+00   0.000E+00
     52  2.10096259006E+04   8.381E+02   8.381E+02   0.000E+00   2.364E+03   7.942E-08   8.050E+01  2.00101E-03   0.000E+00   0.000E+00   3.392E+01   7.685E-06   0.000E+00   2   1.006E+03  1   0.000E+00   0.000E+00   0.000E+00
     53  2.21165240362E+04   8.540E+02   8.540E+02   0.000E+00   2.557E+03   8.429E-08   7.892E+01  2.00101E-03   0.000E+00   0.000E+00   3.406E+01   7.513E-06   0.000E+00   2   1.107E+03  1   0.000E+00   0.000E+00   0.000E+00
     54  2.33341119855E+04   8.709E+02   8.709E+02   0.000E+00   2.776E+03   8.974E-08   7.738E+01  2.00101E-03   0.000E+00   0.000E+00   3.426E+01   7.391E-06   0.000E+00   3   1.218E+03  1   0.000E+00   0.000E+00   0.000E+00
     55  2.46681592904E+04   8.886E+02   8.886E+02   0.000E+00   3.022E+03   9.575E-08   7.572E+01  2.00101E-03   0.000E+00   0.000E+00   3.439E+01   7.189E-06   0.000E+00   3   1.334E+03  1   0.000E+00   0.000E+00   0.000E+00
     56  2.60423078093E+04   9.069E+02   9.069E+02   0.000E+00   3.293E+03   1.022E-07   7.421E+01  2.00101E-03   0.000E+00   0.000E+00   3.463E+01   7.099E-06   0.000E+00   3   1.374E+03  1   0.000E+00   0.000E+00   0.000E+00
     57  2.75092652742E+04   9.262E+02   9.262E+02   0.000E+00   3.596E+03   1.093E-07   7.265E+01  2.00101E-03   0.000E+00   0.000E+00   3.484E+01   6.965E-06   0.000E+00   2   1.467E+03  1   0.000E+00   0.000E+00   0.000E+00
     58  2.89957615518E+04   9.452E+02   9.452E+02   0.000E+00   3.912E+03   1.165E-07   7.110E+01  2.00101E-03   0.000E+00   0.000E+00   3.495E+01   6.760E-06   0.000E+00   3   1.486E+03  1   0.000E+00   0.000E+00   0.000E+00
     59  3.05254634701E+04   9.650E+02   9.650E+02   0.000E+00   4.261E+03   1.243E-07   6.972E+01  2.00101E-03   0.000E+00   0.000E+00   3.522E+01   6.700E-06   0.000E+00   3   1.530E+03  1   0.000E+00   0.000E+00   0.000E+00
     60  3.21633369326E+04   9.859E+02   9.859E+02   0.000E+00   4.652E+03   1.328E-07   6.823E+01  2.00101E-03   0.000E+00   0.000E+00   3.539E+01   6.544E-06   0.000E+00   2   1.638E+03  1   0.000E+00   0.000E+00   0.000E+00
     61  3.34736357026E+04   1.003E+03   1.003E+03   0.000E+00   4.986E+03   1.400E-07   6.707E+01  2.00101E-03   0.000E+00   0.000E+00   3.552E+01   6.414E-06   0.000E+00   3   1.310E+03  1   0.000E+00   0.000E+00   0.000E+00
     62  3.49149643496E+04   1.021E+03   1.021E+03   0.000E+00   5.370E+03   1.480E-07   6.589E+01  2.00101E-03   0.000E+00   0.000E+00   3.569E+01   6.314E-06   0.000E+00   2   1.441E+03  1   0.000E+00   0.000E+00   0.000E+00
     63  3.65004258613E+04   1.041E+03   1.041E+03   0.000E+00   5.806E+03   1.570E-07   6.467E+01  2.00101E-03   0.000E+00   0.000E+00   3.590E+01   6.222E-06   0.000E+00   3   1.585E+03  1   0.000E+00   0.000E+00   0.000E+00
     64  3.82444335241E+04   1.062E+03   1.062E+03   0.000E+00   6.305E+03   1.671E-07   6.338E+01  2.00101E-03   0.000E+00   0.000E+00   3.606E+01   6.090E-06   0.000E+00   3   1.744E+03  1   0.000E+00   0.000E+00   0.000E+00
     65  4.00965528971E+04   1.084E+03   1.084E+03   0.000E+00   6.860E+03   1.782E-07   6.211E+01  2.00101E-03   0.000E+00   0.000E+00   3.627E+01   5.982E-06   0.000E+00   3   1.852E+03  1   0.000E+00   0.000E+00   0.000E+00
     66  4.20645195227E+04   1.106E+03   1.106E+03   0.000E+00   7.470E+03   1.901E-07   6.082E+01  2.00101E-03   0.000E+00   0.000E+00   3.642E+01   5.831E-06   0.000E+00   3   1.968E+03  1   0.000E+00   0.000E+00   0.000E+00
     67  4.40967273366E+04   1.130E+03   1.130E+03   0.000E+00   8.139E+03   2.029E-07   5.960E+01  2.00101E-03   0.000E+00   0.000E+00   3.664E+01   5.738E-06   0.000E+00   3   2.032E+03  1   0.000E+00   0.000E+00   0.000E+00
     68  4.62514741778E+04   1.153E+03   1.153E+03   0.000E+00   8.885E+03   2.169E-07   5.837E+01  2.00101E-03   0.000E+00   0.000E+00   3.688E+01   5.647E-06   0.000E+00   3   2.155E+03  1   0.000E+00   0.000E+00   0.000E+00
     69  4.84723332703E+04   1.178E+03   1.178E+03   0.000E+00   9.695E+03   2.318E-07   5.715E+01  2.00101E-03   0.000E+00   0.000E+00   3.704E+01   5.508E-06   0.000E+00   3   2.221E+03  1   0.000E+00   0.000E+00   0.000E+00
     70  5.07441614313E+04   1.202E+03   1.202E+03   0.000E+00   1.057E+04   2.475E-07   5.596E+01  2.00101E-03   0.000E+00   0.000E+00   3.718E+01   5.365E-06   0.000E+00   3   2.272E+03  1   0.000E+00   0.000E+00   0.000E+00
     71  5.31103194221E+04   1.227E+03   1.227E+03   0.000E+00   1.153E+04   2.646E-07   5.486E+01  2.00101E-03   0.000E+00   0.000E+00   3.749E+01   5.327E-06   0.000E+00   3   2.366E+03  1   0.000E+00   0.000E+00   0.000E+00
     72  5.56359608008E+04   1.253E+03   1.253E+03   0.000E+00   1.261E+04   2.834E-07   5.370E+01  2.00101E-03   0.000E+00   0.000E+00   3.768E+01   5.212E-06   0.000E+00   2   2.526E+03  1   0.000E+00   0.000E+00   0.000E+00
     73  5.81675579562E+04   1.278E+03   1.278E+03   0.000E+00   1.375E+04   3.029E-07   5.259E+01  2.00101E-03   0.000E+00   0.000E+00   3.782E+01   5.068E-06   0.000E+00   3   2.532E+03  1   0.000E+00   0.000E+00   0.000E+00
     74  6.08081280805E+04   1.305E+03   1.305E+03   0.000E+00   1.501E+04   3.240E-07   5.152E+01  2.00101E-03   0.000E+00   0.000E+00   3.803E+01   4.975E-06   0.000E+00   3   2.641E+03  1   0.000E+00   0.000E+00   0.000E+00
     75  6.35758998409E+04   1.332E+03   1.332E+03   0.000E+00   1.643E+04   3.472E-07   5.048E+01  2.00101E-03   0.000E+00   0.000E+00   3.833E+01   4.931E-06   0.000E+00   2   2.768E+03  1   0.000E+00   0.000E+00   0.000E+00
     76  6.64469067365E+04   1.360E+03   1.360E+03   0.000E+00   1.796E+04   3.717E-07   4.942E+01  2.00101E-03   0.000E+00   0.000E+00   3.846E+01   4.787E-06   0.000E+00   2   2.871E+03  1   0.000E+00   0.000E+00   0.000E+00
     77  6.93453968819E+04   1.388E+03   1.388E+03   0.000E+00   1.960E+04   3.976E-07   4.844E+01  2.00101E-03   0.000E+00   0.000E+00   3.870E+01   4.714E-06   0.000E+00   3   2.898E+03  1   0.000E+00   0.000E+00   0.000E+00
     78  7.24401502199E+04   1.417E+03   1.417E+03   0.000E+00   2.145E+04   4.262E-07   4.744E+01  2.00101E-03   0.000E+00   0.000E+00   3.889E+01   4.614E-06   0.000E+00   3   3.095E+03  1   0.000E+00   0.000E+00   0.000E+00
     79  7.55519041968E+04   1.447E+03   1.447E+03   0.000E+00   2.346E+04   4.563E-07   4.645E+01  2.00101E-03   0.000E+00   0.000E+00   3.903E+01   4.487E-06   0.000E+00   2   3.112E+03  1   0.000E+00   0.000E+00   0.000E+00
     80  7.87346364098E+04   1.477E+03   1.477E+03   0.000E+00   2.561E+04   4.881E-07   4.555E+01  2.00101E-03   0.000E+00   0.000E+00   3.935E+01   4.458E-06   0.000E+00   3   3.183E+03  1   0.000E+00   0.000E+00   0.000E+00
     81  8.21946714182E+04   1.509E+03   1.509E+03   0.000E+00   2.810E+04   5.243E-07   4.461E+01  2.00101E-03   0.000E+00   0.000E+00   3.961E+01   4.392E-06   0.000E+00   2   3.460E+03  1   0.000E+00   0.000E+00   0.000E+00
     82  8.49626994250E+04   1.536E+03   1.536E+03   0.000E+00   3.034E+04   5.560E-07   4.383E+01  2.00101E-03   0.000E+00   0.000E+00   3.974E+01   4.295E-06   0.000E+00   2   2.768E+03  1   0.000E+00   0.000E+00   0.000E+00
     83  8.80075302324E+04   1.564E+03   1.564E+03   0.000E+00   3.281E+04   5.907E-07   4.303E+01  2.00101E-03   0.000E+00   0.000E+00   3.981E+01   4.170E-06   0.000E+00   2   3.045E+03  1   0.000E+00   0.000E+00   0.000E+00
     84  9.13568441205E+04   1.594E+03   1.594E+03   0.000E+00   3.573E+04   6.309E-07   4.224E+01  2.00101E-03   0.000E+00   0.000E+00   4.013E+01   4.147E-06   0.000E+00   3   3.349E+03  1   0.000E+00   0.000E+00   0.000E+00
     85  9.50410893975E+04   1.628E+03   1.628E+03   0.000E+00   3.915E+04   6.771E-07   4.141E+01  2.00101E-03   0.000E+00   0.000E+00   4.045E+01   4.112E-06   0.000E+00   2   3.684E+03  1   0.000E+00   0.000E+00   0.000E+00
     86  9.88638527795E+04   1.661E+03   1.661E+03   0.000E+00   4.292E+04   7.271E-07   4.055E+01  2.00101E-03   0.000E+00   0.000E+00   4.060E+01   4.004E-06   0.000E+00   2   3.823E+03  1   0.000E+00   0.000E+00   0.000E+00
     87  1.02733250654E+05   1.696E+03   1.696E+03   0.000E+00   4.699E+04   7.798E-07   3.974E+01  2.00101E-03   0.000E+00   0.000E+00   4.077E+01   3.909E-06   0.000E+00   2   3.869E+03  1   0.000E+00   0.000E+00   0.000E+00
     88  1.06770694659E+05   1.729E+03   1.729E+03   0.000E+00   5.151E+04   8.386E-07   3.897E+01  2.00101E-03   0.000E+00   0.000E+00   4.100E+01   3.846E-06   0.000E+00   4   4.037E+03  1   0.000E+00   0.000E+00   0.000E+00
     89  1.11023341253E+05   1.750E+03   1.750E+03   0.000E+00   5.672E+04   9.126E-07   3.818E+01  2.00101E-03   0.000E+00   0.000E+00   4.132E+01   3.809E-06   0.000E+00   7   4.253E+03  1   0.000E+00   0.000E+00   0.000E+00
     90  1.15275987847E+05   1.762E+03   1.762E+03   0.000E+00   6.271E+04   1.002E-06   3.742E+01  2.00101E-03   0.000E+00   0.000E+00   4.155E+01   3.741E-06   0.000E+00   5   4.253E+03  1   0.000E+00   0.000E+00   0.000E+00
     91  1.19528634441E+05   1.771E+03   1.771E+03   0.000E+00   6.959E+04   1.106E-06   3.671E+01  2.00101E-03   0.000E+00   0.000E+00   4.176E+01   3.674E-06   0.000E+00   4   4.253E+03  1   0.000E+00   0.000E+00   0.000E+00
     92  1.23958403987E+05   1.778E+03   1.778E+03   0.000E+00   7.792E+04   1.234E-06   3.604E+01  2.00101E-03   0.000E+00   0.000E+00   4.206E+01   3.643E-06   0.000E+00   4   4.430E+03  1   0.000E+00   0.000E+00   0.000E+00
     93  1.28649126852E+05   1.784E+03   1.784E+03   0.000E+00   8.808E+04   1.390E-06   3.541E+01  2.00101E-03   0.000E+00   0.000E+00   4.222E+01   3.572E-06   0.000E+00   4   4.691E+03  1   0.000E+00   0.000E+00   0.000E+00
     94  1.33518440259E+05   1.791E+03   1.791E+03   0.000E+00   1.008E+05   1.583E-06   3.486E+01  2.00101E-03   0.000E+00   0.000E+00   4.255E+01   3.570E-06   0.000E+00   3   4.869E+03  1   0.000E+00   0.000E+00   0.000E+00
     95  1.38712141727E+05   1.799E+03   1.799E+03   0.000E+00   1.169E+05   1.830E-06   3.439E+01  2.00101E-03   0.000E+00   0.000E+00   4.291E+01   3.593E-06   0.000E+00   4   5.194E+03  1   0.000E+00   0.000E+00   0.000E+00
     96  1.44126561252E+05   1.810E+03   1.810E+03   0.000E+00   1.379E+05   2.145E-06   3.404E+01  2.00101E-03   0.000E+00   0.000E+00   4.305E+01   3.567E-06   0.000E+00   4   5.414E+03  1   0.000E+00   0.000E+00   0.000E+00
     97  1.48458096872E+05   1.824E+03   1.824E+03   0.000E+00   1.603E+05   2.473E-06   3.386E+01  2.00101E-03   0.000E+00   0.000E+00   4.344E+01   3.660E-06   0.000E+00   3   4.332E+03  1   0.000E+00   0.000E+00   0.000E+00
     98  1.53220267170E+05   1.843E+03   1.843E+03   0.000E+00   1.906E+05   2.912E-06   3.384E+01  2.00101E-03   0.000E+00   0.000E+00   4.363E+01   3.719E-06   0.000E+00   4   4.762E+03  1   0.000E+00   0.000E+00   0.000E+00
     99  1.57030003409E+05   1.866E+03   1.866E+03   0.000E+00   2.234E+05   3.370E-06   3.396E+01  2.00101E-03   0.000E+00   0.000E+00   4.385E+01   3.820E-06   0.000E+00   4   3.810E+03  1   0.000E+00   0.000E+00   0.000E+00
    100  1.60939787940E+05   1.897E+03   1.897E+03   0.000E+00   2.666E+05   3.956E-06   3.428E+01  2.00101E-03   0.000E+00   0.000E+00   4.411E+01   3.987E-06   0.000E+00   4   3.910E+03  1   0.000E+00   0.000E+00   0.000E+00
    101  1.64067615565E+05   1.931E+03   1.931E+03   0.000E+00   3.135E+05   4.568E-06   3.471E+01  2.00101E-03   0.000E+00   0.000E+00   4.431E+01   4.161E-06   0.000E+00   4   3.128E+03  1   0.000E+00   0.000E+00   0.000E+00
    102  1.66569877665E+05   1.965E+03   1.965E+03   0.000E+00   3.623E+05   5.186E-06   3.521E+01  2.00101E-03   0.000E+00   0.000E+00   4.433E+01   4.290E-06   0.000E+00   4   2.502E+03  1   0.000E+00   0.000E+00   0.000E+00
    103  1.69095728228E+05   2.008E+03   2.008E+03   0.000E+00   4.253E+05   5.956E-06   3.592E+01  2.00101E-03   0.000E+00   0.000E+00   4.467E+01   4.603E-06   0.000E+00   4   2.526E+03  1   0.000E+00   0.000E+00   0.000E+00
    104  1.71116408679E+05   2.050E+03   2.050E+03   0.000E+00   4.916E+05   6.741E-06   3.666E+01  2.00101E-03   0.000E+00   0.000E+00   4.468E+01   4.799E-06   0.000E+00   4   2.021E+03  1   0.000E+00   0.000E+00   0.000E+00
    105  1.72732953039E+05   2.097E+03   2.097E+03   0.000E+00   5.644E+05   7.565E-06   3.743E+01  2.00101E-03   0.000E+00   0.000E+00   4.479E+01   5.050E-06   0.000E+00   4   1.617E+03  1   0.000E+00   0.000E+00   0.000E+00
    106  1.74026188527E+05   2.145E+03   2.145E+03   0.000E+00   6.409E+05   8.400E-06   3.821E+01  2.00101E-03   0.000E+00   0.000E+00   4.475E+01   5.248E-06   0.000E+00   4   1.293E+03  1   0.000E+00   0.000E+00   0.000E+00
    107  1.75321740252E+05   2.202E+03   2.202E+03   0.000E+00   7.387E+05   9.428E-06   3.921E+01  2.00101E-03   0.000E+00   0.000E+00   4.502E+01   5.660E-06   0.000E+00   4   1.296E+03  1   0.000E+00   0.000E+00   0.000E+00
    108  1.76358181633E+05   2.261E+03   2.261E+03   0.000E+00   8.479E+05   1.053E-05   4.021E+01  2.00101E-03   0.000E+00   0.000E+00   4.506E+01   5.976E-06   0.000E+00   4   1.036E+03  1   0.000E+00   0.000E+00   0.000E+00
    109  1.77187334737E+05   2.322E+03   2.322E+03   0.000E+00   9.744E+05   1.177E-05   4.122E+01  2.00101E-03   0.000E+00   0.000E+00   4.498E+01   6.229E-06   0.000E+00   4   8.292E+02  1   0.000E+00   0.000E+00   0.000E+00
    110  1.77850657220E+05   2.389E+03   2.389E+03   0.000E+00   1.130E+06   1.324E-05   4.227E+01  2.00101E-03   0.000E+00   0.000E+00   4.503E+01   6.585E-06   0.000E+00   4   6.633E+02  1   0.000E+00   0.000E+00   0.000E+00
    111  1.78381315207E+05   2.466E+03   2.466E+03   0.000E+00   1.340E+06   1.517E-05   4.338E+01  2.00101E-03   0.000E+00   0.000E+00   4.498E+01   6.906E-06   0.000E+00   4   5.307E+02  1   0.000E+00   0.000E+00   0.000E+00
    112  1.78805841596E+05   7.381E+04   7.381E+04   0.000E+00   1.170E+13   1.373E+00   2.988E-01  2.00101E-03   0.000E+00   0.000E+00   4.256E+02   2.626E-06   0.000E+00   5   4.245E+02  1   0.000E+00   0.000E+00   0.000E+00
