      1  1.00000000000E+01   5.225E+02   5.225E+02   0.000E+00   8.616E+01   4.642E-09   2.734E+02  4.00201E-03   0.000E+00   0.000E+00   3.304E+01   7.986E-05   0.000E+00  55   1.000E+01  1   0.000E+00   0.000E+00   0.000E+00
      2  1.40960000000E+01   5.225E+02   5.225E+02   0.000E+00   8.621E+01   4.646E-09   2.711E+02  4.00201E-03   0.000E+00   0.000E+00   3.228E+01   7.156E-05   0.000E+00  24   4.096E+00  1   0.000E+00   0.000E+00   0.000E+00
      3  1.73728000000E+01   5.226E+02   5.226E+02   0.000E+00   8.631E+01   4.652E-09   2.695E+02  4.00201E-03   0.000E+00   0.000E+00   3.184E+01   6.688E-05   0.000E+00   3   3.277E+00  1   0.000E+00   0.000E+00   0.000E+00
      4  2.09772800000E+01   5.230E+02   5.230E+02   0.000E+00   8.663E+01   4.665E-09   2.680E+02  4.00201E-03   0.000E+00   0.000E+00   3.146E+01   6.304E-05   0.000E+00   3   3.604E+00  1   0.000E+00   0.000E+00   0.000E+00
      5  2.49422080000E+01   5.234E+02   5.234E+02   0.000E+00   8.692E+01   4.675E-09   2.666E+02  4.00201E-03   0.000E+00   0.000E+00   3.113E+01   5.982E-05   0.000E+00   2   3.965E+00  1   0.000E+00   0.000E+00   0.000E+00
      6  3.12860928000E+01   5.235E+02   5.235E+02   0.000E+00   8.703E+01   4.681E-09   2.649E+02  4.00201E-03   0.000E+00   0.000E+00   3.073E+01   5.609E-05   0.000E+00   3   6.344E+00  1   0.000E+00   0.000E+00   0.000E+00
      7  3.82643660800E+01   5.236E+02   5.236E+02   0.000E+00   8.719E+01   4.689E-09   2.634E+02  4.00201E-03   0.000E+00   0.000E+00   3.039E+01   5.298E-05   0.000E+00   2   6.978E+00  1   0.000E+00   0.000E+00   0.000E+00
      8  4.94296033280E+01   5.240E+02   5.240E+02   0.000E+00   8.754E+01   4.705E-09   2.612E+02  4.00201E-03   0.000E+00   0.000E+00   2.998E+01   4.940E-05   0.000E+00   3   1.117E+01  1   0.000E+00   0.000E+00   0.000E+00
      9  6.17113643008E+01   5.246E+02   5.246E+02   0.000E+00   8.801E+01   4.723E-09   2.593E+02  4.00201E-03   0.000E+00   0.000E+00   2.964E+01   4.650E-05   0.000E+00   2   1.228E+01  1   0.000E+00   0.000E+00   0.000E+00
     10  8.13621818573E+01   5.253E+02   5.253E+02   0.000E+00   8.857E+01   4.747E-09   2.570E+02  4.00201E-03   0.000E+00   0.000E+00   2.925E+01   4.334E-05   0.000E+00   2   1.965E+01  1   0.000E+00   0.000E+00   0.000E+00
     11  1.12803489948E+02   5.262E+02   5.262E+02   0.000E+00   8.934E+01   4.779E-09   2.543E+02  4.00201E-03   0.000E+00   0.000E+00   2.886E+01   4.018E-05   0.000E+00   2   3.144E+01  1   0.000E+00   0.000E+00   0.000E+00
     12  1.47388928847E+02   5.273E+02   5.273E+02   0.000E+00   9.019E+01   4.815E-09   2.520E+02  4.00201E-03   0.000E+00   0.000E+00   2.857E+01   3.792E-05   0.000E+00   3   3.459E+01  1   0.000E+00   0.000E+00   0.000E+00
     13  1.85432911636E+02   5.286E+02   5.286E+02   0.000E+00   9.111E+01   4.853E-09   2.501E+02  4.00201E-03   0.000E+00   0.000E+00   2.837E+01   3.628E-05   0.000E+00   2   3.804E+01  1   0.000E+00   0.000E+00   0.000E+00
     14  2.46303284099E+02   5.305E+02   5.305E+02   0.000E+00   9.256E+01   4.912E-09   2.479E+02  4.00201E-03   0.000E+00   0.000E+00   2.819E+01   3.479E-05   0.000E+00   3   6.087E+01  1   0.000E+00   0.000E+00   0.000E+00
     15  3.13260693809E+02   5.327E+02   5.327E+02   0.000E+00   9.413E+01   4.975E-09   2.461E+02  4.00201E-03   0.000E+00   0.000E+00   2.810E+01   3.386E-05   0.000E+00   2   6.696E+01  1   0.000E+00   0.000E+00   0.000E+00
     16  3.86913844489E+02   5.350E+02   5.350E+02   0.000E+00   9.583E+01   5.044E-09   2.445E+02  4.00201E-03   0.000E+00   0.000E+00   2.806E+01   3.321E-05   0.000E+00   2   7.365E+01  1   0.000E+00   0.000E+00   0.000E+00
     17  4.67932310237E+02   5.377E+02   5.377E+02   0.000E+00   9.780E+01   5.121E-09   2.429E+02  4.00201E-03   0.000E+00   0.000E+00   2.806E+01   3.276E-05   0.000E+00   2   8.102E+01  1   0.000E+00   0.000E+00   0.000E+00
     18  5.57052622560E+02   5.407E+02   5.407E+02   0.000E+00   9.997E+01   5.206E-09   2.413E+02  4.00201E-03   0.000E+00   0.000E+00   2.808E+01   3.244E-05   0.000E+00   2   8.912E+01  1   0.000E+00   0.000E+00   0.000E+00
     19  6.55084966115E+02   5.438E+02   5.438E+02   0.000E+00   1.023E+02   5.297E-09   2.398E+02  4.00201E-03   0.000E+00   0.000E+00   2.811E+01   3.219E-05   0.000E+00   2   9.803E+01  1   0.000E+00   0.000E+00   0.000E+00
     20  7.62920544026E+02   5.472E+02   5.472E+02   0.000E+00   1.049E+02   5.397E-09   2.383E+02  4.00201E-03   0.000E+00   0.000E+00   2.815E+01   3.196E-05   0.000E+00   2   1.078E+02  1   0.000E+00   0.000E+00   0.000E+00
     21  8.81539679728E+02   5.510E+02   5.510E+02   0.000E+00   1.078E+02   5.510E-09   2.365E+02  4.00201E-03   0.000E+00   0.000E+00   2.819E+01   3.167E-05   0.000E+00   2   1.186E+02  1   0.000E+00   0.000E+00   0.000E+00
     22  1.01202072900E+03   5.551E+02   5.551E+02   0.000E+00   1.111E+02   5.638E-09   2.345E+02  4.00201E-03   0.000E+00   0.000E+00   2.822E+01   3.125E-05   0.000E+00   2   1.305E+02  1   0.000E+00   0.000E+00   0.000E+00
     23  1.15554988320E+03   5.598E+02   5.598E+02   0.000E+00   1.149E+02   5.781E-09   2.327E+02  4.00201E-03   0.000E+00   0.000E+00   2.828E+01   3.105E-05   0.000E+00   3   1.435E+02  1   0.000E+00   0.000E+00   0.000E+00
     24  1.31343195282E+03   5.647E+02   5.647E+02   0.000E+00   1.191E+02   5.936E-09   2.309E+02  4.00201E-03   0.000E+00   0.000E+00   2.837E+01   3.096E-05   0.000E+00   2   1.579E+02  1   0.000E+00   0.000E+00   0.000E+00
     25  1.48710222940E+03   5.699E+02   5.699E+02   0.000E+00   1.236E+02   6.105E-09   2.289E+02  4.00201E-03   0.000E+00   0.000E+00   2.845E+01   3.075E-05   0.000E+00   2   1.737E+02  1   0.000E+00   0.000E+00   0.000E+00
     26  1.67813953364E+03   5.755E+02   5.755E+02   0.000E+00   1.286E+02   6.293E-09   2.265E+02  4.00201E-03   0.000E+00   0.000E+00   2.850E+01   3.031E-05   0.000E+00   2   1.910E+02  1   0.000E+00   0.000E+00   0.000E+00
     27  1.88828056830E+03   5.819E+02   5.819E+02   0.000E+00   1.345E+02   6.509E-09   2.240E+02  4.00201E-03   0.000E+00   0.000E+00   2.857E+01   2.996E-05   0.000E+00   3   2.101E+02  1   0.000E+00   0.000E+00   0.000E+00
     28  2.11943570643E+03   5.885E+02   5.885E+02   0.000E+00   1.409E+02   6.743E-09   2.217E+02  4.00201E-03   0.000E+00   0.000E+00   2.869E+01   2.981E-05   0.000E+00   3   2.312E+02  1   0.000E+00   0.000E+00   0.000E+00
     29  2.37370635837E+03   5.959E+02   5.959E+02   0.000E+00   1.482E+02   7.005E-09   2.189E+02  4.00201E-03   0.000E+00   0.000E+00   2.878E+01   2.946E-05   0.000E+00   2   2.543E+02  1   0.000E+00   0.000E+00   0.000E+00
     30  2.65340407551E+03   6.040E+02   6.040E+02   0.000E+00   1.567E+02   7.302E-09   2.161E+02  4.00201E-03   0.000E+00   0.000E+00   2.887E+01   2.908E-05   0.000E+00   3   2.797E+02  1   0.000E+00   0.000E+00   0.000E+00
     31  2.96107156436E+03   6.125E+02   6.125E+02   0.000E+00   1.659E+02   7.623E-09   2.131E+02  4.00201E-03   0.000E+00   0.000E+00   2.896E+01   2.863E-05   0.000E+00   3   3.077E+02  1   0.000E+00   0.000E+00   0.000E+00
     32  3.29950580210E+03   6.217E+02   6.217E+02   0.000E+00   1.762E+02   7.978E-09   2.099E+02  4.00201E-03   0.000E+00   0.000E+00   2.907E+01   2.819E-05   0.000E+00   3   3.384E+02  1   0.000E+00   0.000E+00   0.000E+00
     33  3.67178346361E+03   6.321E+02   6.321E+02   0.000E+00   1.882E+02   8.384E-09   2.068E+02  4.00201E-03   0.000E+00   0.000E+00   2.924E+01   2.801E-05   0.000E+00   3   3.723E+02  1   0.000E+00   0.000E+00   0.000E+00
     34  4.08128889127E+03   6.429E+02   6.429E+02   0.000E+00   2.015E+02   8.823E-09   2.033E+02  4.00201E-03   0.000E+00   0.000E+00   2.934E+01   2.745E-05   0.000E+00   3   4.095E+02  1   0.000E+00   0.000E+00   0.000E+00
     35  4.53174486169E+03   6.547E+02   6.547E+02   0.000E+00   2.166E+02   9.316E-09   1.998E+02  4.00201E-03   0.000E+00   0.000E+00   2.947E+01   2.698E-05   0.000E+00   3   4.505E+02  1   0.000E+00   0.000E+00   0.000E+00
     36  5.02242243487E+03   6.673E+02   6.673E+02   0.000E+00   2.339E+02   9.867E-09   1.963E+02  4.00201E-03   0.000E+00   0.000E+00   2.967E+01   2.678E-05   0.000E+00   3   4.907E+02  1   0.000E+00   0.000E+00   0.000E+00
     37  5.53987047642E+03   6.802E+02   6.802E+02   0.000E+00   2.525E+02   1.045E-08   1.925E+02  4.00201E-03   0.000E+00   0.000E+00   2.976E+01   2.606E-05   0.000E+00   3   5.174E+02  1   0.000E+00   0.000E+00   0.000E+00
     38  6.06490832075E+03   6.932E+02   6.932E+02   0.000E+00   2.726E+02   1.107E-08   1.891E+02  4.00201E-03   0.000E+00   0.000E+00   2.992E+01   2.566E-05   0.000E+00   3   5.250E+02  1   0.000E+00   0.000E+00   0.000E+00
     39  6.62336734522E+03   7.066E+02   7.066E+02   0.000E+00   2.943E+02   1.173E-08   1.855E+02  4.00201E-03   0.000E+00   0.000E+00   3.007E+01   2.520E-05   0.000E+00   3   5.585E+02  1   0.000E+00   0.000E+00   0.000E+00
     40  7.19714753659E+03   7.206E+02   7.206E+02   0.000E+00   3.183E+02   1.244E-08   1.822E+02  4.00201E-03   0.000E+00   0.000E+00   3.025E+01   2.492E-05   0.000E+00   3   5.738E+02  1   0.000E+00   0.000E+00   0.000E+00
     41  7.78451315952E+03   7.345E+02   7.345E+02   0.000E+00   3.433E+02   1.316E-08   1.787E+02  4.00201E-03   0.000E+00   0.000E+00   3.034E+01   2.427E-05   0.000E+00   3   5.874E+02  1   0.000E+00   0.000E+00   0.000E+00
     42  8.38086132234E+03   7.486E+02   7.486E+02   0.000E+00   3.703E+02   1.392E-08   1.756E+02  4.00201E-03   0.000E+00   0.000E+00   3.052E+01   2.395E-05   0.000E+00   2   5.963E+02  1   0.000E+00   0.000E+00   0.000E+00
     43  9.00422406634E+03   7.632E+02   7.632E+02   0.000E+00   3.995E+02   1.474E-08   1.725E+02  4.00201E-03   0.000E+00   0.000E+00   3.071E+01   2.373E-05   0.000E+00   3   6.234E+02  1   0.000E+00   0.000E+00   0.000E+00
     44  9.65200407309E+03   7.779E+02   7.779E+02   0.000E+00   4.310E+02   1.559E-08   1.692E+02  4.00201E-03   0.000E+00   0.000E+00   3.081E+01   2.311E-05   0.000E+00   2   6.478E+02  1   0.000E+00   0.000E+00   0.000E+00
     45  1.03142076687E+04   7.923E+02   7.923E+02   0.000E+00   4.640E+02   1.649E-08   1.661E+02  4.00201E-03   0.000E+00   0.000E+00   3.091E+01   2.257E-05   0.000E+00   3   6.622E+02  1   0.000E+00   0.000E+00   0.000E+00
     46  1.10258031509E+04   8.075E+02   8.075E+02   0.000E+00   5.016E+02   1.749E-08   1.633E+02  4.00201E-03   0.000E+00   0.000E+00   3.118E+01   2.258E-05   0.000E+00   3   7.116E+02  1   0.000E+00   0.000E+00   0.000E+00
     47  1.17817228354E+04   8.233E+02   8.233E+02   0.000E+00   5.432E+02   1.857E-08   1.600E+02  4.00201E-03   0.000E+00   0.000E+00   3.127E+01   2.191E-05   0.000E+00   2   7.559E+02  1   0.000E+00   0.000E+00   0.000E+00
     48  1.23864585829E+04   8.359E+02   8.359E+02   0.000E+00   5.786E+02   1.949E-08   1.575E+02  4.00201E-03   0.000E+00   0.000E+00   3.138E+01   2.157E-05   0.000E+00   3   6.047E+02  1   0.000E+00   0.000E+00   0.000E+00
     49  1.30516679053E+04   8.495E+02   8.495E+02   0.000E+00   6.189E+02   2.051E-08   1.550E+02  4.00201E-03   0.000E+00   0.000E+00   3.152E+01   2.126E-05   0.000E+00   3   6.652E+02  1   0.000E+00   0.000E+00   0.000E+00
     50  1.37833981598E+04   8.642E+02   8.642E+02   0.000E+00   6.651E+02   2.167E-08   1.524E+02  4.00201E-03   0.000E+00   0.000E+00   3.174E+01   2.112E-05   0.000E+00   3   7.317E+02  1   0.000E+00   0.000E+00   0.000E+00
     51  1.45883014398E+04   8.802E+02   8.802E+02   0.000E+00   7.183E+02   2.297E-08   1.495E+02  4.00201E-03   0.000E+00   0.000E+00   3.185E+01   2.062E-05   0.000E+00   2   8.049E+02  1   0.000E+00   0.000E+00   0.000E+00
     52  1.54302984561E+04   8.964E+02   8.964E+02   0.000E+00   7.754E+02   2.435E-08   1.469E+02  4.00201E-03   0.000E+00   0.000E+00   3.204E+01   2.039E-05   0.000E+00   3   8.420E+02  1   0.000E+00   0.000E+00   0.000E+00
     53  1.63473628136E+04   9.133E+02   9.133E+02   0.000E+00   8.392E+02   2.587E-08   1.441E+02  4.00201E-03   0.000E+00   0.000E+00   3.214E+01   1.984E-05   0.000E+00   3   9.171E+02  1   0.000E+00   0.000E+00   0.000E+00
     54  1.72741226599E+04   9.306E+02   9.306E+02   0.000E+00   9.079E+02   2.747E-08   1.412E+02  4.00201E-03   0.000E+00   0.000E+00   3.222E+01   1.926E-05   0.000E+00   3   9.268E+02  1   0.000E+00   0.000E+00   0.000E+00
     55  1.82239030579E+04   9.485E+02   9.485E+02   0.000E+00   9.830E+02   2.918E-08   1.389E+02  4.00201E-03   0.000E+00   0.000E+00   3.257E+01   1.945E-05   0.000E+00   3   9.498E+02  1   0.000E+00   0.000E+00   0.000E+00
     56  1.92378458582E+04   9.672E+02   9.672E+02   0.000E+00   1.066E+03   3.104E-08   1.362E+02  4.00201E-03   0.000E+00   0.000E+00   3.272E+01   1.907E-05   0.000E+00   2   1.014E+03  1   0.000E+00   0.000E+00   0.000E+00
     57  2.00490000984E+04   9.824E+02   9.824E+02   0.000E+00   1.138E+03   3.260E-08   1.341E+02  4.00201E-03   0.000E+00   0.000E+00   3.279E+01   1.861E-05   0.000E+00   3   8.112E+02  1   0.000E+00   0.000E+00   0.000E+00
     58  2.09412697627E+04   9.988E+02   9.988E+02   0.000E+00   1.218E+03   3.435E-08   1.319E+02  4.00201E-03   0.000E+00   0.000E+00   3.285E+01   1.814E-05   0.000E+00   3   8.923E+02  1   0.000E+00   0.000E+00   0.000E+00
     59  2.19227663933E+04   1.017E+03   1.017E+03   0.000E+00   1.311E+03   3.630E-08   1.298E+02  4.00201E-03   0.000E+00   0.000E+00   3.308E+01   1.807E-05   0.000E+00   3   9.815E+02  1   0.000E+00   0.000E+00   0.000E+00
     60  2.30024126871E+04   1.036E+03   1.036E+03   0.000E+00   1.418E+03   3.852E-08   1.276E+02  4.00201E-03   0.000E+00   0.000E+00   3.336E+01   1.806E-05   0.000E+00   2   1.080E+03  1   0.000E+00   0.000E+00   0.000E+00
     61  2.41263550792E+04   1.056E+03   1.056E+03   0.000E+00   1.532E+03   4.087E-08   1.252E+02  4.00201E-03   0.000E+00   0.000E+00   3.344E+01   1.756E-05   0.000E+00   3   1.124E+03  1   0.000E+00   0.000E+00   0.000E+00
     62  2.52630390064E+04   1.075E+03   1.075E+03   0.000E+00   1.655E+03   4.333E-08   1.230E+02  4.00201E-03   0.000E+00   0.000E+00   3.358E+01   1.725E-05   0.000E+00   3   1.137E+03  1   0.000E+00   0.000E+00   0.000E+00
     63  2.64617206612E+04   1.096E+03   1.096E+03   0.000E+00   1.789E+03   4.597E-08   1.209E+02  4.00201E-03   0.000E+00   0.000E+00   3.373E+01   1.696E-05   0.000E+00   3   1.199E+03  1   0.000E+00   0.000E+00   0.000E+00
     64  2.77008253659E+04   1.117E+03   1.117E+03   0.000E+00   1.936E+03   4.880E-08   1.188E+02  4.00201E-03   0.000E+00   0.000E+00   3.396E+01   1.684E-05   0.000E+00   3   1.239E+03  1   0.000E+00   0.000E+00   0.000E+00
     65  2.89825222853E+04   1.139E+03   1.139E+03   0.000E+00   2.095E+03   5.180E-08   1.166E+02  4.00201E-03   0.000E+00   0.000E+00   3.402E+01   1.634E-05   0.000E+00   3   1.282E+03  1   0.000E+00   0.000E+00   0.000E+00
     66  3.02732118741E+04   1.161E+03   1.161E+03   0.000E+00   2.266E+03   5.497E-08   1.148E+02  4.00201E-03   0.000E+00   0.000E+00   3.432E+01   1.637E-05   0.000E+00   3   1.291E+03  1   0.000E+00   0.000E+00   0.000E+00
     67  3.16640649968E+04   1.184E+03   1.184E+03   0.000E+00   2.458E+03   5.846E-08   1.128E+02  4.00201E-03   0.000E+00   0.000E+00   3.457E+01   1.628E-05   0.000E+00   2   1.391E+03  1   0.000E+00   0.000E+00   0.000E+00
     68  3.27767474950E+04   1.203E+03   1.203E+03   0.000E+00   2.624E+03   6.141E-08   1.112E+02  4.00201E-03   0.000E+00   0.000E+00   3.469E+01   1.603E-05   0.000E+00   3   1.113E+03  1   0.000E+00   0.000E+00   0.000E+00
     69  3.40006982429E+04   1.223E+03   1.223E+03   0.000E+00   2.810E+03   6.470E-08   1.094E+02  4.00201E-03   0.000E+00   0.000E+00   3.467E+01   1.548E-05   0.000E+00   3   1.224E+03  1   0.000E+00   0.000E+00   0.000E+00
     70  3.53470440657E+04   1.245E+03   1.245E+03   0.000E+00   3.026E+03   6.841E-08   1.077E+02  4.00201E-03   0.000E+00   0.000E+00   3.484E+01   1.531E-05   0.000E+00   3   1.346E+03  1   0.000E+00   0.000E+00   0.000E+00
     71  3.68280244707E+04   1.270E+03   1.270E+03   0.000E+00   3.276E+03   7.262E-08   1.060E+02  4.00201E-03   0.000E+00   0.000E+00   3.526E+01   1.556E-05   0.000E+00   3   1.481E+03  1   0.000E+00   0.000E+00   0.000E+00
     72  3.83969319931E+04   1.296E+03   1.296E+03   0.000E+00   3.555E+03   7.725E-08   1.041E+02  4.00201E-03   0.000E+00   0.000E+00   3.548E+01   1.541E-05   0.000E+00   2   1.569E+03  1   0.000E+00   0.000E+00   0.000E+00
     73  3.96520580110E+04   1.317E+03   1.317E+03   0.000E+00   3.797E+03   8.120E-08   1.026E+02  4.00201E-03   0.000E+00   0.000E+00   3.558E+01   1.513E-05   0.000E+00   3   1.255E+03  1   0.000E+00   0.000E+00   0.000E+00
     74  4.10326966307E+04   1.339E+03   1.339E+03   0.000E+00   4.070E+03   8.557E-08   1.010E+02  4.00201E-03   0.000E+00   0.000E+00   3.557E+01   1.465E-05   0.000E+00   3   1.381E+03  1   0.000E+00   0.000E+00   0.000E+00
     75  4.25513991123E+04   1.363E+03   1.363E+03   0.000E+00   4.385E+03   9.057E-08   9.957E+01  4.00201E-03   0.000E+00   0.000E+00   3.585E+01   1.467E-05   0.000E+00   3   1.519E+03  1   0.000E+00   0.000E+00   0.000E+00
     76  4.42219718421E+04   1.389E+03   1.389E+03   0.000E+00   4.752E+03   9.629E-08   9.799E+01  4.00201E-03   0.000E+00   0.000E+00   3.618E+01   1.474E-05   0.000E+00   2   1.671E+03  1   0.000E+00   0.000E+00   0.000E+00
     77  4.60098472255E+04   1.417E+03   1.417E+03   0.000E+00   5.163E+03   1.026E-07   9.630E+01  4.00201E-03   0.000E+00   0.000E+00   3.646E+01   1.468E-05   0.000E+00   3   1.788E+03  1   0.000E+00   0.000E+00   0.000E+00
     78  4.78276692759E+04   1.445E+03   1.445E+03   0.000E+00   5.612E+03   1.093E-07   9.461E+01  4.00201E-03   0.000E+00   0.000E+00   3.649E+01   1.422E-05   0.000E+00   2   1.818E+03  1   0.000E+00   0.000E+00   0.000E+00
     79  4.96682266901E+04   1.473E+03   1.473E+03   0.000E+00   6.095E+03   1.165E-07   9.310E+01  4.00201E-03   0.000E+00   0.000E+00   3.682E+01   1.427E-05   0.000E+00   3   1.841E+03  1   0.000E+00   0.000E+00   0.000E+00
     80  5.16509801677E+04   1.503E+03   1.503E+03   0.000E+00   6.648E+03   1.245E-07   9.148E+01  4.00201E-03   0.000E+00   0.000E+00   3.707E+01   1.416E-05   0.000E+00   2   1.983E+03  1   0.000E+00   0.000E+00   0.000E+00
     81  5.32371829498E+04   1.528E+03   1.528E+03   0.000E+00   7.133E+03   1.315E-07   9.021E+01  4.00201E-03   0.000E+00   0.000E+00   3.728E+01   1.408E-05   0.000E+00   3   1.586E+03  1   0.000E+00   0.000E+00   0.000E+00
     82  5.49820060101E+04   1.554E+03   1.554E+03   0.000E+00   7.693E+03   1.395E-07   8.887E+01  4.00201E-03   0.000E+00   0.000E+00   3.740E+01   1.385E-05   0.000E+00   9   1.745E+03  1   0.000E+00   0.000E+00   0.000E+00
     83  5.63778644583E+04   1.575E+03   1.575E+03   0.000E+00   8.196E+03   1.465E-07   8.779E+01  4.00201E-03   0.000E+00   0.000E+00   3.760E+01   1.380E-05   0.000E+00   3   1.396E+03  1   0.000E+00   0.000E+00   0.000E+00
     84  5.79133087514E+04   1.598E+03   1.598E+03   0.000E+00   8.777E+03   1.546E-07   8.664E+01  4.00201E-03   0.000E+00   0.000E+00   3.799E+01   1.401E-05   0.000E+00   3   1.535E+03  1   0.000E+00   0.000E+00   0.000E+00
     85  5.96022974738E+04   1.622E+03   1.622E+03   0.000E+00   9.460E+03   1.642E-07   8.535E+01  4.00201E-03   0.000E+00   0.000E+00   3.828E+01   1.402E-05   0.000E+00   3   1.689E+03  1   0.000E+00   0.000E+00   0.000E+00
     86  6.14601850684E+04   1.646E+03   1.646E+03   0.000E+00   1.026E+04   1.754E-07   8.397E+01  4.00201E-03   0.000E+00   0.000E+00   3.854E+01   1.394E-05   0.000E+00   3   1.858E+03  1   0.000E+00   0.000E+00   0.000E+00
     87  6.35038614224E+04   1.669E+03   1.669E+03   0.000E+00   1.119E+04   1.886E-07   8.255E+01  4.00201E-03   0.000E+00   0.000E+00   3.877E+01   1.379E-05   0.000E+00   3   2.044E+03  1   0.000E+00   0.000E+00   0.000E+00
     88  6.56788794210E+04   1.692E+03   1.692E+03   0.000E+00   1.227E+04   2.040E-07   8.120E+01  4.00201E-03   0.000E+00   0.000E+00   3.893E+01   1.358E-05   0.000E+00   3   2.175E+03  1   0.000E+00   0.000E+00   0.000E+00
     89  6.79499342164E+04   1.714E+03   1.714E+03   0.000E+00   1.354E+04   2.222E-07   7.980E+01  4.00201E-03   0.000E+00   0.000E+00   3.929E+01   1.360E-05   0.000E+00   3   2.271E+03  1   0.000E+00   0.000E+00   0.000E+00
     90  7.02483677690E+04   1.732E+03   1.732E+03   0.000E+00   1.500E+04   2.436E-07   7.824E+01  4.00201E-03   0.000E+00   0.000E+00   3.981E+01   1.377E-05   0.000E+00   4   2.298E+03  1   0.000E+00   0.000E+00   0.000E+00
     91  7.20871146111E+04   1.744E+03   1.744E+03   0.000E+00   1.638E+04   2.643E-07   7.696E+01  4.00201E-03   0.000E+00   0.000E+00   4.013E+01   1.377E-05   0.000E+00   3   1.839E+03  1   0.000E+00   0.000E+00   0.000E+00
     92  7.41097361374E+04   1.755E+03   1.755E+03   0.000E+00   1.811E+04   2.905E-07   7.563E+01  4.00201E-03   0.000E+00   0.000E+00   4.045E+01   1.372E-05   0.000E+00   3   2.023E+03  1   0.000E+00   0.000E+00   0.000E+00
     93  7.63055137555E+04   1.763E+03   1.763E+03   0.000E+00   2.025E+04   3.232E-07   7.436E+01  4.00201E-03   0.000E+00   0.000E+00   4.068E+01   1.357E-05   0.000E+00   3   2.196E+03  1   0.000E+00   0.000E+00   0.000E+00
     94  7.86974192111E+04   1.771E+03   1.771E+03   0.000E+00   2.294E+04   3.645E-07   7.320E+01  4.00201E-03   0.000E+00   0.000E+00   4.086E+01   1.339E-05   0.000E+00   3   2.392E+03  1   0.000E+00   0.000E+00   0.000E+00
     95  8.13285152123E+04   1.780E+03   1.780E+03   0.000E+00   2.650E+04   4.190E-07   7.207E+01  4.00201E-03   0.000E+00   0.000E+00   4.126E+01   1.350E-05   0.000E+00   3   2.631E+03  1   0.000E+00   0.000E+00   0.000E+00
     96  8.42219698340E+04   1.789E+03   1.789E+03   0.000E+00   3.133E+04   4.929E-07   7.107E+01  4.00201E-03   0.000E+00   0.000E+00   4.159E+01   1.355E-05   0.000E+00   3   2.893E+03  1   0.000E+00   0.000E+00   0.000E+00
     97  8.73506585383E+04   1.800E+03   1.800E+03   0.000E+00   3.804E+04   5.948E-07   7.044E+01  4.00201E-03   0.000E+00   0.000E+00   4.189E+01   1.370E-05   0.000E+00   4   3.129E+03  1   0.000E+00   0.000E+00   0.000E+00
     98  9.07416933132E+04   1.819E+03   1.819E+03   0.000E+00   4.795E+04   7.420E-07   7.020E+01  4.00201E-03   0.000E+00   0.000E+00   4.240E+01   1.427E-05   0.000E+00   4   3.391E+03  1   0.000E+00   0.000E+00   0.000E+00
     99  9.34545211331E+04   1.845E+03   1.845E+03   0.000E+00   5.968E+04   9.104E-07   7.065E+01  4.00201E-03   0.000E+00   0.000E+00   4.271E+01   1.489E-05   0.000E+00   4   2.713E+03  1   0.000E+00   0.000E+00   0.000E+00
    100  9.55483377379E+04   1.879E+03   1.879E+03   0.000E+00   7.294E+04   1.093E-06   7.181E+01  4.00201E-03   0.000E+00   0.000E+00   4.279E+01   1.549E-05   0.000E+00   5   2.094E+03  1   0.000E+00   0.000E+00   0.000E+00
    101  9.69986958549E+04   1.916E+03   1.916E+03   0.000E+00   8.633E+04   1.268E-06   7.293E+01  4.00201E-03   0.000E+00   0.000E+00   4.312E+01   1.647E-05   0.000E+00   4   1.450E+03  1   0.000E+00   0.000E+00   0.000E+00
    102  9.80474616567E+04   1.955E+03   1.955E+03   0.000E+00   1.001E+05   1.441E-06   7.400E+01  4.00201E-03   0.000E+00   0.000E+00   4.338E+01   1.738E-05   0.000E+00   4   1.049E+03  1   0.000E+00   0.000E+00   0.000E+00
    103  9.88488905748E+04   1.995E+03   1.995E+03   0.000E+00   1.146E+05   1.614E-06   7.522E+01  4.00201E-03   0.000E+00   0.000E+00   4.342E+01   1.802E-05   0.000E+00   3   8.014E+02  1   0.000E+00   0.000E+00   0.000E+00
    104  9.94900337092E+04   2.036E+03   2.036E+03   0.000E+00   1.301E+05   1.794E-06   7.662E+01  4.00201E-03   0.000E+00   0.000E+00   4.334E+01   1.857E-05   0.000E+00   3   6.411E+02  1   0.000E+00   0.000E+00   0.000E+00
    105  1.00002948217E+05   2.079E+03   2.079E+03   0.000E+00   1.469E+05   1.984E-06   7.801E+01  4.00201E-03   0.000E+00   0.000E+00   4.352E+01   1.956E-05   0.000E+00   3   5.129E+02  1   0.000E+00   0.000E+00   0.000E+00
    106  1.00413279823E+05   2.127E+03   2.127E+03   0.000E+00   1.663E+05   2.196E-06   7.935E+01  4.00201E-03   0.000E+00   0.000E+00   4.365E+01   2.049E-05   0.000E+00   4   4.103E+02  1   0.000E+00   0.000E+00   0.000E+00
    107  1.00741545108E+05   2.184E+03   2.184E+03   0.000E+00   1.913E+05   2.458E-06   8.069E+01  4.00201E-03   0.000E+00   0.000E+00   4.364E+01   2.116E-05   0.000E+00   5   3.283E+02  1   0.000E+00   0.000E+00   0.000E+00
    108  1.00872851222E+05   2.244E+03   2.244E+03   0.000E+00   2.199E+05   2.747E-06   8.095E+01  4.00201E-03   0.000E+00   0.000E+00   4.340E+01   2.084E-05   0.000E+00   6   1.313E+02  1   0.000E+00   0.000E+00   0.000E+00
    109  1.00977896113E+05   1.199E+05   1.199E+05   0.000E+00   2.483E+13   1.729E+00   3.159E-01  4.00201E-03   0.000E+00   0.000E+00   5.428E+02   7.762E-06   0.000E+00   7   1.050E+02  1   0.000E+00   0.000E+00   0.000E+00
