      1  1.00000000000E+01   3.037E+02   3.037E+02   0.000E+00   1.684E+02   1.561E-08   1.364E+02  1.00050E-03   0.000E+00   0.000E+00   2.277E+01   4.481E-06   0.000E+00  26   1.000E+01  1   0.000E+00   0.000E+00   0.000E+00
      2  1.80000000000E+01   3.037E+02   3.037E+02   0.000E+00   1.688E+02   1.565E-08   1.356E+02  1.00050E-03   0.000E+00   0.000E+00   2.260E+01   4.301E-06   0.000E+00  23   8.000E+00  1   0.000E+00   0.000E+00   0.000E+00
      3  2.44000000000E+01   3.037E+02   3.037E+02   0.000E+00   1.690E+02   1.567E-08   1.351E+02  1.00050E-03   0.000E+00   0.000E+00   2.243E+01   4.140E-06   0.000E+00   6   6.400E+00  1   0.000E+00   0.000E+00   0.000E+00
      4  3.08000000000E+01   3.038E+02   3.038E+02   0.000E+00   1.694E+02   1.570E-08   1.345E+02  1.00050E-03   0.000E+00   0.000E+00   2.228E+01   3.995E-06   0.000E+00   2   6.400E+00  1   0.000E+00   0.000E+00   0.000E+00
      5  4.10400000000E+01   3.039E+02   3.039E+02   0.000E+00   1.698E+02   1.573E-08   1.338E+02  1.00050E-03   0.000E+00   0.000E+00   2.208E+01   3.811E-06   0.000E+00   2   1.024E+01  1   0.000E+00   0.000E+00   0.000E+00
      6  5.74240000000E+01   3.039E+02   3.039E+02   0.000E+00   1.701E+02   1.576E-08   1.330E+02  1.00050E-03   0.000E+00   0.000E+00   2.183E+01   3.601E-06   0.000E+00   2   1.638E+01  1   0.000E+00   0.000E+00   0.000E+00
      7  8.36384000000E+01   3.040E+02   3.040E+02   0.000E+00   1.706E+02   1.581E-08   1.320E+02  1.00050E-03   0.000E+00   0.000E+00   2.159E+01   3.388E-06   0.000E+00   4   2.621E+01  1   0.000E+00   0.000E+00   0.000E+00
      8  1.12474240000E+02   3.043E+02   3.043E+02   0.000E+00   1.716E+02   1.588E-08   1.311E+02  1.00050E-03   0.000E+00   0.000E+00   2.141E+01   3.236E-06   0.000E+00   3   2.884E+01  1   0.000E+00   0.000E+00   0.000E+00
      9  1.44193664000E+02   3.046E+02   3.046E+02   0.000E+00   1.723E+02   1.593E-08   1.304E+02  1.00050E-03   0.000E+00   0.000E+00   2.128E+01   3.127E-06   0.000E+00   2   3.172E+01  1   0.000E+00   0.000E+00   0.000E+00
     10  1.94944742400E+02   3.050E+02   3.050E+02   0.000E+00   1.732E+02   1.600E-08   1.296E+02  1.00050E-03   0.000E+00   0.000E+00   2.118E+01   3.027E-06   0.000E+00   4   5.075E+01  1   0.000E+00   0.000E+00   0.000E+00
     11  2.50770928640E+02   3.056E+02   3.056E+02   0.000E+00   1.746E+02   1.609E-08   1.289E+02  1.00050E-03   0.000E+00   0.000E+00   2.112E+01   2.960E-06   0.000E+00   3   5.583E+01  1   0.000E+00   0.000E+00   0.000E+00
     12  3.12179733504E+02   3.062E+02   3.062E+02   0.000E+00   1.759E+02   1.618E-08   1.283E+02  1.00050E-03   0.000E+00   0.000E+00   2.108E+01   2.916E-06   0.000E+00   2   6.141E+01  1   0.000E+00   0.000E+00   0.000E+00
     13  4.10433821286E+02   3.071E+02   3.071E+02   0.000E+00   1.778E+02   1.631E-08   1.276E+02  1.00050E-03   0.000E+00   0.000E+00   2.107E+01   2.874E-06   0.000E+00   3   9.825E+01  1   0.000E+00   0.000E+00   0.000E+00
     14  5.18513317847E+02   3.083E+02   3.083E+02   0.000E+00   1.802E+02   1.646E-08   1.267E+02  1.00050E-03   0.000E+00   0.000E+00   2.108E+01   2.840E-06   0.000E+00   2   1.081E+02  1   0.000E+00   0.000E+00   0.000E+00
     15  6.91440512344E+02   3.101E+02   3.101E+02   0.000E+00   1.839E+02   1.669E-08   1.256E+02  1.00050E-03   0.000E+00   0.000E+00   2.109E+01   2.800E-06   0.000E+00   2   1.729E+02  1   0.000E+00   0.000E+00   0.000E+00
     16  8.81660426291E+02   3.119E+02   3.119E+02   0.000E+00   1.875E+02   1.694E-08   1.246E+02  1.00050E-03   0.000E+00   0.000E+00   2.112E+01   2.768E-06   0.000E+00   3   1.902E+02  1   0.000E+00   0.000E+00   0.000E+00
     17  1.09090233163E+03   3.139E+02   3.139E+02   0.000E+00   1.920E+02   1.722E-08   1.235E+02  1.00050E-03   0.000E+00   0.000E+00   2.116E+01   2.740E-06   0.000E+00   3   2.092E+02  1   0.000E+00   0.000E+00   0.000E+00
     18  1.32106842751E+03   3.162E+02   3.162E+02   0.000E+00   1.970E+02   1.754E-08   1.225E+02  1.00050E-03   0.000E+00   0.000E+00   2.120E+01   2.716E-06   0.000E+00   3   2.302E+02  1   0.000E+00   0.000E+00   0.000E+00
     19  1.57425113297E+03   3.185E+02   3.185E+02   0.000E+00   2.024E+02   1.789E-08   1.214E+02  1.00050E-03   0.000E+00   0.000E+00   2.125E+01   2.693E-06   0.000E+00   3   2.532E+02  1   0.000E+00   0.000E+00   0.000E+00
     20  1.85275210898E+03   3.212E+02   3.212E+02   0.000E+00   2.086E+02   1.829E-08   1.202E+02  1.00050E-03   0.000E+00   0.000E+00   2.130E+01   2.667E-06   0.000E+00   3   2.785E+02  1   0.000E+00   0.000E+00   0.000E+00
     21  2.15910318259E+03   3.242E+02   3.242E+02   0.000E+00   2.160E+02   1.876E-08   1.191E+02  1.00050E-03   0.000E+00   0.000E+00   2.137E+01   2.648E-06   0.000E+00   3   3.064E+02  1   0.000E+00   0.000E+00   0.000E+00
     22  2.49608936356E+03   3.271E+02   3.271E+02   0.000E+00   2.234E+02   1.924E-08   1.178E+02  1.00050E-03   0.000E+00   0.000E+00   2.143E+01   2.622E-06   0.000E+00   3   3.370E+02  1   0.000E+00   0.000E+00   0.000E+00
     23  2.86677416263E+03   3.307E+02   3.307E+02   0.000E+00   2.328E+02   1.981E-08   1.164E+02  1.00050E-03   0.000E+00   0.000E+00   2.151E+01   2.600E-06   0.000E+00   3   3.707E+02  1   0.000E+00   0.000E+00   0.000E+00
     24  3.27452744161E+03   3.343E+02   3.343E+02   0.000E+00   2.424E+02   2.042E-08   1.150E+02  1.00050E-03   0.000E+00   0.000E+00   2.158E+01   2.571E-06   0.000E+00   3   4.078E+02  1   0.000E+00   0.000E+00   0.000E+00
     25  3.72305604848E+03   3.384E+02   3.384E+02   0.000E+00   2.538E+02   2.111E-08   1.135E+02  1.00050E-03   0.000E+00   0.000E+00   2.166E+01   2.541E-06   0.000E+00   3   4.485E+02  1   0.000E+00   0.000E+00   0.000E+00
     26  4.21643751604E+03   3.426E+02   3.426E+02   0.000E+00   2.658E+02   2.186E-08   1.119E+02  1.00050E-03   0.000E+00   0.000E+00   2.176E+01   2.514E-06   0.000E+00   3   4.934E+02  1   0.000E+00   0.000E+00   0.000E+00
     27  4.75915713036E+03   3.475E+02   3.475E+02   0.000E+00   2.806E+02   2.273E-08   1.102E+02  1.00050E-03   0.000E+00   0.000E+00   2.185E+01   2.479E-06   0.000E+00   3   5.427E+02  1   0.000E+00   0.000E+00   0.000E+00
     28  5.35614870610E+03   3.525E+02   3.525E+02   0.000E+00   2.963E+02   2.367E-08   1.085E+02  1.00050E-03   0.000E+00   0.000E+00   2.196E+01   2.453E-06   0.000E+00   3   5.970E+02  1   0.000E+00   0.000E+00   0.000E+00
     29  6.01283943943E+03   3.580E+02   3.580E+02   0.000E+00   3.145E+02   2.473E-08   1.065E+02  1.00050E-03   0.000E+00   0.000E+00   2.206E+01   2.409E-06   0.000E+00   3   6.567E+02  1   0.000E+00   0.000E+00   0.000E+00
     30  6.73519924608E+03   3.640E+02   3.640E+02   0.000E+00   3.352E+02   2.593E-08   1.046E+02  1.00050E-03   0.000E+00   0.000E+00   2.218E+01   2.375E-06   0.000E+00   2   7.224E+02  1   0.000E+00   0.000E+00   0.000E+00
     31  7.52979503340E+03   3.704E+02   3.704E+02   0.000E+00   3.585E+02   2.725E-08   1.025E+02  1.00050E-03   0.000E+00   0.000E+00   2.230E+01   2.331E-06   0.000E+00   3   7.946E+02  1   0.000E+00   0.000E+00   0.000E+00
     32  8.40385039945E+03   3.772E+02   3.772E+02   0.000E+00   3.847E+02   2.873E-08   1.005E+02  1.00050E-03   0.000E+00   0.000E+00   2.244E+01   2.297E-06   0.000E+00   3   8.741E+02  1   0.000E+00   0.000E+00   0.000E+00
     33  9.36531130211E+03   3.846E+02   3.846E+02   0.000E+00   4.152E+02   3.040E-08   9.831E+01  1.00050E-03   0.000E+00   0.000E+00   2.257E+01   2.249E-06   0.000E+00   3   9.615E+02  1   0.000E+00   0.000E+00   0.000E+00
     34  1.03903961695E+04   3.922E+02   3.922E+02   0.000E+00   4.484E+02   3.220E-08   9.609E+01  1.00050E-03   0.000E+00   0.000E+00   2.271E+01   2.200E-06   0.000E+00   3   1.025E+03  1   0.000E+00   0.000E+00   0.000E+00
     35  1.14767692469E+04   4.002E+02   4.002E+02   0.000E+00   4.862E+02   3.420E-08   9.399E+01  1.00050E-03   0.000E+00   0.000E+00   2.286E+01   2.163E-06   0.000E+00   3   1.086E+03  1   0.000E+00   0.000E+00   0.000E+00
     36  1.26053958201E+04   4.083E+02   4.083E+02   0.000E+00   5.263E+02   3.630E-08   9.187E+01  1.00050E-03   0.000E+00   0.000E+00   2.300E+01   2.118E-06   0.000E+00   3   1.129E+03  1   0.000E+00   0.000E+00   0.000E+00
     37  1.37793582105E+04   4.167E+02   4.167E+02   0.000E+00   5.707E+02   3.857E-08   8.984E+01  1.00050E-03   0.000E+00   0.000E+00   2.316E+01   2.080E-06   0.000E+00   2   1.174E+03  1   0.000E+00   0.000E+00   0.000E+00
     38  1.49933067622E+04   4.251E+02   4.251E+02   0.000E+00   6.185E+02   4.096E-08   8.767E+01  1.00050E-03   0.000E+00   0.000E+00   2.328E+01   2.023E-06   0.000E+00   3   1.214E+03  1   0.000E+00   0.000E+00   0.000E+00
     39  1.62195067376E+04   4.336E+02   4.336E+02   0.000E+00   6.697E+02   4.347E-08   8.585E+01  1.00050E-03   0.000E+00   0.000E+00   2.344E+01   1.994E-06   0.000E+00   2   1.226E+03  1   0.000E+00   0.000E+00   0.000E+00
     40  1.75434972983E+04   4.424E+02   4.424E+02   0.000E+00   7.260E+02   4.620E-08   8.389E+01  1.00050E-03   0.000E+00   0.000E+00   2.358E+01   1.949E-06   0.000E+00   3   1.324E+03  1   0.000E+00   0.000E+00   0.000E+00
     41  1.88951371881E+04   4.513E+02   4.513E+02   0.000E+00   7.867E+02   4.909E-08   8.206E+01  1.00050E-03   0.000E+00   0.000E+00   2.373E+01   1.914E-06   0.000E+00   3   1.352E+03  1   0.000E+00   0.000E+00   0.000E+00
     42  2.03034641437E+04   4.606E+02   4.606E+02   0.000E+00   8.536E+02   5.218E-08   8.009E+01  1.00050E-03   0.000E+00   0.000E+00   2.385E+01   1.861E-06   0.000E+00   3   1.408E+03  1   0.000E+00   0.000E+00   0.000E+00
     43  2.14301257081E+04   4.682E+02   4.682E+02   0.000E+00   9.115E+02   5.482E-08   7.880E+01  1.00050E-03   0.000E+00   0.000E+00   2.400E+01   1.846E-06   0.000E+00   3   1.127E+03  1   0.000E+00   0.000E+00   0.000E+00
     44  2.26694534290E+04   4.762E+02   4.762E+02   0.000E+00   9.758E+02   5.770E-08   7.719E+01  1.00050E-03   0.000E+00   0.000E+00   2.409E+01   1.799E-06   0.000E+00   3   1.239E+03  1   0.000E+00   0.000E+00   0.000E+00
     45  2.40327139220E+04   4.853E+02   4.853E+02   0.000E+00   1.052E+03   6.101E-08   7.575E+01  1.00050E-03   0.000E+00   0.000E+00   2.425E+01   1.778E-06   0.000E+00   3   1.363E+03  1   0.000E+00   0.000E+00   0.000E+00
     46  2.55323004643E+04   4.946E+02   4.946E+02   0.000E+00   1.135E+03   6.461E-08   7.414E+01  1.00050E-03   0.000E+00   0.000E+00   2.438E+01   1.740E-06   0.000E+00   3   1.500E+03  1   0.000E+00   0.000E+00   0.000E+00
     47  2.71260506326E+04   5.046E+02   5.046E+02   0.000E+00   1.229E+03   6.857E-08   7.252E+01  1.00050E-03   0.000E+00   0.000E+00   2.452E+01   1.703E-06   0.000E+00   2   1.594E+03  1   0.000E+00   0.000E+00   0.000E+00
     48  2.87801066325E+04   5.145E+02   5.145E+02   0.000E+00   1.330E+03   7.275E-08   7.101E+01  1.00050E-03   0.000E+00   0.000E+00   2.466E+01   1.672E-06   0.000E+00   3   1.654E+03  1   0.000E+00   0.000E+00   0.000E+00
     49  3.05442157763E+04   5.248E+02   5.248E+02   0.000E+00   1.440E+03   7.727E-08   6.940E+01  1.00050E-03   0.000E+00   0.000E+00   2.479E+01   1.631E-06   0.000E+00   3   1.764E+03  1   0.000E+00   0.000E+00   0.000E+00
     50  3.23497994452E+04   5.353E+02   5.353E+02   0.000E+00   1.562E+03   8.213E-08   6.798E+01  1.00050E-03   0.000E+00   0.000E+00   2.495E+01   1.606E-06   0.000E+00   3   1.806E+03  1   0.000E+00   0.000E+00   0.000E+00
     51  3.42619829692E+04   5.460E+02   5.460E+02   0.000E+00   1.693E+03   8.728E-08   6.641E+01  1.00050E-03   0.000E+00   0.000E+00   2.507E+01   1.560E-06   0.000E+00   3   1.912E+03  1   0.000E+00   0.000E+00   0.000E+00
     52  3.61966609581E+04   5.568E+02   5.568E+02   0.000E+00   1.834E+03   9.275E-08   6.509E+01  1.00050E-03   0.000E+00   0.000E+00   2.524E+01   1.542E-06   0.000E+00   3   1.935E+03  1   0.000E+00   0.000E+00   0.000E+00
     53  3.82913566973E+04   5.681E+02   5.681E+02   0.000E+00   1.992E+03   9.875E-08   6.362E+01  1.00050E-03   0.000E+00   0.000E+00   2.537E+01   1.503E-06   0.000E+00   3   2.095E+03  1   0.000E+00   0.000E+00   0.000E+00
     54  3.99671132886E+04   5.773E+02   5.773E+02   0.000E+00   2.129E+03   1.038E-07   6.250E+01  1.00050E-03   0.000E+00   0.000E+00   2.549E+01   1.479E-06   0.000E+00   2   1.676E+03  1   0.000E+00   0.000E+00   0.000E+00
     55  4.18104455391E+04   5.874E+02   5.874E+02   0.000E+00   2.286E+03   1.095E-07   6.136E+01  1.00050E-03   0.000E+00   0.000E+00   2.563E+01   1.457E-06   0.000E+00   2   1.843E+03  1   0.000E+00   0.000E+00   0.000E+00
     56  4.38381110147E+04   5.980E+02   5.980E+02   0.000E+00   2.460E+03   1.158E-07   6.014E+01  1.00050E-03   0.000E+00   0.000E+00   2.574E+01   1.423E-06   0.000E+00   3   2.028E+03  1   0.000E+00   0.000E+00   0.000E+00
     57  4.60685430377E+04   6.097E+02   6.097E+02   0.000E+00   2.659E+03   1.228E-07   5.893E+01  1.00050E-03   0.000E+00   0.000E+00   2.589E+01   1.398E-06   0.000E+00   3   2.230E+03  1   0.000E+00   0.000E+00   0.000E+00
     58  4.84337691453E+04   6.220E+02   6.220E+02   0.000E+00   2.881E+03   1.304E-07   5.772E+01  1.00050E-03   0.000E+00   0.000E+00   2.605E+01   1.375E-06   0.000E+00   3   2.365E+03  1   0.000E+00   0.000E+00   0.000E+00
     59  5.08553333753E+04   6.344E+02   6.344E+02   0.000E+00   3.114E+03   1.382E-07   5.646E+01  1.00050E-03   0.000E+00   0.000E+00   2.614E+01   1.334E-06   0.000E+00   3   2.422E+03  1   0.000E+00   0.000E+00   0.000E+00
     60  5.33079138009E+04   6.469E+02   6.469E+02   0.000E+00   3.365E+03   1.464E-07   5.540E+01  1.00050E-03   0.000E+00   0.000E+00   2.632E+01   1.321E-06   0.000E+00   3   2.453E+03  1   0.000E+00   0.000E+00   0.000E+00
     61  5.59853108926E+04   6.600E+02   6.600E+02   0.000E+00   3.644E+03   1.555E-07   5.419E+01  1.00050E-03   0.000E+00   0.000E+00   2.644E+01   1.287E-06   0.000E+00   3   2.677E+03  1   0.000E+00   0.000E+00   0.000E+00
     62  5.81272285660E+04   6.707E+02   6.707E+02   0.000E+00   3.886E+03   1.631E-07   5.329E+01  1.00050E-03   0.000E+00   0.000E+00   2.656E+01   1.266E-06   0.000E+00   3   2.142E+03  1   0.000E+00   0.000E+00   0.000E+00
     63  6.04833380067E+04   6.821E+02   6.821E+02   0.000E+00   4.156E+03   1.715E-07   5.234E+01  1.00050E-03   0.000E+00   0.000E+00   2.667E+01   1.243E-06   0.000E+00   2   2.356E+03  1   0.000E+00   0.000E+00   0.000E+00
     64  6.30750583914E+04   6.946E+02   6.946E+02   0.000E+00   4.467E+03   1.811E-07   5.139E+01  1.00050E-03   0.000E+00   0.000E+00   2.683E+01   1.226E-06   0.000E+00   3   2.592E+03  1   0.000E+00   0.000E+00   0.000E+00
     65  6.59259508147E+04   7.078E+02   7.078E+02   0.000E+00   4.816E+03   1.916E-07   5.037E+01  1.00050E-03   0.000E+00   0.000E+00   2.695E+01   1.199E-06   0.000E+00   3   2.851E+03  1   0.000E+00   0.000E+00   0.000E+00
     66  6.89861481365E+04   7.216E+02   7.216E+02   0.000E+00   5.202E+03   2.029E-07   4.933E+01  1.00050E-03   0.000E+00   0.000E+00   2.707E+01   1.171E-06   0.000E+00   3   3.060E+03  1   0.000E+00   0.000E+00   0.000E+00
     67  7.21862027753E+04   7.360E+02   7.360E+02   0.000E+00   5.628E+03   2.153E-07   4.839E+01  1.00050E-03   0.000E+00   0.000E+00   2.726E+01   1.158E-06   0.000E+00   3   3.200E+03  1   0.000E+00   0.000E+00   0.000E+00
     68  7.56029238736E+04   7.506E+02   7.506E+02   0.000E+00   6.087E+03   2.283E-07   4.729E+01  1.00050E-03   0.000E+00   0.000E+00   2.733E+01   1.117E-06   0.000E+00   3   3.417E+03  1   0.000E+00   0.000E+00   0.000E+00
     69  7.83363007522E+04   7.627E+02   7.627E+02   0.000E+00   6.493E+03   2.397E-07   4.654E+01  1.00050E-03   0.000E+00   0.000E+00   2.746E+01   1.104E-06   0.000E+00   3   2.733E+03  1   0.000E+00   0.000E+00   0.000E+00
     70  8.13430153186E+04   7.754E+02   7.754E+02   0.000E+00   6.947E+03   2.522E-07   4.579E+01  1.00050E-03   0.000E+00   0.000E+00   2.764E+01   1.097E-06   0.000E+00   2   3.007E+03  1   0.000E+00   0.000E+00   0.000E+00
     71  8.46504013418E+04   7.887E+02   7.887E+02   0.000E+00   7.457E+03   2.662E-07   4.487E+01  1.00050E-03   0.000E+00   0.000E+00   2.771E+01   1.063E-06   0.000E+00   3   3.307E+03  1   0.000E+00   0.000E+00   0.000E+00
     72  8.82885259672E+04   8.031E+02   8.031E+02   0.000E+00   8.048E+03   2.821E-07   4.403E+01  1.00050E-03   0.000E+00   0.000E+00   2.786E+01   1.047E-06   0.000E+00   3   3.638E+03  1   0.000E+00   0.000E+00   0.000E+00
     73  9.22904630551E+04   8.181E+02   8.181E+02   0.000E+00   8.708E+03   2.996E-07   4.315E+01  1.00050E-03   0.000E+00   0.000E+00   2.802E+01   1.028E-06   0.000E+00   3   4.002E+03  1   0.000E+00   0.000E+00   0.000E+00
     74  9.65691871784E+04   8.342E+02   8.342E+02   0.000E+00   9.454E+03   3.190E-07   4.224E+01  1.00050E-03   0.000E+00   0.000E+00   2.817E+01   1.008E-06   0.000E+00   2   4.279E+03  1   0.000E+00   0.000E+00   0.000E+00
     75  1.00957456712E+05   8.504E+02   8.504E+02   0.000E+00   1.025E+04   3.393E-07   4.140E+01  1.00050E-03   0.000E+00   0.000E+00   2.833E+01   9.890E-07   0.000E+00   3   4.388E+03  1   0.000E+00   0.000E+00   0.000E+00
     76  1.05570155373E+05   8.669E+02   8.669E+02   0.000E+00   1.111E+04   3.608E-07   4.050E+01  1.00050E-03   0.000E+00   0.000E+00   2.840E+01   9.563E-07   0.000E+00   3   4.613E+03  1   0.000E+00   0.000E+00   0.000E+00
     77  1.10201883790E+05   8.838E+02   8.838E+02   0.000E+00   1.204E+04   3.835E-07   3.971E+01  1.00050E-03   0.000E+00   0.000E+00   2.860E+01   9.457E-07   0.000E+00   3   4.632E+03  1   0.000E+00   0.000E+00   0.000E+00
     78  1.15197486594E+05   9.017E+02   9.017E+02   0.000E+00   1.309E+04   4.085E-07   3.893E+01  1.00050E-03   0.000E+00   0.000E+00   2.881E+01   9.352E-07   0.000E+00   2   4.996E+03  1   0.000E+00   0.000E+00   0.000E+00
     79  1.20277433132E+05   9.190E+02   9.190E+02   0.000E+00   1.416E+04   4.340E-07   3.809E+01  1.00050E-03   0.000E+00   0.000E+00   2.886E+01   9.015E-07   0.000E+00   3   5.080E+03  1   0.000E+00   0.000E+00   0.000E+00
     80  1.25417931784E+05   9.367E+02   9.367E+02   0.000E+00   1.533E+04   4.609E-07   3.733E+01  1.00050E-03   0.000E+00   0.000E+00   2.898E+01   8.810E-07   0.000E+00   3   5.140E+03  1   0.000E+00   0.000E+00   0.000E+00
     81  1.30906314431E+05   9.553E+02   9.553E+02   0.000E+00   1.664E+04   4.906E-07   3.665E+01  1.00050E-03   0.000E+00   0.000E+00   2.925E+01   8.817E-07   0.000E+00   3   5.488E+03  1   0.000E+00   0.000E+00   0.000E+00
     82  1.36781913121E+05   9.744E+02   9.744E+02   0.000E+00   1.809E+04   5.228E-07   3.584E+01  1.00050E-03   0.000E+00   0.000E+00   2.933E+01   8.519E-07   0.000E+00   3   5.876E+03  1   0.000E+00   0.000E+00   0.000E+00
     83  1.41482392072E+05   9.902E+02   9.902E+02   0.000E+00   1.936E+04   5.504E-07   3.525E+01  1.00050E-03   0.000E+00   0.000E+00   2.946E+01   8.384E-07   0.000E+00   3   4.700E+03  1   0.000E+00   0.000E+00   0.000E+00
     84  1.46652918918E+05   1.007E+03   1.007E+03   0.000E+00   2.077E+04   5.809E-07   3.465E+01  1.00050E-03   0.000E+00   0.000E+00   2.959E+01   8.246E-07   0.000E+00   2   5.171E+03  1   0.000E+00   0.000E+00   0.000E+00
     85  1.52340498450E+05   1.025E+03   1.025E+03   0.000E+00   2.240E+04   6.154E-07   3.402E+01  1.00050E-03   0.000E+00   0.000E+00   2.975E+01   8.125E-07   0.000E+00   3   5.688E+03  1   0.000E+00   0.000E+00   0.000E+00
     86  1.58596835934E+05   1.045E+03   1.045E+03   0.000E+00   2.426E+04   6.537E-07   3.333E+01  1.00050E-03   0.000E+00   0.000E+00   2.986E+01   7.917E-07   0.000E+00   2   6.256E+03  1   0.000E+00   0.000E+00   0.000E+00
     87  1.65092098516E+05   1.065E+03   1.065E+03   0.000E+00   2.626E+04   6.945E-07   3.274E+01  1.00050E-03   0.000E+00   0.000E+00   3.009E+01   7.869E-07   0.000E+00   3   6.495E+03  1   0.000E+00   0.000E+00   0.000E+00
     88  1.72236887357E+05   1.086E+03   1.086E+03   0.000E+00   2.854E+04   7.399E-07   3.205E+01  1.00050E-03   0.000E+00   0.000E+00   3.018E+01   7.634E-07   0.000E+00   3   7.145E+03  1   0.000E+00   0.000E+00   0.000E+00
     89  1.77952718429E+05   1.104E+03   1.104E+03   0.000E+00   3.051E+04   7.784E-07   3.149E+01  1.00050E-03   0.000E+00   0.000E+00   3.021E+01   7.406E-07   0.000E+00   3   5.716E+03  1   0.000E+00   0.000E+00   0.000E+00
     90  1.84240132609E+05   1.123E+03   1.123E+03   0.000E+00   3.275E+04   8.214E-07   3.099E+01  1.00050E-03   0.000E+00   0.000E+00   3.043E+01   7.377E-07   0.000E+00   2   6.287E+03  1   0.000E+00   0.000E+00   0.000E+00
     91  1.91156288207E+05   1.143E+03   1.143E+03   0.000E+00   3.533E+04   8.702E-07   3.045E+01  1.00050E-03   0.000E+00   0.000E+00   3.064E+01   7.329E-07   0.000E+00   2   6.916E+03  1   0.000E+00   0.000E+00   0.000E+00
     92  1.98764059364E+05   1.165E+03   1.165E+03   0.000E+00   3.828E+04   9.249E-07   2.985E+01  1.00050E-03   0.000E+00   0.000E+00   3.077E+01   7.156E-07   0.000E+00   2   7.608E+03  1   0.000E+00   0.000E+00   0.000E+00
     93  2.06654145706E+05   1.187E+03   1.187E+03   0.000E+00   4.141E+04   9.821E-07   2.925E+01  1.00050E-03   0.000E+00   0.000E+00   3.081E+01   6.911E-07   0.000E+00   3   7.890E+03  1   0.000E+00   0.000E+00   0.000E+00
     94  2.15025186456E+05   1.210E+03   1.210E+03   0.000E+00   4.493E+04   1.045E-06   2.871E+01  1.00050E-03   0.000E+00   0.000E+00   3.103E+01   6.850E-07   0.000E+00   3   8.371E+03  1   0.000E+00   0.000E+00   0.000E+00
     95  2.24047947896E+05   1.235E+03   1.235E+03   0.000E+00   4.893E+04   1.116E-06   2.815E+01  1.00050E-03   0.000E+00   0.000E+00   3.127E+01   6.792E-07   0.000E+00   2   9.023E+03  1   0.000E+00   0.000E+00   0.000E+00
     96  2.33189099480E+05   1.260E+03   1.260E+03   0.000E+00   5.320E+04   1.189E-06   2.758E+01  1.00050E-03   0.000E+00   0.000E+00   3.137E+01   6.597E-07   0.000E+00   2   9.141E+03  1   0.000E+00   0.000E+00   0.000E+00
     97  2.42388801668E+05   1.285E+03   1.285E+03   0.000E+00   5.768E+04   1.264E-06   2.703E+01  1.00050E-03   0.000E+00   0.000E+00   3.148E+01   6.432E-07   0.000E+00   3   9.200E+03  1   0.000E+00   0.000E+00   0.000E+00
     98  2.52190002712E+05   1.311E+03   1.311E+03   0.000E+00   6.271E+04   1.347E-06   2.651E+01  1.00050E-03   0.000E+00   0.000E+00   3.165E+01   6.321E-07   0.000E+00   2   9.801E+03  1   0.000E+00   0.000E+00   0.000E+00
     99  2.62349243730E+05   1.337E+03   1.337E+03   0.000E+00   6.824E+04   1.436E-06   2.601E+01  1.00050E-03   0.000E+00   0.000E+00   3.191E+01   6.282E-07   0.000E+00   2   1.016E+04  1   0.000E+00   0.000E+00   0.000E+00
    100  2.73077281219E+05   1.364E+03   1.364E+03   0.000E+00   7.425E+04   1.532E-06   2.547E+01  1.00050E-03   0.000E+00   0.000E+00   3.201E+01   6.100E-07   0.000E+00   2   1.073E+04  1   0.000E+00   0.000E+00   0.000E+00
    101  2.83862269933E+05   1.391E+03   1.391E+03   0.000E+00   8.076E+04   1.634E-06   2.497E+01  1.00050E-03   0.000E+00   0.000E+00   3.216E+01   5.977E-07   0.000E+00   3   1.078E+04  1   0.000E+00   0.000E+00   0.000E+00
    102  2.95173577358E+05   1.420E+03   1.420E+03   0.000E+00   8.799E+04   1.745E-06   2.448E+01  1.00050E-03   0.000E+00   0.000E+00   3.236E+01   5.885E-07   0.000E+00   2   1.131E+04  1   0.000E+00   0.000E+00   0.000E+00
    103  3.06850354688E+05   1.448E+03   1.448E+03   0.000E+00   9.580E+04   1.863E-06   2.399E+01  1.00050E-03   0.000E+00   0.000E+00   3.250E+01   5.754E-07   0.000E+00   3   1.168E+04  1   0.000E+00   0.000E+00   0.000E+00
    104  3.18871777126E+05   1.477E+03   1.477E+03   0.000E+00   1.043E+05   1.987E-06   2.350E+01  1.00050E-03   0.000E+00   0.000E+00   3.257E+01   5.570E-07   0.000E+00   2   1.202E+04  1   0.000E+00   0.000E+00   0.000E+00
    105  3.31159930329E+05   1.507E+03   1.507E+03   0.000E+00   1.135E+05   2.120E-06   2.305E+01  1.00050E-03   0.000E+00   0.000E+00   3.284E+01   5.538E-07   0.000E+00   3   1.229E+04  1   0.000E+00   0.000E+00   0.000E+00
    106  3.44321950580E+05   1.539E+03   1.539E+03   0.000E+00   1.240E+05   2.269E-06   2.260E+01  1.00050E-03   0.000E+00   0.000E+00   3.308E+01   5.481E-07   0.000E+00   2   1.316E+04  1   0.000E+00   0.000E+00   0.000E+00
    107  3.57549798468E+05   1.571E+03   1.571E+03   0.000E+00   1.354E+05   2.426E-06   2.215E+01  1.00050E-03   0.000E+00   0.000E+00   3.325E+01   5.377E-07   0.000E+00   2   1.323E+04  1   0.000E+00   0.000E+00   0.000E+00
    108  3.71078937661E+05   1.602E+03   1.602E+03   0.000E+00   1.474E+05   2.590E-06   2.170E+01  1.00050E-03   0.000E+00   0.000E+00   3.329E+01   5.183E-07   0.000E+00   3   1.353E+04  1   0.000E+00   0.000E+00   0.000E+00
    109  3.85016593628E+05   1.634E+03   1.634E+03   0.000E+00   1.605E+05   2.765E-06   2.126E+01  1.00050E-03   0.000E+00   0.000E+00   3.339E+01   5.034E-07   0.000E+00   2   1.394E+04  1   0.000E+00   0.000E+00   0.000E+00
    110  3.99677938857E+05   1.668E+03   1.668E+03   0.000E+00   1.754E+05   2.960E-06   2.087E+01  1.00050E-03   0.000E+00   0.000E+00   3.380E+01   5.094E-07   0.000E+00   2   1.466E+04  1   0.000E+00   0.000E+00   0.000E+00
    111  4.15408713594E+05   1.704E+03   1.704E+03   0.000E+00   1.923E+05   3.178E-06   2.045E+01  1.00050E-03   0.000E+00   0.000E+00   3.406E+01   5.042E-07   0.000E+00   2   1.573E+04  1   0.000E+00   0.000E+00   0.000E+00
    112  4.27993333383E+05   1.735E+03   1.735E+03   0.000E+00   2.079E+05   3.374E-06   2.008E+01  1.00050E-03   0.000E+00   0.000E+00   3.416E+01   4.921E-07   0.000E+00   3   1.258E+04  1   0.000E+00   0.000E+00   0.000E+00
    113  4.41836415151E+05   1.757E+03   1.757E+03   0.000E+00   2.255E+05   3.613E-06   1.971E+01  1.00050E-03   0.000E+00   0.000E+00   3.425E+01   4.791E-07   0.000E+00   9   1.384E+04  1   0.000E+00   0.000E+00   0.000E+00
    114  4.52910880565E+05   1.769E+03   1.769E+03   0.000E+00   2.412E+05   3.838E-06   1.941E+01  1.00050E-03   0.000E+00   0.000E+00   3.431E+01   4.683E-07   0.000E+00   4   1.107E+04  1   0.000E+00   0.000E+00   0.000E+00
    115  4.65092792521E+05   1.778E+03   1.778E+03   0.000E+00   2.599E+05   4.115E-06   1.911E+01  1.00050E-03   0.000E+00   0.000E+00   3.440E+01   4.582E-07   0.000E+00   4   1.218E+04  1   0.000E+00   0.000E+00   0.000E+00
    116  4.78492895672E+05   1.785E+03   1.785E+03   0.000E+00   2.824E+05   4.452E-06   1.881E+01  1.00050E-03   0.000E+00   0.000E+00   3.459E+01   4.537E-07   0.000E+00   4   1.340E+04  1   0.000E+00   0.000E+00   0.000E+00
    117  4.93233009139E+05   1.793E+03   1.793E+03   0.000E+00   3.100E+05   4.867E-06   1.852E+01  1.00050E-03   0.000E+00   0.000E+00   3.492E+01   4.572E-07   0.000E+00   4   1.474E+04  1   0.000E+00   0.000E+00   0.000E+00
    118  5.09447133952E+05   1.802E+03   1.802E+03   0.000E+00   3.446E+05   5.385E-06   1.822E+01  1.00050E-03   0.000E+00   0.000E+00   3.525E+01   4.594E-07   0.000E+00   4   1.621E+04  1   0.000E+00   0.000E+00   0.000E+00
    119  5.27282671247E+05   1.812E+03   1.812E+03   0.000E+00   3.875E+05   6.019E-06   1.791E+01  1.00050E-03   0.000E+00   0.000E+00   3.528E+01   4.450E-07   0.000E+00   4   1.784E+04  1   0.000E+00   0.000E+00   0.000E+00
    120  5.46192167055E+05   1.825E+03   1.825E+03   0.000E+00   4.399E+05   6.784E-06   1.764E+01  1.00050E-03   0.000E+00   0.000E+00   3.543E+01   4.391E-07   0.000E+00   4   1.891E+04  1   0.000E+00   0.000E+00   0.000E+00
    121  5.66611667280E+05   1.842E+03   1.842E+03   0.000E+00   5.064E+05   7.739E-06   1.741E+01  1.00050E-03   0.000E+00   0.000E+00   3.566E+01   4.395E-07   0.000E+00   4   2.042E+04  1   0.000E+00   0.000E+00   0.000E+00
    122  5.87644183892E+05   1.863E+03   1.863E+03   0.000E+00   5.896E+05   8.907E-06   1.722E+01  1.00050E-03   0.000E+00   0.000E+00   3.592E+01   4.423E-07   0.000E+00   4   2.103E+04  1   0.000E+00   0.000E+00   0.000E+00
    123  6.04470197182E+05   1.886E+03   1.886E+03   0.000E+00   6.746E+05   1.007E-05   1.711E+01  1.00050E-03   0.000E+00   0.000E+00   3.617E+01   4.490E-07   0.000E+00   3   1.683E+04  1   0.000E+00   0.000E+00   0.000E+00
    124  6.22922496879E+05   1.913E+03   1.913E+03   0.000E+00   7.845E+05   1.154E-05   1.705E+01  1.00050E-03   0.000E+00   0.000E+00   3.636E+01   4.554E-07   0.000E+00   4   1.845E+04  1   0.000E+00   0.000E+00   0.000E+00
    125  6.41763141970E+05   1.944E+03   1.944E+03   0.000E+00   9.206E+05   1.333E-05   1.702E+01  1.00050E-03   0.000E+00   0.000E+00   3.624E+01   4.475E-07   0.000E+00   4   1.884E+04  1   0.000E+00   0.000E+00   0.000E+00
    126  6.56835658042E+05   1.979E+03   1.979E+03   0.000E+00   1.067E+06   1.518E-05   1.710E+01  1.00050E-03   0.000E+00   0.000E+00   3.685E+01   4.833E-07   0.000E+00   4   1.507E+04  1   0.000E+00   0.000E+00   0.000E+00
    127  6.72638616907E+05   2.020E+03   2.020E+03   0.000E+00   1.255E+06   1.748E-05   1.722E+01  1.00050E-03   0.000E+00   0.000E+00   3.700E+01   4.981E-07   0.000E+00   5   1.580E+04  1   0.000E+00   0.000E+00   0.000E+00
    128  6.85280983999E+05   2.061E+03   2.061E+03   0.000E+00   1.449E+06   1.978E-05   1.736E+01  1.00050E-03   0.000E+00   0.000E+00   3.691E+01   5.013E-07   0.000E+00   5   1.264E+04  1   0.000E+00   0.000E+00   0.000E+00
    129  6.95394877673E+05   2.104E+03   2.104E+03   0.000E+00   1.651E+06   2.208E-05   1.755E+01  1.00050E-03   0.000E+00   0.000E+00   3.725E+01   5.313E-07   0.000E+00   4   1.011E+04  1   0.000E+00   0.000E+00   0.000E+00
    130  7.06192322837E+05   2.155E+03   2.155E+03   0.000E+00   1.909E+06   2.491E-05   1.782E+01  1.00050E-03   0.000E+00   0.000E+00   3.745E+01   5.599E-07   0.000E+00   5   1.080E+04  1   0.000E+00   0.000E+00   0.000E+00
    131  7.14830278969E+05   2.207E+03   2.207E+03   0.000E+00   2.178E+06   2.776E-05   1.808E+01  1.00050E-03   0.000E+00   0.000E+00   3.738E+01   5.715E-07   0.000E+00   5   8.638E+03  1   0.000E+00   0.000E+00   0.000E+00
    132  7.23468235101E+05   2.266E+03   2.266E+03   0.000E+00   2.513E+06   3.118E-05   1.844E+01  1.00050E-03   0.000E+00   0.000E+00   3.755E+01   6.054E-07   0.000E+00   5   8.638E+03  1   0.000E+00   0.000E+00   0.000E+00
    133  7.30378600006E+05   2.324E+03   2.324E+03   0.000E+00   2.870E+06   3.469E-05   1.879E+01  1.00050E-03   0.000E+00   0.000E+00   3.764E+01   6.357E-07   0.000E+00   5   6.910E+03  1   0.000E+00   0.000E+00   0.000E+00
    134  7.35906891930E+05   2.381E+03   2.381E+03   0.000E+00   3.253E+06   3.832E-05   1.913E+01  1.00050E-03   0.000E+00   0.000E+00   3.760E+01   6.555E-07   0.000E+00   4   5.528E+03  1   0.000E+00   0.000E+00   0.000E+00
    135  7.41898710637E+05   2.449E+03   2.449E+03   0.000E+00   3.761E+06   4.303E-05   1.965E+01  1.00050E-03   0.000E+00   0.000E+00   3.779E+01   7.058E-07   0.000E+00   5   5.992E+03  1   0.000E+00   0.000E+00   0.000E+00
    136  7.46692165602E+05   2.524E+03   2.524E+03   0.000E+00   4.376E+06   4.854E-05   2.015E+01  1.00050E-03   0.000E+00   0.000E+00   3.789E+01   7.503E-07   0.000E+00   5   4.793E+03  1   0.000E+00   0.000E+00   0.000E+00
    137  7.50526929574E+05   2.607E+03   2.607E+03   0.000E+00   5.156E+06   5.529E-05   2.066E+01  1.00050E-03   0.000E+00   0.000E+00   3.777E+01   7.785E-07   0.000E+00   5   3.835E+03  1   0.000E+00   0.000E+00   0.000E+00
    138  7.53594740751E+05   4.723E+04   4.723E+04   0.000E+00   5.550E+12   1.077E+00   2.815E-01  1.00050E-03   0.000E+00   0.000E+00   1.426E+02   2.934E-08   0.000E+00   5   3.068E+03  1   0.000E+00   0.000E+00   0.000E+00
    
