      1  1.00000000000E+01   7.023E+02   7.023E+02   0.000E+00   3.102E+01   1.243E-09   5.482E+02  1.20060E-02   0.000E+00   0.000E+00   4.582E+01   1.188E-03   0.000E+00  15   1.000E+01  1   0.000E+00   0.000E+00   0.000E+00
      2  1.51853931660E+01   7.040E+02   7.040E+02   0.000E+00   3.135E+01   1.254E-09   5.381E+02  1.20060E-02   0.000E+00   0.000E+00   4.365E+01   9.418E-04   0.000E+00   7   5.185E+00  1   0.000E+00   0.000E+00   0.000E+00
      3  2.03707863320E+01   7.051E+02   7.051E+02   0.000E+00   3.158E+01   1.262E-09   5.317E+02  1.20060E-02   0.000E+00   0.000E+00   4.222E+01   8.055E-04   0.000E+00   4   5.185E+00  1   0.000E+00   0.000E+00   0.000E+00
      4  2.60747188145E+01   7.069E+02   7.069E+02   0.000E+00   3.195E+01   1.273E-09   5.268E+02  1.20060E-02   0.000E+00   0.000E+00   4.117E+01   7.141E-04   0.000E+00   3   5.704E+00  1   0.000E+00   0.000E+00   0.000E+00
      5  3.23490445454E+01   7.086E+02   7.086E+02   0.000E+00   3.230E+01   1.283E-09   5.233E+02  1.20060E-02   0.000E+00   0.000E+00   4.037E+01   6.515E-04   0.000E+00   3   6.274E+00  1   0.000E+00   0.000E+00   0.000E+00
      6  3.92508028493E+01   7.099E+02   7.099E+02   0.000E+00   3.260E+01   1.293E-09   5.211E+02  1.20060E-02   0.000E+00   0.000E+00   3.978E+01   6.092E-04   0.000E+00   3   6.902E+00  1   0.000E+00   0.000E+00   0.000E+00
      7  4.68427369836E+01   7.113E+02   7.113E+02   0.000E+00   3.292E+01   1.303E-09   5.198E+02  1.20060E-02   0.000E+00   0.000E+00   3.938E+01   5.823E-04   0.000E+00   2   7.592E+00  1   0.000E+00   0.000E+00   0.000E+00
      8  5.89898315985E+01   7.135E+02   7.135E+02   0.000E+00   3.344E+01   1.319E-09   5.191E+02  1.20060E-02   0.000E+00   0.000E+00   3.913E+01   5.660E-04   0.000E+00   2   1.215E+01  1   0.000E+00   0.000E+00   0.000E+00
      9  7.84251829823E+01   7.174E+02   7.174E+02   0.000E+00   3.432E+01   1.347E-09   5.196E+02  1.20060E-02   0.000E+00   0.000E+00   3.918E+01   5.701E-04   0.000E+00   2   1.944E+01  1   0.000E+00   0.000E+00   0.000E+00
     10  9.98040695045E+01   7.216E+02   7.216E+02   0.000E+00   3.529E+01   1.377E-09   5.208E+02  1.20060E-02   0.000E+00   0.000E+00   3.945E+01   5.889E-04   0.000E+00   2   2.138E+01  1   0.000E+00   0.000E+00   0.000E+00
     11  1.23320844679E+02   7.264E+02   7.264E+02   0.000E+00   3.642E+01   1.412E-09   5.221E+02  1.20060E-02   0.000E+00   0.000E+00   3.989E+01   6.186E-04   0.000E+00   2   2.352E+01  1   0.000E+00   0.000E+00   0.000E+00
     12  1.49189297371E+02   7.326E+02   7.326E+02   0.000E+00   3.783E+01   1.454E-09   5.228E+02  1.20060E-02   0.000E+00   0.000E+00   4.038E+01   6.509E-04   0.000E+00   3   2.587E+01  1   0.000E+00   0.000E+00   0.000E+00
     13  1.77644595332E+02   7.397E+02   7.397E+02   0.000E+00   3.946E+01   1.502E-09   5.229E+02  1.20060E-02   0.000E+00   0.000E+00   4.090E+01   6.853E-04   0.000E+00   2   2.846E+01  1   0.000E+00   0.000E+00   0.000E+00
     14  2.08945423089E+02   7.476E+02   7.476E+02   0.000E+00   4.135E+01   1.557E-09   5.223E+02  1.20060E-02   0.000E+00   0.000E+00   4.143E+01   7.201E-04   0.000E+00   3   3.130E+01  1   0.000E+00   0.000E+00   0.000E+00
     15  2.43376333622E+02   7.566E+02   7.566E+02   0.000E+00   4.352E+01   1.620E-09   5.207E+02  1.20060E-02   0.000E+00   0.000E+00   4.194E+01   7.515E-04   0.000E+00   2   3.443E+01  1   0.000E+00   0.000E+00   0.000E+00
     16  2.81250335208E+02   7.669E+02   7.669E+02   0.000E+00   4.610E+01   1.693E-09   5.180E+02  1.20060E-02   0.000E+00   0.000E+00   4.244E+01   7.800E-04   0.000E+00   3   3.787E+01  1   0.000E+00   0.000E+00   0.000E+00
     17  3.22911736953E+02   7.782E+02   7.782E+02   0.000E+00   4.908E+01   1.776E-09   5.144E+02  1.20060E-02   0.000E+00   0.000E+00   4.292E+01   8.047E-04   0.000E+00   2   4.166E+01  1   0.000E+00   0.000E+00   0.000E+00
     18  3.68739278872E+02   7.906E+02   7.906E+02   0.000E+00   5.251E+01   1.870E-09   5.097E+02  1.20060E-02   0.000E+00   0.000E+00   4.337E+01   8.238E-04   0.000E+00   2   4.583E+01  1   0.000E+00   0.000E+00   0.000E+00
     19  4.19149574983E+02   8.043E+02   8.043E+02   0.000E+00   5.651E+01   1.978E-09   5.042E+02  1.20060E-02   0.000E+00   0.000E+00   4.383E+01   8.407E-04   0.000E+00   2   5.041E+01  1   0.000E+00   0.000E+00   0.000E+00
     20  4.74600900706E+02   8.193E+02   8.193E+02   0.000E+00   6.114E+01   2.101E-09   4.978E+02  1.20060E-02   0.000E+00   0.000E+00   4.427E+01   8.532E-04   0.000E+00   2   5.545E+01  1   0.000E+00   0.000E+00   0.000E+00
     21  5.35597359000E+02   8.359E+02   8.359E+02   0.000E+00   6.656E+01   2.242E-09   4.906E+02  1.20060E-02   0.000E+00   0.000E+00   4.472E+01   8.626E-04   0.000E+00   2   6.100E+01  1   0.000E+00   0.000E+00   0.000E+00
     22  6.01384079034E+02   8.535E+02   8.535E+02   0.000E+00   7.275E+01   2.400E-09   4.829E+02  1.20060E-02   0.000E+00   0.000E+00   4.519E+01   8.714E-04   0.000E+00   3   6.579E+01  1   0.000E+00   0.000E+00   0.000E+00
     23  6.68872274128E+02   8.719E+02   8.719E+02   0.000E+00   7.965E+01   2.572E-09   4.750E+02  1.20060E-02   0.000E+00   0.000E+00   4.565E+01   8.777E-04   0.000E+00   2   6.749E+01  1   0.000E+00   0.000E+00   0.000E+00
     24  7.36776287468E+02   8.905E+02   8.905E+02   0.000E+00   8.715E+01   2.755E-09   4.671E+02  1.20060E-02   0.000E+00   0.000E+00   4.610E+01   8.830E-04   0.000E+00   2   6.790E+01  1   0.000E+00   0.000E+00   0.000E+00
     25  8.05808036729E+02   9.095E+02   9.095E+02   0.000E+00   9.532E+01   2.950E-09   4.592E+02  1.20060E-02   0.000E+00   0.000E+00   4.656E+01   8.882E-04   0.000E+00   2   6.903E+01  1   0.000E+00   0.000E+00   0.000E+00
     26  8.75989052794E+02   9.289E+02   9.289E+02   0.000E+00   1.042E+02   3.159E-09   4.513E+02  1.20060E-02   0.000E+00   0.000E+00   4.702E+01   8.921E-04   0.000E+00   2   7.018E+01  1   0.000E+00   0.000E+00   0.000E+00
     27  9.46796519006E+02   9.489E+02   9.489E+02   0.000E+00   1.139E+02   3.380E-09   4.436E+02  1.20060E-02   0.000E+00   0.000E+00   4.747E+01   8.951E-04   0.000E+00   2   7.081E+01  1   0.000E+00   0.000E+00   0.000E+00
     28  1.01795963087E+03   9.693E+02   9.693E+02   0.000E+00   1.245E+02   3.615E-09   4.358E+02  1.20060E-02   0.000E+00   0.000E+00   4.794E+01   8.988E-04   0.000E+00   2   7.116E+01  1   0.000E+00   0.000E+00   0.000E+00
     29  1.08938707337E+03   9.901E+02   9.901E+02   0.000E+00   1.358E+02   3.862E-09   4.282E+02  1.20060E-02   0.000E+00   0.000E+00   4.839E+01   9.012E-04   0.000E+00   2   7.143E+01  1   0.000E+00   0.000E+00   0.000E+00
     30  1.16121319487E+03   1.011E+03   1.011E+03   0.000E+00   1.481E+02   4.123E-09   4.208E+02  1.20060E-02   0.000E+00   0.000E+00   4.884E+01   9.026E-04   0.000E+00   2   7.183E+01  1   0.000E+00   0.000E+00   0.000E+00
     31  1.23392701456E+03   1.033E+03   1.033E+03   0.000E+00   1.614E+02   4.398E-09   4.134E+02  1.20060E-02   0.000E+00   0.000E+00   4.930E+01   9.045E-04   0.000E+00   2   7.271E+01  1   0.000E+00   0.000E+00   0.000E+00
     32  1.30777129355E+03   1.055E+03   1.055E+03   0.000E+00   1.757E+02   4.690E-09   4.060E+02  1.20060E-02   0.000E+00   0.000E+00   4.976E+01   9.055E-04   0.000E+00   2   7.384E+01  1   0.000E+00   0.000E+00   0.000E+00
     33  1.38265863170E+03   1.077E+03   1.077E+03   0.000E+00   1.913E+02   4.999E-09   3.987E+02  1.20060E-02   0.000E+00   0.000E+00   5.021E+01   9.054E-04   0.000E+00   2   7.489E+01  1   0.000E+00   0.000E+00   0.000E+00
     34  1.45888561703E+03   1.100E+03   1.100E+03   0.000E+00   2.083E+02   5.328E-09   3.915E+02  1.20060E-02   0.000E+00   0.000E+00   5.067E+01   9.051E-04   0.000E+00   2   7.623E+01  1   0.000E+00   0.000E+00   0.000E+00
     35  1.53680464713E+03   1.124E+03   1.124E+03   0.000E+00   2.267E+02   5.679E-09   3.843E+02  1.20060E-02   0.000E+00   0.000E+00   5.113E+01   9.046E-04   0.000E+00   2   7.792E+01  1   0.000E+00   0.000E+00   0.000E+00
     36  1.61643774633E+03   1.148E+03   1.148E+03   0.000E+00   2.468E+02   6.054E-09   3.771E+02  1.20060E-02   0.000E+00   0.000E+00   5.159E+01   9.031E-04   0.000E+00   2   7.963E+01  1   0.000E+00   0.000E+00   0.000E+00
     37  1.69756285933E+03   1.172E+03   1.172E+03   0.000E+00   2.687E+02   6.452E-09   3.700E+02  1.20060E-02   0.000E+00   0.000E+00   5.206E+01   9.011E-04   0.000E+00   2   8.113E+01  1   0.000E+00   0.000E+00   0.000E+00
     38  1.77963341363E+03   1.198E+03   1.198E+03   0.000E+00   2.924E+02   6.874E-09   3.630E+02  1.20060E-02   0.000E+00   0.000E+00   5.252E+01   8.983E-04   0.000E+00   2   8.207E+01  1   0.000E+00   0.000E+00   0.000E+00
     39  1.86209258512E+03   1.223E+03   1.223E+03   0.000E+00   3.180E+02   7.318E-09   3.561E+02  1.20060E-02   0.000E+00   0.000E+00   5.298E+01   8.953E-04   0.000E+00   2   8.246E+01  1   0.000E+00   0.000E+00   0.000E+00
     40  1.94601820047E+03   1.249E+03   1.249E+03   0.000E+00   3.455E+02   7.788E-09   3.492E+02  1.20060E-02   0.000E+00   0.000E+00   5.345E+01   8.919E-04   0.000E+00   3   8.393E+01  1   0.000E+00   0.000E+00   0.000E+00
     41  2.03248580561E+03   1.276E+03   1.276E+03   0.000E+00   3.760E+02   8.296E-09   3.424E+02  1.20060E-02   0.000E+00   0.000E+00   5.391E+01   8.876E-04   0.000E+00   2   8.647E+01  1   0.000E+00   0.000E+00   0.000E+00
     42  2.12038840709E+03   1.303E+03   1.303E+03   0.000E+00   4.087E+02   8.832E-09   3.357E+02  1.20060E-02   0.000E+00   0.000E+00   5.437E+01   8.824E-04   0.000E+00   3   8.790E+01  1   0.000E+00   0.000E+00   0.000E+00
     43  2.21160846032E+03   1.330E+03   1.330E+03   0.000E+00   4.450E+02   9.419E-09   3.290E+02  1.20060E-02   0.000E+00   0.000E+00   5.484E+01   8.771E-04   0.000E+00   3   9.122E+01  1   0.000E+00   0.000E+00   0.000E+00
     44  2.30436061535E+03   1.357E+03   1.357E+03   0.000E+00   4.847E+02   1.006E-08   3.223E+02  1.20060E-02   0.000E+00   0.000E+00   5.532E+01   8.717E-04   0.000E+00   3   9.275E+01  1   0.000E+00   0.000E+00   0.000E+00
     45  2.39967551082E+03   1.383E+03   1.383E+03   0.000E+00   5.283E+02   1.075E-08   3.156E+02  1.20060E-02   0.000E+00   0.000E+00   5.579E+01   8.652E-04   0.000E+00   3   9.531E+01  1   0.000E+00   0.000E+00   0.000E+00
     46  2.49757814904E+03   1.410E+03   1.410E+03   0.000E+00   5.764E+02   1.151E-08   3.091E+02  1.20060E-02   0.000E+00   0.000E+00   5.627E+01   8.582E-04   0.000E+00   3   9.790E+01  1   0.000E+00   0.000E+00   0.000E+00
     47  2.59765437439E+03   1.434E+03   1.434E+03   0.000E+00   6.295E+02   1.236E-08   3.026E+02  1.20060E-02   0.000E+00   0.000E+00   5.675E+01   8.511E-04   0.000E+00   4   1.001E+02  1   0.000E+00   0.000E+00   0.000E+00
     48  2.69922824158E+03   1.455E+03   1.455E+03   0.000E+00   6.879E+02   1.331E-08   2.963E+02  1.20060E-02   0.000E+00   0.000E+00   5.723E+01   8.435E-04   0.000E+00   4   1.016E+02  1   0.000E+00   0.000E+00   0.000E+00
     49  2.80208476791E+03   1.473E+03   1.473E+03   0.000E+00   7.529E+02   1.439E-08   2.900E+02  1.20060E-02   0.000E+00   0.000E+00   5.770E+01   8.358E-04   0.000E+00   3   1.029E+02  1   0.000E+00   0.000E+00   0.000E+00
     50  2.90662657788E+03   1.489E+03   1.489E+03   0.000E+00   8.252E+02   1.561E-08   2.840E+02  1.20060E-02   0.000E+00   0.000E+00   5.817E+01   8.277E-04   0.000E+00   3   1.045E+02  1   0.000E+00   0.000E+00   0.000E+00
     51  3.01537302262E+03   1.503E+03   1.503E+03   0.000E+00   9.083E+02   1.702E-08   2.780E+02  1.20060E-02   0.000E+00   0.000E+00   5.863E+01   8.187E-04   0.000E+00   3   1.087E+02  1   0.000E+00   0.000E+00   0.000E+00
     52  3.12899274641E+03   1.517E+03   1.517E+03   0.000E+00   1.005E+03   1.867E-08   2.721E+02  1.20060E-02   0.000E+00   0.000E+00   5.910E+01   8.096E-04   0.000E+00   3   1.136E+02  1   0.000E+00   0.000E+00   0.000E+00
     53  3.24737606205E+03   1.531E+03   1.531E+03   0.000E+00   1.119E+03   2.060E-08   2.663E+02  1.20060E-02   0.000E+00   0.000E+00   5.956E+01   7.999E-04   0.000E+00   3   1.184E+02  1   0.000E+00   0.000E+00   0.000E+00
     54  3.37046243078E+03   1.545E+03   1.545E+03   0.000E+00   1.254E+03   2.287E-08   2.607E+02  1.20060E-02   0.000E+00   0.000E+00   6.002E+01   7.901E-04   0.000E+00   2   1.231E+02  1   0.000E+00   0.000E+00   0.000E+00
     55  3.49774533992E+03   1.560E+03   1.560E+03   0.000E+00   1.413E+03   2.551E-08   2.554E+02  1.20060E-02   0.000E+00   0.000E+00   6.045E+01   7.808E-04   0.000E+00   2   1.273E+02  1   0.000E+00   0.000E+00   0.000E+00
     56  3.62901173217E+03   1.576E+03   1.576E+03   0.000E+00   1.600E+03   2.859E-08   2.505E+02  1.20060E-02   0.000E+00   0.000E+00   6.088E+01   7.723E-04   0.000E+00   2   1.313E+02  1   0.000E+00   0.000E+00   0.000E+00
     57  3.73402484597E+03   1.592E+03   1.592E+03   0.000E+00   1.781E+03   3.152E-08   2.467E+02  1.20060E-02   0.000E+00   0.000E+00   6.123E+01   7.671E-04   0.000E+00   3   1.050E+02  1   0.000E+00   0.000E+00   0.000E+00
     58  3.84953927115E+03   1.612E+03   1.612E+03   0.000E+00   2.014E+03   3.520E-08   2.431E+02  1.20060E-02   0.000E+00   0.000E+00   6.161E+01   7.631E-04   0.000E+00   3   1.155E+02  1   0.000E+00   0.000E+00   0.000E+00
     59  3.94195081129E+03   1.630E+03   1.630E+03   0.000E+00   2.235E+03   3.863E-08   2.404E+02  1.20060E-02   0.000E+00   0.000E+00   6.193E+01   7.620E-04   0.000E+00   3   9.241E+01  1   0.000E+00   0.000E+00   0.000E+00
     60  4.04360350545E+03   1.652E+03   1.652E+03   0.000E+00   2.517E+03   4.290E-08   2.380E+02  1.20060E-02   0.000E+00   0.000E+00   6.227E+01   7.630E-04   0.000E+00   3   1.017E+02  1   0.000E+00   0.000E+00   0.000E+00
     61  4.15302693764E+03   1.675E+03   1.675E+03   0.000E+00   2.868E+03   4.817E-08   2.360E+02  1.20060E-02   0.000E+00   0.000E+00   6.264E+01   7.689E-04   0.000E+00   3   1.094E+02  1   0.000E+00   0.000E+00   0.000E+00
     62  4.26778227930E+03   1.700E+03   1.700E+03   0.000E+00   3.306E+03   5.471E-08   2.348E+02  1.20060E-02   0.000E+00   0.000E+00   6.307E+01   7.817E-04   0.000E+00   3   1.148E+02  1   0.000E+00   0.000E+00   0.000E+00
     63  4.38668359277E+03   1.726E+03   1.726E+03   0.000E+00   3.875E+03   6.313E-08   2.344E+02  1.20060E-02   0.000E+00   0.000E+00   6.356E+01   8.039E-04   0.000E+00   3   1.189E+02  1   0.000E+00   0.000E+00   0.000E+00
     64  4.50811411402E+03   1.752E+03   1.752E+03   0.000E+00   4.632E+03   7.436E-08   2.352E+02  1.20060E-02   0.000E+00   0.000E+00   6.412E+01   8.380E-04   0.000E+00   3   1.214E+02  1   0.000E+00   0.000E+00   0.000E+00
     65  4.60525853102E+03   1.773E+03   1.773E+03   0.000E+00   5.468E+03   8.684E-08   2.368E+02  1.20060E-02   0.000E+00   0.000E+00   6.462E+01   8.764E-04   0.000E+00   3   9.714E+01  1   0.000E+00   0.000E+00   0.000E+00
     66  4.70990929292E+03   1.800E+03   1.800E+03   0.000E+00   6.752E+03   1.056E-07   2.404E+02  1.20060E-02   0.000E+00   0.000E+00   6.517E+01   9.342E-04   0.000E+00   4   1.047E+02  1   0.000E+00   0.000E+00   0.000E+00
     67  4.79362990244E+03   1.836E+03   1.836E+03   0.000E+00   8.342E+03   1.279E-07   2.453E+02  1.20060E-02   0.000E+00   0.000E+00   6.560E+01   9.983E-04   0.000E+00   7   8.372E+01  1   0.000E+00   0.000E+00   0.000E+00
     68  4.85351259709E+03   1.882E+03   1.882E+03   0.000E+00   1.015E+04   1.517E-07   2.506E+02  1.20060E-02   0.000E+00   0.000E+00   6.587E+01   1.059E-03   0.000E+00   8   5.988E+01  1   0.000E+00   0.000E+00   0.000E+00
     69  4.89148637917E+03   1.932E+03   1.932E+03   0.000E+00   1.202E+04   1.749E-07   2.551E+02  1.20060E-02   0.000E+00   0.000E+00   6.600E+01   1.107E-03   0.000E+00   8   3.797E+01  1   0.000E+00   0.000E+00   0.000E+00
     70  4.91728779851E+03   1.986E+03   1.986E+03   0.000E+00   1.421E+04   2.004E-07   2.591E+02  1.20060E-02   0.000E+00   0.000E+00   6.605E+01   1.145E-03   0.000E+00   8   2.580E+01  1   0.000E+00   0.000E+00   0.000E+00
     71  4.93570003585E+03   2.054E+03   2.054E+03   0.000E+00   1.731E+04   2.356E-07   2.627E+02  1.20060E-02   0.000E+00   0.000E+00   6.605E+01   1.177E-03   0.000E+00   8   1.841E+01  1   0.000E+00   0.000E+00   0.000E+00
     72  4.94765173807E+03   2.680E+05   2.680E+05   0.000E+00   9.487E+13   2.802E+00   3.746E-01  1.20060E-02   0.000E+00   0.000E+00   2.734E+03   7.031E-03   0.000E+00  12   1.195E+01  1   0.000E+00   0.000E+00   0.000E+00
