
 Timestep     Time[yr]           Tc        Tmax        M-Tmax        Pc        Rho_c         R          M        coreHEmass  coreCOmass       Te           L  T_irr     iter#   dt[yr] Phase     mdot     mdotRei    mdot/Rei                                                                               

      1  1.00000000000E+01   4.147E+02   4.147E+02   0.000E+00   6.016E+01   4.084E-09   2.560E+02  3.00151E-03   0.000E+00   0.000E+00   3.883E+01   1.336E-04   0.000E+00  55   1.000E+01  1   0.000E+00   0.000E+00   0.000E+00
      2  1.32768000000E+01   4.149E+02   4.149E+02   0.000E+00   6.030E+01   4.092E-09   2.539E+02  3.00151E-03   0.000E+00   0.000E+00   3.826E+01   1.238E-04   0.000E+00  18   3.277E+00  1   0.000E+00   0.000E+00   0.000E+00
      3  1.58982400000E+01   4.152E+02   4.152E+02   0.000E+00   6.047E+01   4.102E-09   2.524E+02  3.00151E-03   0.000E+00   0.000E+00   3.789E+01   1.176E-04   0.000E+00   3   2.621E+00  1   0.000E+00   0.000E+00   0.000E+00
      4  1.87818240000E+01   4.156E+02   4.156E+02   0.000E+00   6.075E+01   4.117E-09   2.508E+02  3.00151E-03   0.000E+00   0.000E+00   3.756E+01   1.122E-04   0.000E+00   2   2.884E+00  1   0.000E+00   0.000E+00   0.000E+00
      5  2.33955584000E+01   4.164E+02   4.164E+02   0.000E+00   6.121E+01   4.139E-09   2.487E+02  3.00151E-03   0.000E+00   0.000E+00   3.715E+01   1.055E-04   0.000E+00   2   4.614E+00  1   0.000E+00   0.000E+00   0.000E+00
      6  3.07775334400E+01   4.171E+02   4.171E+02   0.000E+00   6.168E+01   4.163E-09   2.460E+02  3.00151E-03   0.000E+00   0.000E+00   3.665E+01   9.785E-05   0.000E+00   3   7.382E+00  1   0.000E+00   0.000E+00   0.000E+00
      7  3.88977059840E+01   4.178E+02   4.178E+02   0.000E+00   6.213E+01   4.186E-09   2.437E+02  3.00151E-03   0.000E+00   0.000E+00   3.621E+01   9.151E-05   0.000E+00   2   8.120E+00  1   0.000E+00   0.000E+00   0.000E+00
      8  5.18899820544E+01   4.188E+02   4.188E+02   0.000E+00   6.276E+01   4.220E-09   2.407E+02  3.00151E-03   0.000E+00   0.000E+00   3.570E+01   8.431E-05   0.000E+00   2   1.299E+01  1   0.000E+00   0.000E+00   0.000E+00
      9  6.61814857318E+01   4.201E+02   4.201E+02   0.000E+00   6.355E+01   4.261E-09   2.378E+02  3.00151E-03   0.000E+00   0.000E+00   3.528E+01   7.851E-05   0.000E+00   2   1.429E+01  1   0.000E+00   0.000E+00   0.000E+00
     10  8.19021397770E+01   4.214E+02   4.214E+02   0.000E+00   6.444E+01   4.305E-09   2.352E+02  3.00151E-03   0.000E+00   0.000E+00   3.493E+01   7.379E-05   0.000E+00   2   1.572E+01  1   0.000E+00   0.000E+00   0.000E+00
     11  9.91948592267E+01   4.228E+02   4.228E+02   0.000E+00   6.534E+01   4.350E-09   2.328E+02  3.00151E-03   0.000E+00   0.000E+00   3.463E+01   6.990E-05   0.000E+00   2   1.729E+01  1   0.000E+00   0.000E+00   0.000E+00
     12  1.18216850621E+02   4.242E+02   4.242E+02   0.000E+00   6.623E+01   4.395E-09   2.306E+02  3.00151E-03   0.000E+00   0.000E+00   3.439E+01   6.665E-05   0.000E+00   2   1.902E+01  1   0.000E+00   0.000E+00   0.000E+00
     13  1.39141041156E+02   4.257E+02   4.257E+02   0.000E+00   6.718E+01   4.443E-09   2.285E+02  3.00151E-03   0.000E+00   0.000E+00   3.419E+01   6.388E-05   0.000E+00   2   2.092E+01  1   0.000E+00   0.000E+00   0.000E+00
     14  1.62157650743E+02   4.274E+02   4.274E+02   0.000E+00   6.832E+01   4.500E-09   2.264E+02  3.00151E-03   0.000E+00   0.000E+00   3.401E+01   6.150E-05   0.000E+00   3   2.302E+01  1   0.000E+00   0.000E+00   0.000E+00
     15  1.87475921289E+02   4.292E+02   4.292E+02   0.000E+00   6.946E+01   4.556E-09   2.246E+02  3.00151E-03   0.000E+00   0.000E+00   3.387E+01   5.952E-05   0.000E+00   3   2.532E+01  1   0.000E+00   0.000E+00   0.000E+00
     16  2.15326018890E+02   4.311E+02   4.311E+02   0.000E+00   7.075E+01   4.620E-09   2.229E+02  3.00151E-03   0.000E+00   0.000E+00   3.377E+01   5.788E-05   0.000E+00   2   2.785E+01  1   0.000E+00   0.000E+00   0.000E+00
     17  2.45961126251E+02   4.332E+02   4.332E+02   0.000E+00   7.216E+01   4.690E-09   2.213E+02  3.00151E-03   0.000E+00   0.000E+00   3.370E+01   5.657E-05   0.000E+00   2   3.064E+01  1   0.000E+00   0.000E+00   0.000E+00
     18  2.79659744349E+02   4.355E+02   4.355E+02   0.000E+00   7.369E+01   4.764E-09   2.197E+02  3.00151E-03   0.000E+00   0.000E+00   3.366E+01   5.554E-05   0.000E+00   2   3.370E+01  1   0.000E+00   0.000E+00   0.000E+00
     19  3.16728224255E+02   4.379E+02   4.379E+02   0.000E+00   7.539E+01   4.847E-09   2.182E+02  3.00151E-03   0.000E+00   0.000E+00   3.365E+01   5.467E-05   0.000E+00   2   3.707E+01  1   0.000E+00   0.000E+00   0.000E+00
     20  3.57503552153E+02   4.406E+02   4.406E+02   0.000E+00   7.730E+01   4.940E-09   2.165E+02  3.00151E-03   0.000E+00   0.000E+00   3.365E+01   5.390E-05   0.000E+00   2   4.078E+01  1   0.000E+00   0.000E+00   0.000E+00
     21  4.02356412840E+02   4.437E+02   4.437E+02   0.000E+00   7.950E+01   5.045E-09   2.149E+02  3.00151E-03   0.000E+00   0.000E+00   3.369E+01   5.329E-05   0.000E+00   2   4.485E+01  1   0.000E+00   0.000E+00   0.000E+00
     22  4.51694559596E+02   4.471E+02   4.471E+02   0.000E+00   8.192E+01   5.158E-09   2.132E+02  3.00151E-03   0.000E+00   0.000E+00   3.374E+01   5.279E-05   0.000E+00   2   4.934E+01  1   0.000E+00   0.000E+00   0.000E+00
     23  5.05966521028E+02   4.505E+02   4.505E+02   0.000E+00   8.449E+01   5.279E-09   2.115E+02  3.00151E-03   0.000E+00   0.000E+00   3.380E+01   5.233E-05   0.000E+00   2   5.427E+01  1   0.000E+00   0.000E+00   0.000E+00
     24  5.65665678603E+02   4.542E+02   4.542E+02   0.000E+00   8.733E+01   5.413E-09   2.096E+02  3.00151E-03   0.000E+00   0.000E+00   3.386E+01   5.178E-05   0.000E+00   2   5.970E+01  1   0.000E+00   0.000E+00   0.000E+00
     25  6.31334751935E+02   4.585E+02   4.585E+02   0.000E+00   9.066E+01   5.567E-09   2.075E+02  3.00151E-03   0.000E+00   0.000E+00   3.393E+01   5.116E-05   0.000E+00   2   6.567E+01  1   0.000E+00   0.000E+00   0.000E+00
     26  7.03570732600E+02   4.631E+02   4.631E+02   0.000E+00   9.433E+01   5.735E-09   2.055E+02  3.00151E-03   0.000E+00   0.000E+00   3.402E+01   5.065E-05   0.000E+00   2   7.224E+01  1   0.000E+00   0.000E+00   0.000E+00
     27  7.83030311332E+02   4.679E+02   4.679E+02   0.000E+00   9.837E+01   5.919E-09   2.033E+02  3.00151E-03   0.000E+00   0.000E+00   3.411E+01   5.010E-05   0.000E+00   2   7.946E+01  1   0.000E+00   0.000E+00   0.000E+00
     28  8.70435847938E+02   4.733E+02   4.733E+02   0.000E+00   1.030E+02   6.127E-09   2.009E+02  3.00151E-03   0.000E+00   0.000E+00   3.420E+01   4.945E-05   0.000E+00   2   8.741E+01  1   0.000E+00   0.000E+00   0.000E+00
     29  9.66581938203E+02   4.790E+02   4.790E+02   0.000E+00   1.081E+02   6.354E-09   1.984E+02  3.00151E-03   0.000E+00   0.000E+00   3.429E+01   4.872E-05   0.000E+00   3   9.615E+01  1   0.000E+00   0.000E+00   0.000E+00
     30  1.07234263750E+03   4.852E+02   4.852E+02   0.000E+00   1.139E+02   6.609E-09   1.957E+02  3.00151E-03   0.000E+00   0.000E+00   3.440E+01   4.807E-05   0.000E+00   3   1.058E+02  1   0.000E+00   0.000E+00   0.000E+00
     31  1.18867940672E+03   4.922E+02   4.922E+02   0.000E+00   1.207E+02   6.902E-09   1.930E+02  3.00151E-03   0.000E+00   0.000E+00   3.453E+01   4.746E-05   0.000E+00   3   1.163E+02  1   0.000E+00   0.000E+00   0.000E+00
     32  1.31664985286E+03   4.993E+02   4.993E+02   0.000E+00   1.280E+02   7.216E-09   1.901E+02  3.00151E-03   0.000E+00   0.000E+00   3.463E+01   4.658E-05   0.000E+00   3   1.280E+02  1   0.000E+00   0.000E+00   0.000E+00
     33  1.45741734362E+03   5.074E+02   5.074E+02   0.000E+00   1.366E+02   7.578E-09   1.872E+02  3.00151E-03   0.000E+00   0.000E+00   3.479E+01   4.602E-05   0.000E+00   3   1.408E+02  1   0.000E+00   0.000E+00   0.000E+00
     34  1.61226158345E+03   5.160E+02   5.160E+02   0.000E+00   1.462E+02   7.976E-09   1.842E+02  3.00151E-03   0.000E+00   0.000E+00   3.493E+01   4.525E-05   0.000E+00   2   1.548E+02  1   0.000E+00   0.000E+00   0.000E+00
     35  1.78259024727E+03   5.251E+02   5.251E+02   0.000E+00   1.570E+02   8.418E-09   1.810E+02  3.00151E-03   0.000E+00   0.000E+00   3.506E+01   4.437E-05   0.000E+00   3   1.703E+02  1   0.000E+00   0.000E+00   0.000E+00
     36  1.96995177747E+03   5.349E+02   5.349E+02   0.000E+00   1.693E+02   8.912E-09   1.778E+02  3.00151E-03   0.000E+00   0.000E+00   3.524E+01   4.370E-05   0.000E+00   3   1.874E+02  1   0.000E+00   0.000E+00   0.000E+00
     37  2.17487716554E+03   5.457E+02   5.457E+02   0.000E+00   1.837E+02   9.478E-09   1.745E+02  3.00151E-03   0.000E+00   0.000E+00   3.543E+01   4.299E-05   0.000E+00   3   2.049E+02  1   0.000E+00   0.000E+00   0.000E+00
     38  2.38287976880E+03   5.562E+02   5.562E+02   0.000E+00   1.986E+02   1.005E-08   1.712E+02  3.00151E-03   0.000E+00   0.000E+00   3.558E+01   4.210E-05   0.000E+00   3   2.080E+02  1   0.000E+00   0.000E+00   0.000E+00
     39  2.60068730096E+03   5.674E+02   5.674E+02   0.000E+00   2.154E+02   1.069E-08   1.681E+02  3.00151E-03   0.000E+00   0.000E+00   3.580E+01   4.161E-05   0.000E+00   3   2.178E+02  1   0.000E+00   0.000E+00   0.000E+00
     40  2.82560217973E+03   5.785E+02   5.785E+02   0.000E+00   2.331E+02   1.135E-08   1.649E+02  3.00151E-03   0.000E+00   0.000E+00   3.594E+01   4.063E-05   0.000E+00   3   2.249E+02  1   0.000E+00   0.000E+00   0.000E+00
     41  3.05581396239E+03   5.900E+02   5.900E+02   0.000E+00   2.525E+02   1.205E-08   1.619E+02  3.00151E-03   0.000E+00   0.000E+00   3.616E+01   4.018E-05   0.000E+00   3   2.302E+02  1   0.000E+00   0.000E+00   0.000E+00
     42  3.29561002721E+03   6.016E+02   6.016E+02   0.000E+00   2.734E+02   1.280E-08   1.589E+02  3.00151E-03   0.000E+00   0.000E+00   3.632E+01   3.935E-05   0.000E+00   3   2.398E+02  1   0.000E+00   0.000E+00   0.000E+00
     43  3.54188069926E+03   6.133E+02   6.133E+02   0.000E+00   2.960E+02   1.359E-08   1.559E+02  3.00151E-03   0.000E+00   0.000E+00   3.648E+01   3.857E-05   0.000E+00   3   2.463E+02  1   0.000E+00   0.000E+00   0.000E+00
     44  3.79908386489E+03   6.251E+02   6.251E+02   0.000E+00   3.204E+02   1.443E-08   1.531E+02  3.00151E-03   0.000E+00   0.000E+00   3.668E+01   3.800E-05   0.000E+00   3   2.572E+02  1   0.000E+00   0.000E+00   0.000E+00
     45  4.07014112544E+03   6.377E+02   6.377E+02   0.000E+00   3.478E+02   1.536E-08   1.502E+02  3.00151E-03   0.000E+00   0.000E+00   3.689E+01   3.744E-05   0.000E+00   3   2.711E+02  1   0.000E+00   0.000E+00   0.000E+00
     46  4.34614929919E+03   6.500E+02   6.500E+02   0.000E+00   3.763E+02   1.630E-08   1.473E+02  3.00151E-03   0.000E+00   0.000E+00   3.698E+01   3.635E-05   0.000E+00   3   2.760E+02  1   0.000E+00   0.000E+00   0.000E+00
     47  4.62716583964E+03   6.629E+02   6.629E+02   0.000E+00   4.076E+02   1.731E-08   1.448E+02  3.00151E-03   0.000E+00   0.000E+00   3.728E+01   3.628E-05   0.000E+00   3   2.810E+02  1   0.000E+00   0.000E+00   0.000E+00
     48  4.91878312449E+03   6.762E+02   6.762E+02   0.000E+00   4.411E+02   1.837E-08   1.421E+02  3.00151E-03   0.000E+00   0.000E+00   3.743E+01   3.550E-05   0.000E+00   2   2.916E+02  1   0.000E+00   0.000E+00   0.000E+00
     49  5.15207695238E+03   6.872E+02   6.872E+02   0.000E+00   4.701E+02   1.926E-08   1.399E+02  3.00151E-03   0.000E+00   0.000E+00   3.754E+01   3.485E-05   0.000E+00   2   2.333E+02  1   0.000E+00   0.000E+00   0.000E+00
     50  5.40870016305E+03   6.991E+02   6.991E+02   0.000E+00   5.030E+02   2.026E-08   1.379E+02  3.00151E-03   0.000E+00   0.000E+00   3.775E+01   3.461E-05   0.000E+00   4   2.566E+02  1   0.000E+00   0.000E+00   0.000E+00
     51  5.69098569478E+03   7.117E+02   7.117E+02   0.000E+00   5.401E+02   2.137E-08   1.356E+02  3.00151E-03   0.000E+00   0.000E+00   3.790E+01   3.400E-05   0.000E+00   3   2.823E+02  1   0.000E+00   0.000E+00   0.000E+00
     52  6.00005485226E+03   7.254E+02   7.254E+02   0.000E+00   5.829E+02   2.262E-08   1.333E+02  3.00151E-03   0.000E+00   0.000E+00   3.811E+01   3.357E-05   0.000E+00   3   3.091E+02  1   0.000E+00   0.000E+00   0.000E+00
     53  6.32759001908E+03   7.391E+02   7.391E+02   0.000E+00   6.289E+02   2.396E-08   1.309E+02  3.00151E-03   0.000E+00   0.000E+00   3.822E+01   3.278E-05   0.000E+00   3   3.275E+02  1   0.000E+00   0.000E+00   0.000E+00
     54  6.67261974460E+03   7.534E+02   7.534E+02   0.000E+00   6.800E+02   2.541E-08   1.287E+02  3.00151E-03   0.000E+00   0.000E+00   3.845E+01   3.243E-05   0.000E+00   3   3.450E+02  1   0.000E+00   0.000E+00   0.000E+00
     55  7.03534094836E+03   7.684E+02   7.684E+02   0.000E+00   7.370E+02   2.700E-08   1.264E+02  3.00151E-03   0.000E+00   0.000E+00   3.871E+01   3.215E-05   0.000E+00   3   3.627E+02  1   0.000E+00   0.000E+00   0.000E+00
     56  7.40674173491E+03   7.832E+02   7.832E+02   0.000E+00   7.974E+02   2.867E-08   1.241E+02  3.00151E-03   0.000E+00   0.000E+00   3.883E+01   3.138E-05   0.000E+00   3   3.714E+02  1   0.000E+00   0.000E+00   0.000E+00
     57  7.78956405005E+03   7.982E+02   7.982E+02   0.000E+00   8.631E+02   3.044E-08   1.219E+02  3.00151E-03   0.000E+00   0.000E+00   3.900E+01   3.083E-05   0.000E+00   3   3.828E+02  1   0.000E+00   0.000E+00   0.000E+00
     58  8.19205706645E+03   8.138E+02   8.138E+02   0.000E+00   9.356E+02   3.237E-08   1.199E+02  3.00151E-03   0.000E+00   0.000E+00   3.932E+01   3.077E-05   0.000E+00   3   4.025E+02  1   0.000E+00   0.000E+00   0.000E+00
     59  8.61494557400E+03   8.295E+02   8.295E+02   0.000E+00   1.015E+03   3.445E-08   1.176E+02  3.00151E-03   0.000E+00   0.000E+00   3.942E+01   2.993E-05   0.000E+00   3   4.229E+02  1   0.000E+00   0.000E+00   0.000E+00
     60  9.04000125197E+03   8.454E+02   8.454E+02   0.000E+00   1.100E+03   3.664E-08   1.156E+02  3.00151E-03   0.000E+00   0.000E+00   3.965E+01   2.962E-05   0.000E+00   3   4.251E+02  1   0.000E+00   0.000E+00   0.000E+00
     61  9.49203745818E+03   8.617E+02   8.617E+02   0.000E+00   1.195E+03   3.903E-08   1.136E+02  3.00151E-03   0.000E+00   0.000E+00   3.992E+01   2.937E-05   0.000E+00   3   4.520E+02  1   0.000E+00   0.000E+00   0.000E+00
     62  9.95935790803E+03   8.784E+02   8.784E+02   0.000E+00   1.297E+03   4.158E-08   1.115E+02  3.00151E-03   0.000E+00   0.000E+00   4.008E+01   2.877E-05   0.000E+00   3   4.673E+02  1   0.000E+00   0.000E+00   0.000E+00
     63  1.04325972577E+04   8.956E+02   8.956E+02   0.000E+00   1.409E+03   4.430E-08   1.097E+02  3.00151E-03   0.000E+00   0.000E+00   4.038E+01   2.865E-05   0.000E+00   3   4.732E+02  1   0.000E+00   0.000E+00   0.000E+00
     64  1.09263676687E+04   9.131E+02   9.131E+02   0.000E+00   1.531E+03   4.719E-08   1.077E+02  3.00151E-03   0.000E+00   0.000E+00   4.054E+01   2.811E-05   0.000E+00   2   4.938E+02  1   0.000E+00   0.000E+00   0.000E+00
     65  1.14238935480E+04   9.304E+02   9.304E+02   0.000E+00   1.658E+03   5.016E-08   1.059E+02  3.00151E-03   0.000E+00   0.000E+00   4.065E+01   2.744E-05   0.000E+00   3   4.975E+02  1   0.000E+00   0.000E+00   0.000E+00
     66  1.19401035505E+04   9.489E+02   9.489E+02   0.000E+00   1.800E+03   5.342E-08   1.042E+02  3.00151E-03   0.000E+00   0.000E+00   4.111E+01   2.780E-05   0.000E+00   2   5.162E+02  1   0.000E+00   0.000E+00   0.000E+00
     67  1.24742702126E+04   9.679E+02   9.679E+02   0.000E+00   1.955E+03   5.688E-08   1.024E+02  3.00151E-03   0.000E+00   0.000E+00   4.133E+01   2.744E-05   0.000E+00   2   5.342E+02  1   0.000E+00   0.000E+00   0.000E+00
     68  1.29016035422E+04   9.833E+02   9.833E+02   0.000E+00   2.089E+03   5.981E-08   1.010E+02  3.00151E-03   0.000E+00   0.000E+00   4.137E+01   2.677E-05   0.000E+00   3   4.273E+02  1   0.000E+00   0.000E+00   0.000E+00
     69  1.33716702048E+04   1.000E+03   1.000E+03   0.000E+00   2.243E+03   6.312E-08   9.957E+01  3.00151E-03   0.000E+00   0.000E+00   4.160E+01   2.662E-05   0.000E+00   3   4.701E+02  1   0.000E+00   0.000E+00   0.000E+00
     70  1.38887435337E+04   1.019E+03   1.019E+03   0.000E+00   2.419E+03   6.684E-08   9.811E+01  3.00151E-03   0.000E+00   0.000E+00   4.194E+01   2.669E-05   0.000E+00   3   5.171E+02  1   0.000E+00   0.000E+00   0.000E+00
     71  1.44575090559E+04   1.039E+03   1.039E+03   0.000E+00   2.623E+03   7.107E-08   9.651E+01  3.00151E-03   0.000E+00   0.000E+00   4.222E+01   2.652E-05   0.000E+00   2   5.688E+02  1   0.000E+00   0.000E+00   0.000E+00
     72  1.50312547463E+04   1.059E+03   1.059E+03   0.000E+00   2.839E+03   7.547E-08   9.495E+01  3.00151E-03   0.000E+00   0.000E+00   4.242E+01   2.617E-05   0.000E+00   3   5.737E+02  1   0.000E+00   0.000E+00   0.000E+00
     73  1.56295114995E+04   1.080E+03   1.080E+03   0.000E+00   3.077E+03   8.024E-08   9.347E+01  3.00151E-03   0.000E+00   0.000E+00   4.270E+01   2.602E-05   0.000E+00   3   5.983E+02  1   0.000E+00   0.000E+00   0.000E+00
     74  1.62515236415E+04   1.101E+03   1.101E+03   0.000E+00   3.337E+03   8.534E-08   9.197E+01  3.00151E-03   0.000E+00   0.000E+00   4.285E+01   2.557E-05   0.000E+00   3   6.220E+02  1   0.000E+00   0.000E+00   0.000E+00
     75  1.68845699956E+04   1.123E+03   1.123E+03   0.000E+00   3.622E+03   9.079E-08   9.054E+01  3.00151E-03   0.000E+00   0.000E+00   4.320E+01   2.559E-05   0.000E+00   2   6.330E+02  1   0.000E+00   0.000E+00   0.000E+00
     76  1.75398444990E+04   1.146E+03   1.146E+03   0.000E+00   3.932E+03   9.663E-08   8.910E+01  3.00151E-03   0.000E+00   0.000E+00   4.363E+01   2.577E-05   0.000E+00   3   6.553E+02  1   0.000E+00   0.000E+00   0.000E+00
     77  1.82057023379E+04   1.169E+03   1.169E+03   0.000E+00   4.271E+03   1.029E-07   8.764E+01  3.00151E-03   0.000E+00   0.000E+00   4.395E+01   2.568E-05   0.000E+00   2   6.659E+02  1   0.000E+00   0.000E+00   0.000E+00
     78  1.87383886090E+04   1.189E+03   1.189E+03   0.000E+00   4.566E+03   1.082E-07   8.645E+01  3.00151E-03   0.000E+00   0.000E+00   4.403E+01   2.518E-05   0.000E+00   2   5.327E+02  1   0.000E+00   0.000E+00   0.000E+00
     79  1.93243435072E+04   1.210E+03   1.210E+03   0.000E+00   4.905E+03   1.141E-07   8.529E+01  3.00151E-03   0.000E+00   0.000E+00   4.425E+01   2.499E-05   0.000E+00   3   5.860E+02  1   0.000E+00   0.000E+00   0.000E+00
     80  1.99688938952E+04   1.233E+03   1.233E+03   0.000E+00   5.295E+03   1.209E-07   8.407E+01  3.00151E-03   0.000E+00   0.000E+00   4.475E+01   2.540E-05   0.000E+00   3   6.446E+02  1   0.000E+00   0.000E+00   0.000E+00
     81  2.06727191433E+04   1.258E+03   1.258E+03   0.000E+00   5.746E+03   1.285E-07   8.269E+01  3.00151E-03   0.000E+00   0.000E+00   4.510E+01   2.535E-05   0.000E+00   2   7.038E+02  1   0.000E+00   0.000E+00   0.000E+00
     82  2.13786708428E+04   1.283E+03   1.283E+03   0.000E+00   6.221E+03   1.365E-07   8.140E+01  3.00151E-03   0.000E+00   0.000E+00   4.525E+01   2.490E-05   0.000E+00   3   7.060E+02  1   0.000E+00   0.000E+00   0.000E+00
     83  2.21268546966E+04   1.309E+03   1.309E+03   0.000E+00   6.760E+03   1.454E-07   8.013E+01  3.00151E-03   0.000E+00   0.000E+00   4.571E+01   2.511E-05   0.000E+00   3   7.482E+02  1   0.000E+00   0.000E+00   0.000E+00
     84  2.29074334846E+04   1.335E+03   1.335E+03   0.000E+00   7.362E+03   1.552E-07   7.881E+01  3.00151E-03   0.000E+00   0.000E+00   4.607E+01   2.507E-05   0.000E+00   2   7.806E+02  1   0.000E+00   0.000E+00   0.000E+00
     85  2.36931362747E+04   1.362E+03   1.362E+03   0.000E+00   8.007E+03   1.656E-07   7.754E+01  3.00151E-03   0.000E+00   0.000E+00   4.633E+01   2.482E-05   0.000E+00   3   7.857E+02  1   0.000E+00   0.000E+00   0.000E+00
     86  2.45060690608E+04   1.389E+03   1.389E+03   0.000E+00   8.732E+03   1.770E-07   7.622E+01  3.00151E-03   0.000E+00   0.000E+00   4.688E+01   2.515E-05   0.000E+00   3   8.129E+02  1   0.000E+00   0.000E+00   0.000E+00
     87  2.53291039105E+04   1.417E+03   1.417E+03   0.000E+00   9.529E+03   1.893E-07   7.484E+01  3.00151E-03   0.000E+00   0.000E+00   4.736E+01   2.526E-05   0.000E+00   2   8.230E+02  1   0.000E+00   0.000E+00   0.000E+00
     88  2.59875317902E+04   1.442E+03   1.442E+03   0.000E+00   1.025E+04   2.002E-07   7.371E+01  3.00151E-03   0.000E+00   0.000E+00   4.766E+01   2.512E-05   0.000E+00   2   6.584E+02  1   0.000E+00   0.000E+00   0.000E+00
     89  2.67118024578E+04   1.468E+03   1.468E+03   0.000E+00   1.107E+04   2.124E-07   7.257E+01  3.00151E-03   0.000E+00   0.000E+00   4.786E+01   2.477E-05   0.000E+00   3   7.243E+02  1   0.000E+00   0.000E+00   0.000E+00
     90  2.75085001923E+04   1.496E+03   1.496E+03   0.000E+00   1.203E+04   2.263E-07   7.140E+01  3.00151E-03   0.000E+00   0.000E+00   4.824E+01   2.475E-05   0.000E+00   3   7.967E+02  1   0.000E+00   0.000E+00   0.000E+00
     91  2.83533186488E+04   1.526E+03   1.526E+03   0.000E+00   1.310E+04   2.417E-07   7.010E+01  3.00151E-03   0.000E+00   0.000E+00   4.876E+01   2.489E-05   0.000E+00   3   8.448E+02  1   0.000E+00   0.000E+00   0.000E+00
     92  2.92156972324E+04   1.557E+03   1.557E+03   0.000E+00   1.429E+04   2.584E-07   6.875E+01  3.00151E-03   0.000E+00   0.000E+00   4.925E+01   2.492E-05   0.000E+00   2   8.624E+02  1   0.000E+00   0.000E+00   0.000E+00
     93  3.00811299607E+04   1.587E+03   1.587E+03   0.000E+00   1.556E+04   2.761E-07   6.747E+01  3.00151E-03   0.000E+00   0.000E+00   4.961E+01   2.471E-05   0.000E+00   3   8.654E+02  1   0.000E+00   0.000E+00   0.000E+00
     94  3.09703419405E+04   1.618E+03   1.618E+03   0.000E+00   1.697E+04   2.954E-07   6.626E+01  3.00151E-03   0.000E+00   0.000E+00   4.984E+01   2.428E-05   0.000E+00   3   8.892E+02  1   0.000E+00   0.000E+00   0.000E+00
     95  3.18815723335E+04   1.648E+03   1.648E+03   0.000E+00   1.855E+04   3.168E-07   6.503E+01  3.00151E-03   0.000E+00   0.000E+00   5.032E+01   2.431E-05   0.000E+00   3   9.112E+02  1   0.000E+00   0.000E+00   0.000E+00
     96  3.28242317416E+04   1.678E+03   1.678E+03   0.000E+00   2.032E+04   3.407E-07   6.377E+01  3.00151E-03   0.000E+00   0.000E+00   5.076E+01   2.419E-05   0.000E+00   2   9.427E+02  1   0.000E+00   0.000E+00   0.000E+00
     97  3.37753383554E+04   1.707E+03   1.707E+03   0.000E+00   2.225E+04   3.668E-07   6.256E+01  3.00151E-03   0.000E+00   0.000E+00   5.112E+01   2.394E-05   0.000E+00   3   9.511E+02  1   0.000E+00   0.000E+00   0.000E+00
     98  3.47528218429E+04   1.731E+03   1.731E+03   0.000E+00   2.446E+04   3.977E-07   6.139E+01  3.00151E-03   0.000E+00   0.000E+00   5.145E+01   2.367E-05   0.000E+00   7   9.775E+02  1   0.000E+00   0.000E+00   0.000E+00
     99  3.55348086329E+04   1.746E+03   1.746E+03   0.000E+00   2.651E+04   4.275E-07   6.037E+01  3.00151E-03   0.000E+00   0.000E+00   5.193E+01   2.376E-05   0.000E+00   5   7.820E+02  1   0.000E+00   0.000E+00   0.000E+00
    100  3.63167954228E+04   1.756E+03   1.756E+03   0.000E+00   2.883E+04   4.621E-07   5.935E+01  3.00151E-03   0.000E+00   0.000E+00   5.234E+01   2.369E-05   0.000E+00   3   7.820E+02  1   0.000E+00   0.000E+00   0.000E+00
    101  3.71701448809E+04   1.765E+03   1.765E+03   0.000E+00   3.166E+04   5.051E-07   5.829E+01  3.00151E-03   0.000E+00   0.000E+00   5.273E+01   2.355E-05   0.000E+00   4   8.533E+02  1   0.000E+00   0.000E+00   0.000E+00
    102  3.80870277346E+04   1.772E+03   1.772E+03   0.000E+00   3.515E+04   5.582E-07   5.723E+01  3.00151E-03   0.000E+00   0.000E+00   5.312E+01   2.337E-05   0.000E+00   3   9.169E+02  1   0.000E+00   0.000E+00   0.000E+00
    103  3.90832527906E+04   1.778E+03   1.778E+03   0.000E+00   3.946E+04   6.244E-07   5.621E+01  3.00151E-03   0.000E+00   0.000E+00   5.350E+01   2.319E-05   0.000E+00   3   9.962E+02  1   0.000E+00   0.000E+00   0.000E+00
    104  4.01766854345E+04   1.785E+03   1.785E+03   0.000E+00   4.502E+04   7.095E-07   5.523E+01  3.00151E-03   0.000E+00   0.000E+00   5.390E+01   2.307E-05   0.000E+00   3   1.093E+03  1   0.000E+00   0.000E+00   0.000E+00
    105  4.13730927254E+04   1.792E+03   1.792E+03   0.000E+00   5.226E+04   8.206E-07   5.446E+01  3.00151E-03   0.000E+00   0.000E+00   5.415E+01   2.286E-05   0.000E+00   4   1.196E+03  1   0.000E+00   0.000E+00   0.000E+00
    106  4.26891407455E+04   1.802E+03   1.802E+03   0.000E+00   6.226E+04   9.724E-07   5.377E+01  3.00151E-03   0.000E+00   0.000E+00   5.465E+01   2.310E-05   0.000E+00   4   1.316E+03  1   0.000E+00   0.000E+00   0.000E+00
    107  4.41117954370E+04   1.818E+03   1.818E+03   0.000E+00   7.647E+04   1.184E-06   5.328E+01  3.00151E-03   0.000E+00   0.000E+00   5.521E+01   2.364E-05   0.000E+00   4   1.423E+03  1   0.000E+00   0.000E+00   0.000E+00
    108  4.52499191902E+04   1.839E+03   1.839E+03   0.000E+00   9.248E+04   1.415E-06   5.321E+01  3.00151E-03   0.000E+00   0.000E+00   5.563E+01   2.430E-05   0.000E+00   4   1.138E+03  1   0.000E+00   0.000E+00   0.000E+00
    109  4.61604181928E+04   1.864E+03   1.864E+03   0.000E+00   1.101E+05   1.662E-06   5.358E+01  3.00151E-03   0.000E+00   0.000E+00   5.579E+01   2.492E-05   0.000E+00   5   9.105E+02  1   0.000E+00   0.000E+00   0.000E+00
    110  4.68888173948E+04   1.894E+03   1.894E+03   0.000E+00   1.294E+05   1.922E-06   5.406E+01  3.00151E-03   0.000E+00   0.000E+00   5.612E+01   2.598E-05   0.000E+00   4   7.284E+02  1   0.000E+00   0.000E+00   0.000E+00
    111  4.74715367565E+04   1.926E+03   1.926E+03   0.000E+00   1.496E+05   2.186E-06   5.469E+01  3.00151E-03   0.000E+00   0.000E+00   5.638E+01   2.708E-05   0.000E+00   4   5.827E+02  1   0.000E+00   0.000E+00   0.000E+00
    112  4.79377122458E+04   1.960E+03   1.960E+03   0.000E+00   1.712E+05   2.456E-06   5.545E+01  3.00151E-03   0.000E+00   0.000E+00   5.652E+01   2.813E-05   0.000E+00   4   4.662E+02  1   0.000E+00   0.000E+00   0.000E+00
    113  4.83106526372E+04   1.995E+03   1.995E+03   0.000E+00   1.937E+05   2.730E-06   5.632E+01  3.00151E-03   0.000E+00   0.000E+00   5.657E+01   2.912E-05   0.000E+00   4   3.729E+02  1   0.000E+00   0.000E+00   0.000E+00
    114  4.86090049504E+04   2.030E+03   2.030E+03   0.000E+00   2.173E+05   3.006E-06   5.714E+01  3.00151E-03   0.000E+00   0.000E+00   5.681E+01   3.048E-05   0.000E+00   3   2.984E+02  1   0.000E+00   0.000E+00   0.000E+00
    115  4.88476868009E+04   2.064E+03   2.064E+03   0.000E+00   2.407E+05   3.276E-06   5.791E+01  3.00151E-03   0.000E+00   0.000E+00   5.700E+01   3.171E-05   0.000E+00   3   2.387E+02  1   0.000E+00   0.000E+00   0.000E+00
    116  4.90978042816E+04   2.110E+03   2.110E+03   0.000E+00   2.725E+05   3.629E-06   5.893E+01  3.00151E-03   0.000E+00   0.000E+00   5.715E+01   3.320E-05   0.000E+00   3   2.501E+02  1   0.000E+00   0.000E+00   0.000E+00
    117  4.92978982662E+04   2.157E+03   2.157E+03   0.000E+00   3.074E+05   4.002E-06   5.997E+01  3.00151E-03   0.000E+00   0.000E+00   5.722E+01   3.456E-05   0.000E+00   4   2.001E+02  1   0.000E+00   0.000E+00   0.000E+00
    118  4.94579734539E+04   2.208E+03   2.208E+03   0.000E+00   3.474E+05   4.416E-06   6.102E+01  3.00151E-03   0.000E+00   0.000E+00   5.723E+01   3.580E-05   0.000E+00   4   1.601E+02  1   0.000E+00   0.000E+00   0.000E+00
    119  4.95860336040E+04   2.266E+03   2.266E+03   0.000E+00   3.970E+05   4.914E-06   6.212E+01  3.00151E-03   0.000E+00   0.000E+00   5.713E+01   3.685E-05   0.000E+00   5   1.281E+02  1   0.000E+00   0.000E+00   0.000E+00
    120  4.96884817241E+04   2.338E+03   2.338E+03   0.000E+00   4.678E+05   5.600E-06   6.316E+01  3.00151E-03   0.000E+00   0.000E+00   5.727E+01   3.845E-05   0.000E+00   4   1.024E+02  1   0.000E+00   0.000E+00   0.000E+00
    121  4.97704402202E+04   9.811E+04   9.811E+04   0.000E+00   1.806E+13   1.560E+00   3.109E-01  3.00151E-03   0.000E+00   0.000E+00   7.132E+02   2.241E-05   0.000E+00   6   8.196E+01  1   0.000E+00   0.000E+00   0.000E+00
