
 Timestep     Time[yr]           Tc        Tmax        M-Tmax        Pc        Rho_c         R          M        coreHEmass  coreCOmass       Te           L  T_irr     iter#   dt[yr] Phase     mdot     mdotRei    mdot/Rei 

      1  1.00000000000E+01   6.494E+02   6.494E+02   0.000E+00   3.254E+01   1.411E-09   4.688E+02  1.00050E-02   0.000E+00   0.000E+00   5.542E+01   1.859E-03   0.000E+00  87   1.000E+01  1   0.000E+00   0.000E+00   0.000E+00
      2  1.30998298016E+01   6.517E+02   6.517E+02   0.000E+00   3.300E+01   1.426E-09   4.611E+02  1.00050E-02   0.000E+00   0.000E+00   5.332E+01   1.540E-03   0.000E+00  29   3.100E+00  1   0.000E+00   0.000E+00   0.000E+00
      3  1.55796936430E+01   6.531E+02   6.531E+02   0.000E+00   3.331E+01   1.436E-09   4.565E+02  1.00050E-02   0.000E+00   0.000E+00   5.206E+01   1.372E-03   0.000E+00   4   2.480E+00  1   0.000E+00   0.000E+00   0.000E+00
      4  1.83075438684E+01   6.548E+02   6.548E+02   0.000E+00   3.367E+01   1.448E-09   4.525E+02  1.00050E-02   0.000E+00   0.000E+00   5.103E+01   1.244E-03   0.000E+00   2   2.728E+00  1   0.000E+00   0.000E+00   0.000E+00
      5  2.13081791164E+01   6.566E+02   6.566E+02   0.000E+00   3.408E+01   1.461E-09   4.492E+02  1.00050E-02   0.000E+00   0.000E+00   5.022E+01   1.150E-03   0.000E+00   2   3.001E+00  1   0.000E+00   0.000E+00   0.000E+00
      6  2.46088778892E+01   6.581E+02   6.581E+02   0.000E+00   3.442E+01   1.472E-09   4.467E+02  1.00050E-02   0.000E+00   0.000E+00   4.957E+01   1.080E-03   0.000E+00   3   3.301E+00  1   0.000E+00   0.000E+00   0.000E+00
      7  2.82396465392E+01   6.596E+02   6.596E+02   0.000E+00   3.476E+01   1.484E-09   4.445E+02  1.00050E-02   0.000E+00   0.000E+00   4.906E+01   1.025E-03   0.000E+00   2   3.631E+00  1   0.000E+00   0.000E+00   0.000E+00
      8  3.40488763794E+01   6.618E+02   6.618E+02   0.000E+00   3.529E+01   1.501E-09   4.422E+02  1.00050E-02   0.000E+00   0.000E+00   4.855E+01   9.731E-04   0.000E+00   3   5.809E+00  1   0.000E+00   0.000E+00   0.000E+00
      9  4.04390292035E+01   6.642E+02   6.642E+02   0.000E+00   3.588E+01   1.521E-09   4.403E+02  1.00050E-02   0.000E+00   0.000E+00   4.824E+01   9.410E-04   0.000E+00   2   6.390E+00  1   0.000E+00   0.000E+00   0.000E+00
     10  4.74681973100E+01   6.667E+02   6.667E+02   0.000E+00   3.650E+01   1.541E-09   4.389E+02  1.00050E-02   0.000E+00   0.000E+00   4.811E+01   9.250E-04   0.000E+00   2   7.029E+00  1   0.000E+00   0.000E+00   0.000E+00
     11  5.87148662805E+01   6.706E+02   6.706E+02   0.000E+00   3.749E+01   1.574E-09   4.370E+02  1.00050E-02   0.000E+00   0.000E+00   4.799E+01   9.078E-04   0.000E+00   2   1.125E+01  1   0.000E+00   0.000E+00   0.000E+00
     12  7.10862021480E+01   6.751E+02   6.751E+02   0.000E+00   3.863E+01   1.611E-09   4.352E+02  1.00050E-02   0.000E+00   0.000E+00   4.804E+01   9.037E-04   0.000E+00   3   1.237E+01  1   0.000E+00   0.000E+00   0.000E+00
     13  8.46946716022E+01   6.803E+02   6.803E+02   0.000E+00   3.994E+01   1.654E-09   4.335E+02  1.00050E-02   0.000E+00   0.000E+00   4.822E+01   9.105E-04   0.000E+00   2   1.361E+01  1   0.000E+00   0.000E+00   0.000E+00
     14  9.96639880019E+01   6.860E+02   6.860E+02   0.000E+00   4.143E+01   1.701E-09   4.316E+02  1.00050E-02   0.000E+00   0.000E+00   4.847E+01   9.213E-04   0.000E+00   2   1.497E+01  1   0.000E+00   0.000E+00   0.000E+00
     15  1.16130236042E+02   6.922E+02   6.922E+02   0.000E+00   4.308E+01   1.753E-09   4.296E+02  1.00050E-02   0.000E+00   0.000E+00   4.872E+01   9.320E-04   0.000E+00   2   1.647E+01  1   0.000E+00   0.000E+00   0.000E+00
     16  1.34243108885E+02   6.992E+02   6.992E+02   0.000E+00   4.497E+01   1.811E-09   4.270E+02  1.00050E-02   0.000E+00   0.000E+00   4.883E+01   9.286E-04   0.000E+00   4   1.811E+01  1   0.000E+00   0.000E+00   0.000E+00
     17  1.54167269013E+02   7.067E+02   7.067E+02   0.000E+00   4.708E+01   1.876E-09   4.246E+02  1.00050E-02   0.000E+00   0.000E+00   4.912E+01   9.404E-04   0.000E+00   3   1.992E+01  1   0.000E+00   0.000E+00   0.000E+00
     18  1.76083845154E+02   7.151E+02   7.151E+02   0.000E+00   4.950E+01   1.949E-09   4.217E+02  1.00050E-02   0.000E+00   0.000E+00   4.945E+01   9.534E-04   0.000E+00   2   2.192E+01  1   0.000E+00   0.000E+00   0.000E+00
     19  2.00192078909E+02   7.247E+02   7.247E+02   0.000E+00   5.234E+01   2.034E-09   4.184E+02  1.00050E-02   0.000E+00   0.000E+00   4.979E+01   9.643E-04   0.000E+00   2   2.411E+01  1   0.000E+00   0.000E+00   0.000E+00
     20  2.26711136039E+02   7.352E+02   7.352E+02   0.000E+00   5.562E+01   2.130E-09   4.147E+02  1.00050E-02   0.000E+00   0.000E+00   5.021E+01   9.800E-04   0.000E+00   2   2.652E+01  1   0.000E+00   0.000E+00   0.000E+00
     21  2.55882098882E+02   7.463E+02   7.463E+02   0.000E+00   5.925E+01   2.235E-09   4.105E+02  1.00050E-02   0.000E+00   0.000E+00   5.035E+01   9.701E-04   0.000E+00   3   2.917E+01  1   0.000E+00   0.000E+00   0.000E+00
     22  2.87970158010E+02   7.585E+02   7.585E+02   0.000E+00   6.344E+01   2.355E-09   4.063E+02  1.00050E-02   0.000E+00   0.000E+00   5.076E+01   9.823E-04   0.000E+00   3   3.209E+01  1   0.000E+00   0.000E+00   0.000E+00
     23  3.23267023050E+02   7.719E+02   7.719E+02   0.000E+00   6.831E+01   2.492E-09   4.015E+02  1.00050E-02   0.000E+00   0.000E+00   5.121E+01   9.941E-04   0.000E+00   2   3.530E+01  1   0.000E+00   0.000E+00   0.000E+00
     24  3.62093574595E+02   7.867E+02   7.867E+02   0.000E+00   7.402E+01   2.649E-09   3.962E+02  1.00050E-02   0.000E+00   0.000E+00   5.146E+01   9.865E-04   0.000E+00   3   3.883E+01  1   0.000E+00   0.000E+00   0.000E+00
     25  4.04390587699E+02   8.025E+02   8.025E+02   0.000E+00   8.055E+01   2.826E-09   3.909E+02  1.00050E-02   0.000E+00   0.000E+00   5.197E+01   9.984E-04   0.000E+00   3   4.230E+01  1   0.000E+00   0.000E+00   0.000E+00
     26  4.49728531457E+02   8.194E+02   8.194E+02   0.000E+00   8.801E+01   3.024E-09   3.850E+02  1.00050E-02   0.000E+00   0.000E+00   5.248E+01   1.008E-03   0.000E+00   2   4.534E+01  1   0.000E+00   0.000E+00   0.000E+00
     27  4.95195557043E+02   8.363E+02   8.363E+02   0.000E+00   9.604E+01   3.233E-09   3.794E+02  1.00050E-02   0.000E+00   0.000E+00   5.276E+01   9.997E-04   0.000E+00   3   4.547E+01  1   0.000E+00   0.000E+00   0.000E+00
     28  5.41315115350E+02   8.535E+02   8.535E+02   0.000E+00   1.048E+02   3.456E-09   3.738E+02  1.00050E-02   0.000E+00   0.000E+00   5.328E+01   1.010E-03   0.000E+00   3   4.612E+01  1   0.000E+00   0.000E+00   0.000E+00
     29  5.89364075624E+02   8.715E+02   8.715E+02   0.000E+00   1.146E+02   3.701E-09   3.680E+02  1.00050E-02   0.000E+00   0.000E+00   5.384E+01   1.020E-03   0.000E+00   2   4.805E+01  1   0.000E+00   0.000E+00   0.000E+00
     30  6.27803243843E+02   8.865E+02   8.865E+02   0.000E+00   1.232E+02   3.914E-09   3.631E+02  1.00050E-02   0.000E+00   0.000E+00   5.430E+01   1.027E-03   0.000E+00   3   3.844E+01  1   0.000E+00   0.000E+00   0.000E+00
     31  6.70086328884E+02   9.030E+02   9.030E+02   0.000E+00   1.333E+02   4.156E-09   3.580E+02  1.00050E-02   0.000E+00   0.000E+00   5.447E+01   1.011E-03   0.000E+00   4   4.228E+01  1   0.000E+00   0.000E+00   0.000E+00
     32  7.16597722430E+02   9.210E+02   9.210E+02   0.000E+00   1.449E+02   4.430E-09   3.528E+02  1.00050E-02   0.000E+00   0.000E+00   5.503E+01   1.023E-03   0.000E+00   3   4.651E+01  1   0.000E+00   0.000E+00   0.000E+00
     33  7.66398810723E+02   9.404E+02   9.404E+02   0.000E+00   1.581E+02   4.733E-09   3.472E+02  1.00050E-02   0.000E+00   0.000E+00   5.557E+01   1.030E-03   0.000E+00   2   4.980E+01  1   0.000E+00   0.000E+00   0.000E+00
     34  8.06239681358E+02   9.567E+02   9.567E+02   0.000E+00   1.698E+02   4.996E-09   3.425E+02  1.00050E-02   0.000E+00   0.000E+00   5.601E+01   1.034E-03   0.000E+00   3   3.984E+01  1   0.000E+00   0.000E+00   0.000E+00
     35  8.50064639056E+02   9.748E+02   9.748E+02   0.000E+00   1.833E+02   5.294E-09   3.378E+02  1.00050E-02   0.000E+00   0.000E+00   5.622E+01   1.021E-03   0.000E+00   3   4.382E+01  1   0.000E+00   0.000E+00   0.000E+00
     36  8.98079948021E+02   9.943E+02   9.943E+02   0.000E+00   1.987E+02   5.627E-09   3.328E+02  1.00050E-02   0.000E+00   0.000E+00   5.677E+01   1.031E-03   0.000E+00   3   4.802E+01  1   0.000E+00   0.000E+00   0.000E+00
     37  9.49396788886E+02   1.015E+03   1.015E+03   0.000E+00   2.162E+02   5.997E-09   3.274E+02  1.00050E-02   0.000E+00   0.000E+00   5.733E+01   1.037E-03   0.000E+00   2   5.132E+01  1   0.000E+00   0.000E+00   0.000E+00
     38  9.90450261578E+02   1.033E+03   1.033E+03   0.000E+00   2.316E+02   6.316E-09   3.229E+02  1.00050E-02   0.000E+00   0.000E+00   5.778E+01   1.042E-03   0.000E+00   3   4.105E+01  1   0.000E+00   0.000E+00   0.000E+00
     39  1.03560908154E+03   1.052E+03   1.052E+03   0.000E+00   2.494E+02   6.678E-09   3.184E+02  1.00050E-02   0.000E+00   0.000E+00   5.796E+01   1.025E-03   0.000E+00   3   4.516E+01  1   0.000E+00   0.000E+00   0.000E+00
     40  1.08528378350E+03   1.072E+03   1.072E+03   0.000E+00   2.699E+02   7.086E-09   3.137E+02  1.00050E-02   0.000E+00   0.000E+00   5.854E+01   1.035E-03   0.000E+00   3   4.967E+01  1   0.000E+00   0.000E+00   0.000E+00
     41  1.13967457780E+03   1.095E+03   1.095E+03   0.000E+00   2.935E+02   7.547E-09   3.083E+02  1.00050E-02   0.000E+00   0.000E+00   5.911E+01   1.040E-03   0.000E+00   2   5.439E+01  1   0.000E+00   0.000E+00   0.000E+00
     42  1.19410704629E+03   1.117E+03   1.117E+03   0.000E+00   3.189E+02   8.034E-09   3.030E+02  1.00050E-02   0.000E+00   0.000E+00   5.965E+01   1.041E-03   0.000E+00   2   5.443E+01  1   0.000E+00   0.000E+00   0.000E+00
     43  1.24960799122E+03   1.141E+03   1.141E+03   0.000E+00   3.464E+02   8.549E-09   2.977E+02  1.00050E-02   0.000E+00   0.000E+00   6.016E+01   1.040E-03   0.000E+00   2   5.550E+01  1   0.000E+00   0.000E+00   0.000E+00
     44  1.30633146949E+03   1.164E+03   1.164E+03   0.000E+00   3.759E+02   9.092E-09   2.929E+02  1.00050E-02   0.000E+00   0.000E+00   6.044E+01   1.026E-03   0.000E+00   3   5.672E+01  1   0.000E+00   0.000E+00   0.000E+00
     45  1.36471824032E+03   1.188E+03   1.188E+03   0.000E+00   4.086E+02   9.680E-09   2.878E+02  1.00050E-02   0.000E+00   0.000E+00   6.105E+01   1.031E-03   0.000E+00   3   5.839E+01  1   0.000E+00   0.000E+00   0.000E+00
     46  1.42374796043E+03   1.214E+03   1.214E+03   0.000E+00   4.442E+02   1.030E-08   2.826E+02  1.00050E-02   0.000E+00   0.000E+00   6.160E+01   1.030E-03   0.000E+00   2   5.903E+01  1   0.000E+00   0.000E+00   0.000E+00
     47  1.47097173652E+03   1.235E+03   1.235E+03   0.000E+00   4.757E+02   1.084E-08   2.783E+02  1.00050E-02   0.000E+00   0.000E+00   6.205E+01   1.029E-03   0.000E+00   3   4.722E+01  1   0.000E+00   0.000E+00   0.000E+00
     48  1.52291789022E+03   1.258E+03   1.258E+03   0.000E+00   5.118E+02   1.145E-08   2.738E+02  1.00050E-02   0.000E+00   0.000E+00   6.251E+01   1.025E-03   0.000E+00   3   5.195E+01  1   0.000E+00   0.000E+00   0.000E+00
     49  1.58005865928E+03   1.283E+03   1.283E+03   0.000E+00   5.530E+02   1.214E-08   2.694E+02  1.00050E-02   0.000E+00   0.000E+00   6.278E+01   1.011E-03   0.000E+00   3   5.714E+01  1   0.000E+00   0.000E+00   0.000E+00
     50  1.64111859245E+03   1.309E+03   1.309E+03   0.000E+00   5.992E+02   1.289E-08   2.647E+02  1.00050E-02   0.000E+00   0.000E+00   6.337E+01   1.013E-03   0.000E+00   3   6.106E+01  1   0.000E+00   0.000E+00   0.000E+00
     51  1.70569296098E+03   1.336E+03   1.336E+03   0.000E+00   6.510E+02   1.372E-08   2.597E+02  1.00050E-02   0.000E+00   0.000E+00   6.392E+01   1.009E-03   0.000E+00   3   6.457E+01  1   0.000E+00   0.000E+00   0.000E+00
     52  1.77112764565E+03   1.362E+03   1.362E+03   0.000E+00   7.076E+02   1.462E-08   2.547E+02  1.00050E-02   0.000E+00   0.000E+00   6.445E+01   1.003E-03   0.000E+00   3   6.543E+01  1   0.000E+00   0.000E+00   0.000E+00
     53  1.83818097131E+03   1.389E+03   1.389E+03   0.000E+00   7.694E+02   1.560E-08   2.497E+02  1.00050E-02   0.000E+00   0.000E+00   6.498E+01   9.960E-04   0.000E+00   3   6.705E+01  1   0.000E+00   0.000E+00   0.000E+00
     54  1.90698905506E+03   1.415E+03   1.415E+03   0.000E+00   8.374E+02   1.666E-08   2.448E+02  1.00050E-02   0.000E+00   0.000E+00   6.550E+01   9.883E-04   0.000E+00   3   6.881E+01  1   0.000E+00   0.000E+00   0.000E+00
     55  1.97739326293E+03   1.440E+03   1.440E+03   0.000E+00   9.119E+02   1.783E-08   2.404E+02  1.00050E-02   0.000E+00   0.000E+00   6.584E+01   9.732E-04   0.000E+00   4   7.040E+01  1   0.000E+00   0.000E+00   0.000E+00
     56  2.04967847011E+03   1.463E+03   1.463E+03   0.000E+00   9.950E+02   1.916E-08   2.356E+02  1.00050E-02   0.000E+00   0.000E+00   6.645E+01   9.702E-04   0.000E+00   3   7.229E+01  1   0.000E+00   0.000E+00   0.000E+00
     57  2.12295906150E+03   1.483E+03   1.483E+03   0.000E+00   1.086E+03   2.062E-08   2.309E+02  1.00050E-02   0.000E+00   0.000E+00   6.698E+01   9.621E-04   0.000E+00   3   7.328E+01  1   0.000E+00   0.000E+00   0.000E+00
     58  2.19765864837E+03   1.501E+03   1.501E+03   0.000E+00   1.187E+03   2.227E-08   2.263E+02  1.00050E-02   0.000E+00   0.000E+00   6.750E+01   9.531E-04   0.000E+00   3   7.470E+01  1   0.000E+00   0.000E+00   0.000E+00
     59  2.27480068362E+03   1.518E+03   1.518E+03   0.000E+00   1.301E+03   2.414E-08   2.218E+02  1.00050E-02   0.000E+00   0.000E+00   6.802E+01   9.433E-04   0.000E+00   3   7.714E+01  1   0.000E+00   0.000E+00   0.000E+00
     60  2.35506298523E+03   1.534E+03   1.534E+03   0.000E+00   1.433E+03   2.630E-08   2.172E+02  1.00050E-02   0.000E+00   0.000E+00   6.853E+01   9.327E-04   0.000E+00   3   8.026E+01  1   0.000E+00   0.000E+00   0.000E+00
     61  2.43869991752E+03   1.550E+03   1.550E+03   0.000E+00   1.585E+03   2.880E-08   2.127E+02  1.00050E-02   0.000E+00   0.000E+00   6.905E+01   9.221E-04   0.000E+00   3   8.364E+01  1   0.000E+00   0.000E+00   0.000E+00
     62  2.52577304367E+03   1.567E+03   1.567E+03   0.000E+00   1.763E+03   3.168E-08   2.087E+02  1.00050E-02   0.000E+00   0.000E+00   6.943E+01   9.070E-04   0.000E+00   3   8.707E+01  1   0.000E+00   0.000E+00   0.000E+00
     63  2.61632325757E+03   1.585E+03   1.585E+03   0.000E+00   1.972E+03   3.505E-08   2.045E+02  1.00050E-02   0.000E+00   0.000E+00   7.000E+01   8.995E-04   0.000E+00   3   9.055E+01  1   0.000E+00   0.000E+00   0.000E+00
     64  2.70868664082E+03   1.604E+03   1.604E+03   0.000E+00   2.216E+03   3.891E-08   2.004E+02  1.00050E-02   0.000E+00   0.000E+00   7.051E+01   8.898E-04   0.000E+00   2   9.236E+01  1   0.000E+00   0.000E+00   0.000E+00
     65  2.78257734741E+03   1.622E+03   1.622E+03   0.000E+00   2.449E+03   4.253E-08   1.973E+02  1.00050E-02   0.000E+00   0.000E+00   7.093E+01   8.826E-04   0.000E+00   3   7.389E+01  1   0.000E+00   0.000E+00   0.000E+00
     66  2.86385712466E+03   1.642E+03   1.642E+03   0.000E+00   2.742E+03   4.700E-08   1.941E+02  1.00050E-02   0.000E+00   0.000E+00   7.138E+01   8.763E-04   0.000E+00   2   8.128E+01  1   0.000E+00   0.000E+00   0.000E+00
     67  2.95053776625E+03   1.663E+03   1.663E+03   0.000E+00   3.093E+03   5.233E-08   1.911E+02  1.00050E-02   0.000E+00   0.000E+00   7.184E+01   8.720E-04   0.000E+00   3   8.668E+01  1   0.000E+00   0.000E+00   0.000E+00
     68  3.04208634297E+03   1.685E+03   1.685E+03   0.000E+00   3.524E+03   5.883E-08   1.884E+02  1.00050E-02   0.000E+00   0.000E+00   7.233E+01   8.712E-04   0.000E+00   3   9.155E+01  1   0.000E+00   0.000E+00   0.000E+00
     69  3.13668136543E+03   1.708E+03   1.708E+03   0.000E+00   4.060E+03   6.685E-08   1.861E+02  1.00050E-02   0.000E+00   0.000E+00   7.287E+01   8.753E-04   0.000E+00   2   9.460E+01  1   0.000E+00   0.000E+00   0.000E+00
     70  3.23301284771E+03   1.730E+03   1.730E+03   0.000E+00   4.727E+03   7.686E-08   1.847E+02  1.00050E-02   0.000E+00   0.000E+00   7.331E+01   8.830E-04   0.000E+00   3   9.633E+01  1   0.000E+00   0.000E+00   0.000E+00
     71  3.33328318870E+03   1.751E+03   1.751E+03   0.000E+00   5.613E+03   9.019E-08   1.836E+02  1.00050E-02   0.000E+00   0.000E+00   7.399E+01   9.055E-04   0.000E+00   3   1.003E+02  1   0.000E+00   0.000E+00   0.000E+00
     72  3.43786327474E+03   1.771E+03   1.771E+03   0.000E+00   6.852E+03   1.088E-07   1.836E+02  1.00050E-02   0.000E+00   0.000E+00   7.473E+01   9.425E-04   0.000E+00   3   1.046E+02  1   0.000E+00   0.000E+00   0.000E+00
     73  3.52152734357E+03   1.791E+03   1.791E+03   0.000E+00   8.294E+03   1.304E-07   1.846E+02  1.00050E-02   0.000E+00   0.000E+00   7.540E+01   9.869E-04   0.000E+00   3   8.366E+01  1   0.000E+00   0.000E+00   0.000E+00
     74  3.58845859863E+03   1.818E+03   1.818E+03   0.000E+00   1.007E+04   1.561E-07   1.864E+02  1.00050E-02   0.000E+00   0.000E+00   7.596E+01   1.036E-03   0.000E+00   5   6.693E+01  1   0.000E+00   0.000E+00   0.000E+00
     75  3.64200360268E+03   1.853E+03   1.853E+03   0.000E+00   1.218E+04   1.851E-07   1.891E+02  1.00050E-02   0.000E+00   0.000E+00   7.636E+01   1.090E-03   0.000E+00   6   5.355E+01  1   0.000E+00   0.000E+00   0.000E+00
     76  3.68143539119E+03   1.894E+03   1.894E+03   0.000E+00   1.448E+04   2.151E-07   1.926E+02  1.00050E-02   0.000E+00   0.000E+00   7.645E+01   1.136E-03   0.000E+00   7   3.943E+01  1   0.000E+00   0.000E+00   0.000E+00
     77  3.70768279725E+03   1.937E+03   1.937E+03   0.000E+00   1.683E+04   2.442E-07   1.954E+02  1.00050E-02   0.000E+00   0.000E+00   7.667E+01   1.183E-03   0.000E+00   7   2.625E+01  1   0.000E+00   0.000E+00   0.000E+00
     78  3.72686980849E+03   1.985E+03   1.985E+03   0.000E+00   1.950E+04   2.757E-07   1.980E+02  1.00050E-02   0.000E+00   0.000E+00   7.678E+01   1.221E-03   0.000E+00   7   1.919E+01  1   0.000E+00   0.000E+00   0.000E+00
     79  3.74137285402E+03   2.040E+03   2.040E+03   0.000E+00   2.298E+04   3.152E-07   2.005E+02  1.00050E-02   0.000E+00   0.000E+00   7.683E+01   1.255E-03   0.000E+00   8   1.450E+01  1   0.000E+00   0.000E+00   0.000E+00
     80  3.75185500054E+03   2.125E+03   2.125E+03   0.000E+00   2.911E+04   3.825E-07   2.024E+02  1.00050E-02   0.000E+00   0.000E+00   7.694E+01   1.286E-03   0.000E+00   9   1.048E+01  1   0.000E+00   0.000E+00   0.000E+00
     81  3.75467254194E+03   2.126E+03   2.126E+03   0.000E+00   2.932E+04   3.848E-07   2.042E+02  1.00050E-02   0.000E+00   0.000E+00   7.652E+01   1.282E-03   0.000E+00  10   2.818E+00  1   0.000E+00   0.000E+00   0.000E+00
     82  3.75692657506E+03   2.129E+03   2.129E+03   0.000E+00   2.962E+04   3.883E-07   2.057E+02  1.00050E-02   0.000E+00   0.000E+00   7.628E+01   1.283E-03   0.000E+00   8   2.254E+00  1   0.000E+00   0.000E+00   0.000E+00
     83  3.75720832920E+03   2.129E+03   2.129E+03   0.000E+00   2.964E+04   3.885E-07   2.058E+02  1.00050E-02   0.000E+00   0.000E+00   7.624E+01   1.283E-03   0.000E+00   2   2.818E-01  1   0.000E+00   0.000E+00   0.000E+00
