
 Timestep     Time[yr]           Tc        Tmax        M-Tmax        Pc        Rho_c         R          M        coreHEmass  coreCOmass       Te           L  T_irr     iter#   dt[yr] Phase     mdot     mdotRei    mdot/Rei 

      1  1.00000000000E+01   6.762E+02   6.762E+02   0.000E+00   3.862E+01   1.608E-09   4.800E+02  1.00050E-02   0.000E+00   0.000E+00   4.468E+01   8.227E-04   0.000E+00  81   1.000E+01  1   0.000E+00   0.000E+00   0.000E+00
      2  1.35860873323E+01   6.773E+02   6.773E+02   0.000E+00   3.888E+01   1.616E-09   4.734E+02  1.00050E-02   0.000E+00   0.000E+00   4.321E+01   6.998E-04   0.000E+00  31   3.586E+00  1   0.000E+00   0.000E+00   0.000E+00
      3  1.64549571981E+01   6.780E+02   6.780E+02   0.000E+00   3.905E+01   1.622E-09   4.692E+02  1.00050E-02   0.000E+00   0.000E+00   4.230E+01   6.317E-04   0.000E+00   4   2.869E+00  1   0.000E+00   0.000E+00   0.000E+00
      4  1.96107140506E+01   6.789E+02   6.789E+02   0.000E+00   3.928E+01   1.629E-09   4.654E+02  1.00050E-02   0.000E+00   0.000E+00   4.152E+01   5.767E-04   0.000E+00   3   3.156E+00  1   0.000E+00   0.000E+00   0.000E+00
      5  2.30820465882E+01   6.799E+02   6.799E+02   0.000E+00   3.953E+01   1.637E-09   4.621E+02  1.00050E-02   0.000E+00   0.000E+00   4.082E+01   5.315E-04   0.000E+00   2   3.471E+00  1   0.000E+00   0.000E+00   0.000E+00
      6  2.86361786485E+01   6.810E+02   6.810E+02   0.000E+00   3.981E+01   1.646E-09   4.584E+02  1.00050E-02   0.000E+00   0.000E+00   4.000E+01   4.821E-04   0.000E+00   3   5.554E+00  1   0.000E+00   0.000E+00   0.000E+00
      7  3.47457239148E+01   6.820E+02   6.820E+02   0.000E+00   4.009E+01   1.655E-09   4.555E+02  1.00050E-02   0.000E+00   0.000E+00   3.932E+01   4.445E-04   0.000E+00   3   6.110E+00  1   0.000E+00   0.000E+00   0.000E+00
      8  4.14662237077E+01   6.831E+02   6.831E+02   0.000E+00   4.039E+01   1.665E-09   4.532E+02  1.00050E-02   0.000E+00   0.000E+00   3.877E+01   4.159E-04   0.000E+00   2   6.720E+00  1   0.000E+00   0.000E+00   0.000E+00
      9  5.22190233764E+01   6.848E+02   6.848E+02   0.000E+00   4.087E+01   1.681E-09   4.508E+02  1.00050E-02   0.000E+00   0.000E+00   3.822E+01   3.886E-04   0.000E+00   2   1.075E+01  1   0.000E+00   0.000E+00   0.000E+00
     10  6.40471030119E+01   6.867E+02   6.867E+02   0.000E+00   4.140E+01   1.697E-09   4.494E+02  1.00050E-02   0.000E+00   0.000E+00   3.787E+01   3.723E-04   0.000E+00   3   1.183E+01  1   0.000E+00   0.000E+00   0.000E+00
     11  7.70579906110E+01   6.885E+02   6.885E+02   0.000E+00   4.195E+01   1.715E-09   4.486E+02  1.00050E-02   0.000E+00   0.000E+00   3.770E+01   3.644E-04   0.000E+00   2   1.301E+01  1   0.000E+00   0.000E+00   0.000E+00
     12  9.78754107696E+01   6.915E+02   6.915E+02   0.000E+00   4.283E+01   1.744E-09   4.482E+02  1.00050E-02   0.000E+00   0.000E+00   3.766E+01   3.623E-04   0.000E+00   2   2.082E+01  1   0.000E+00   0.000E+00   0.000E+00
     13  1.20774572944E+02   6.952E+02   6.952E+02   0.000E+00   4.388E+01   1.778E-09   4.480E+02  1.00050E-02   0.000E+00   0.000E+00   3.776E+01   3.658E-04   0.000E+00   2   2.290E+01  1   0.000E+00   0.000E+00   0.000E+00
     14  1.45963651336E+02   6.993E+02   6.993E+02   0.000E+00   4.509E+01   1.816E-09   4.481E+02  1.00050E-02   0.000E+00   0.000E+00   3.798E+01   3.745E-04   0.000E+00   2   2.519E+01  1   0.000E+00   0.000E+00   0.000E+00
     15  1.73671637567E+02   7.040E+02   7.040E+02   0.000E+00   4.645E+01   1.858E-09   4.480E+02  1.00050E-02   0.000E+00   0.000E+00   3.825E+01   3.852E-04   0.000E+00   2   2.771E+01  1   0.000E+00   0.000E+00   0.000E+00
     16  2.04150422421E+02   7.092E+02   7.092E+02   0.000E+00   4.800E+01   1.906E-09   4.477E+02  1.00050E-02   0.000E+00   0.000E+00   3.854E+01   3.961E-04   0.000E+00   2   3.048E+01  1   0.000E+00   0.000E+00   0.000E+00
     17  2.37677085761E+02   7.151E+02   7.151E+02   0.000E+00   4.978E+01   1.960E-09   4.471E+02  1.00050E-02   0.000E+00   0.000E+00   3.883E+01   4.074E-04   0.000E+00   2   3.353E+01  1   0.000E+00   0.000E+00   0.000E+00
     18  2.74556415434E+02   7.216E+02   7.216E+02   0.000E+00   5.179E+01   2.021E-09   4.462E+02  1.00050E-02   0.000E+00   0.000E+00   3.913E+01   4.182E-04   0.000E+00   2   3.688E+01  1   0.000E+00   0.000E+00   0.000E+00
     19  3.15123678075E+02   7.290E+02   7.290E+02   0.000E+00   5.411E+01   2.090E-09   4.450E+02  1.00050E-02   0.000E+00   0.000E+00   3.950E+01   4.320E-04   0.000E+00   2   4.057E+01  1   0.000E+00   0.000E+00   0.000E+00
     20  3.59747666980E+02   7.373E+02   7.373E+02   0.000E+00   5.680E+01   2.169E-09   4.432E+02  1.00050E-02   0.000E+00   0.000E+00   3.987E+01   4.448E-04   0.000E+00   2   4.462E+01  1   0.000E+00   0.000E+00   0.000E+00
     21  4.08834054775E+02   7.465E+02   7.465E+02   0.000E+00   5.991E+01   2.260E-09   4.407E+02  1.00050E-02   0.000E+00   0.000E+00   4.021E+01   4.550E-04   0.000E+00   2   4.909E+01  1   0.000E+00   0.000E+00   0.000E+00
     22  4.62829081350E+02   7.568E+02   7.568E+02   0.000E+00   6.351E+01   2.363E-09   4.378E+02  1.00050E-02   0.000E+00   0.000E+00   4.059E+01   4.663E-04   0.000E+00   2   5.400E+01  1   0.000E+00   0.000E+00   0.000E+00
     23  5.22223610583E+02   7.681E+02   7.681E+02   0.000E+00   6.763E+01   2.479E-09   4.342E+02  1.00050E-02   0.000E+00   0.000E+00   4.097E+01   4.760E-04   0.000E+00   2   5.939E+01  1   0.000E+00   0.000E+00   0.000E+00
     24  5.87557592739E+02   7.805E+02   7.805E+02   0.000E+00   7.238E+01   2.611E-09   4.299E+02  1.00050E-02   0.000E+00   0.000E+00   4.136E+01   4.849E-04   0.000E+00   2   6.533E+01  1   0.000E+00   0.000E+00   0.000E+00
     25  6.59424973110E+02   7.942E+02   7.942E+02   0.000E+00   7.792E+01   2.762E-09   4.250E+02  1.00050E-02   0.000E+00   0.000E+00   4.173E+01   4.909E-04   0.000E+00   2   7.187E+01  1   0.000E+00   0.000E+00   0.000E+00
     26  7.38479091518E+02   8.092E+02   8.092E+02   0.000E+00   8.435E+01   2.934E-09   4.195E+02  1.00050E-02   0.000E+00   0.000E+00   4.214E+01   4.974E-04   0.000E+00   2   7.905E+01  1   0.000E+00   0.000E+00   0.000E+00
     27  8.25031303698E+02   8.254E+02   8.254E+02   0.000E+00   9.179E+01   3.130E-09   4.133E+02  1.00050E-02   0.000E+00   0.000E+00   4.256E+01   5.022E-04   0.000E+00   2   8.655E+01  1   0.000E+00   0.000E+00   0.000E+00
     28  9.13334339641E+02   8.419E+02   8.419E+02   0.000E+00   9.989E+01   3.340E-09   4.072E+02  1.00050E-02   0.000E+00   0.000E+00   4.293E+01   5.045E-04   0.000E+00   2   8.830E+01  1   0.000E+00   0.000E+00   0.000E+00
     29  1.00380000169E+03   8.588E+02   8.588E+02   0.000E+00   1.088E+02   3.566E-09   4.009E+02  1.00050E-02   0.000E+00   0.000E+00   4.334E+01   5.084E-04   0.000E+00   2   9.047E+01  1   0.000E+00   0.000E+00   0.000E+00
     30  1.09568043677E+03   8.762E+02   8.762E+02   0.000E+00   1.185E+02   3.808E-09   3.945E+02  1.00050E-02   0.000E+00   0.000E+00   4.375E+01   5.111E-04   0.000E+00   2   9.188E+01  1   0.000E+00   0.000E+00   0.000E+00
     31  1.18807676132E+03   8.939E+02   8.939E+02   0.000E+00   1.291E+02   4.066E-09   3.882E+02  1.00050E-02   0.000E+00   0.000E+00   4.414E+01   5.127E-04   0.000E+00   2   9.240E+01  1   0.000E+00   0.000E+00   0.000E+00
     32  1.28106315921E+03   9.120E+02   9.120E+02   0.000E+00   1.405E+02   4.338E-09   3.820E+02  1.00050E-02   0.000E+00   0.000E+00   4.454E+01   5.148E-04   0.000E+00   2   9.299E+01  1   0.000E+00   0.000E+00   0.000E+00
     33  1.37499390380E+03   9.304E+02   9.304E+02   0.000E+00   1.529E+02   4.625E-09   3.758E+02  1.00050E-02   0.000E+00   0.000E+00   4.494E+01   5.165E-04   0.000E+00   2   9.393E+01  1   0.000E+00   0.000E+00   0.000E+00
     34  1.46937006360E+03   9.492E+02   9.492E+02   0.000E+00   1.661E+02   4.927E-09   3.697E+02  1.00050E-02   0.000E+00   0.000E+00   4.535E+01   5.183E-04   0.000E+00   2   9.438E+01  1   0.000E+00   0.000E+00   0.000E+00
     35  1.54487099144E+03   9.650E+02   9.650E+02   0.000E+00   1.777E+02   5.187E-09   3.648E+02  1.00050E-02   0.000E+00   0.000E+00   4.568E+01   5.194E-04   0.000E+00   3   7.550E+01  1   0.000E+00   0.000E+00   0.000E+00
     36  1.62792201206E+03   9.825E+02   9.825E+02   0.000E+00   1.913E+02   5.482E-09   3.595E+02  1.00050E-02   0.000E+00   0.000E+00   4.604E+01   5.203E-04   0.000E+00   3   8.305E+01  1   0.000E+00   0.000E+00   0.000E+00
     37  1.71927813474E+03   1.002E+03   1.002E+03   0.000E+00   2.070E+02   5.817E-09   3.539E+02  1.00050E-02   0.000E+00   0.000E+00   4.642E+01   5.209E-04   0.000E+00   2   9.136E+01  1   0.000E+00   0.000E+00   0.000E+00
     38  1.81308179992E+03   1.021E+03   1.021E+03   0.000E+00   2.238E+02   6.168E-09   3.482E+02  1.00050E-02   0.000E+00   0.000E+00   4.683E+01   5.226E-04   0.000E+00   3   9.380E+01  1   0.000E+00   0.000E+00   0.000E+00
     39  1.91149240858E+03   1.042E+03   1.042E+03   0.000E+00   2.425E+02   6.553E-09   3.425E+02  1.00050E-02   0.000E+00   0.000E+00   4.724E+01   5.232E-04   0.000E+00   2   9.841E+01  1   0.000E+00   0.000E+00   0.000E+00
     40  2.01079296845E+03   1.063E+03   1.063E+03   0.000E+00   2.628E+02   6.960E-09   3.368E+02  1.00050E-02   0.000E+00   0.000E+00   4.763E+01   5.230E-04   0.000E+00   2   9.930E+01  1   0.000E+00   0.000E+00   0.000E+00
     41  2.11219079953E+03   1.084E+03   1.084E+03   0.000E+00   2.847E+02   7.392E-09   3.311E+02  1.00050E-02   0.000E+00   0.000E+00   4.804E+01   5.234E-04   0.000E+00   2   1.014E+02  1   0.000E+00   0.000E+00   0.000E+00
     42  2.21611809735E+03   1.106E+03   1.106E+03   0.000E+00   3.084E+02   7.850E-09   3.254E+02  1.00050E-02   0.000E+00   0.000E+00   4.846E+01   5.237E-04   0.000E+00   2   1.039E+02  1   0.000E+00   0.000E+00   0.000E+00
     43  2.32230883855E+03   1.128E+03   1.128E+03   0.000E+00   3.342E+02   8.340E-09   3.198E+02  1.00050E-02   0.000E+00   0.000E+00   4.889E+01   5.233E-04   0.000E+00   2   1.062E+02  1   0.000E+00   0.000E+00   0.000E+00
     44  2.43024385622E+03   1.151E+03   1.151E+03   0.000E+00   3.622E+02   8.861E-09   3.141E+02  1.00050E-02   0.000E+00   0.000E+00   4.930E+01   5.224E-04   0.000E+00   2   1.079E+02  1   0.000E+00   0.000E+00   0.000E+00
     45  2.53977608500E+03   1.174E+03   1.174E+03   0.000E+00   3.926E+02   9.412E-09   3.085E+02  1.00050E-02   0.000E+00   0.000E+00   4.973E+01   5.217E-04   0.000E+00   2   1.095E+02  1   0.000E+00   0.000E+00   0.000E+00
     46  2.64990417680E+03   1.198E+03   1.198E+03   0.000E+00   4.251E+02   9.991E-09   3.030E+02  1.00050E-02   0.000E+00   0.000E+00   5.015E+01   5.204E-04   0.000E+00   2   1.101E+02  1   0.000E+00   0.000E+00   0.000E+00
     47  2.76034563434E+03   1.222E+03   1.222E+03   0.000E+00   4.600E+02   1.060E-08   2.977E+02  1.00050E-02   0.000E+00   0.000E+00   5.055E+01   5.185E-04   0.000E+00   2   1.104E+02  1   0.000E+00   0.000E+00   0.000E+00
     48  2.87229362234E+03   1.247E+03   1.247E+03   0.000E+00   4.975E+02   1.123E-08   2.923E+02  1.00050E-02   0.000E+00   0.000E+00   5.098E+01   5.171E-04   0.000E+00   2   1.119E+02  1   0.000E+00   0.000E+00   0.000E+00
     49  2.98689676136E+03   1.272E+03   1.272E+03   0.000E+00   5.378E+02   1.191E-08   2.870E+02  1.00050E-02   0.000E+00   0.000E+00   5.140E+01   5.152E-04   0.000E+00   3   1.146E+02  1   0.000E+00   0.000E+00   0.000E+00
     50  3.10519698429E+03   1.297E+03   1.297E+03   0.000E+00   5.825E+02   1.264E-08   2.816E+02  1.00050E-02   0.000E+00   0.000E+00   5.182E+01   5.128E-04   0.000E+00   2   1.183E+02  1   0.000E+00   0.000E+00   0.000E+00
     51  3.22531094070E+03   1.323E+03   1.323E+03   0.000E+00   6.304E+02   1.341E-08   2.764E+02  1.00050E-02   0.000E+00   0.000E+00   5.224E+01   5.099E-04   0.000E+00   3   1.201E+02  1   0.000E+00   0.000E+00   0.000E+00
     52  3.35026953765E+03   1.349E+03   1.349E+03   0.000E+00   6.835E+02   1.426E-08   2.711E+02  1.00050E-02   0.000E+00   0.000E+00   5.267E+01   5.068E-04   0.000E+00   3   1.250E+02  1   0.000E+00   0.000E+00   0.000E+00
     53  3.47816146382E+03   1.375E+03   1.375E+03   0.000E+00   7.416E+02   1.518E-08   2.659E+02  1.00050E-02   0.000E+00   0.000E+00   5.310E+01   5.036E-04   0.000E+00   3   1.279E+02  1   0.000E+00   0.000E+00   0.000E+00
     54  3.60953649802E+03   1.401E+03   1.401E+03   0.000E+00   8.054E+02   1.618E-08   2.606E+02  1.00050E-02   0.000E+00   0.000E+00   5.355E+01   5.003E-04   0.000E+00   3   1.314E+02  1   0.000E+00   0.000E+00   0.000E+00
     55  3.74406029494E+03   1.427E+03   1.427E+03   0.000E+00   8.756E+02   1.728E-08   2.554E+02  1.00050E-02   0.000E+00   0.000E+00   5.399E+01   4.966E-04   0.000E+00   3   1.345E+02  1   0.000E+00   0.000E+00   0.000E+00
     56  3.88139796340E+03   1.450E+03   1.450E+03   0.000E+00   9.522E+02   1.849E-08   2.502E+02  1.00050E-02   0.000E+00   0.000E+00   5.443E+01   4.923E-04   0.000E+00   4   1.373E+02  1   0.000E+00   0.000E+00   0.000E+00
     57  4.02123319468E+03   1.472E+03   1.472E+03   0.000E+00   1.037E+03   1.985E-08   2.452E+02  1.00050E-02   0.000E+00   0.000E+00   5.486E+01   4.880E-04   0.000E+00   3   1.398E+02  1   0.000E+00   0.000E+00   0.000E+00
     58  4.16189215889E+03   1.490E+03   1.490E+03   0.000E+00   1.129E+03   2.134E-08   2.403E+02  1.00050E-02   0.000E+00   0.000E+00   5.530E+01   4.837E-04   0.000E+00   3   1.407E+02  1   0.000E+00   0.000E+00   0.000E+00
     59  4.30720369195E+03   1.508E+03   1.508E+03   0.000E+00   1.232E+03   2.302E-08   2.354E+02  1.00050E-02   0.000E+00   0.000E+00   5.572E+01   4.790E-04   0.000E+00   3   1.453E+02  1   0.000E+00   0.000E+00   0.000E+00
     60  4.45847421750E+03   1.524E+03   1.524E+03   0.000E+00   1.351E+03   2.496E-08   2.306E+02  1.00050E-02   0.000E+00   0.000E+00   5.616E+01   4.742E-04   0.000E+00   3   1.513E+02  1   0.000E+00   0.000E+00   0.000E+00
     61  4.61656323380E+03   1.540E+03   1.540E+03   0.000E+00   1.487E+03   2.720E-08   2.259E+02  1.00050E-02   0.000E+00   0.000E+00   5.659E+01   4.689E-04   0.000E+00   3   1.581E+02  1   0.000E+00   0.000E+00   0.000E+00
     62  4.78235900041E+03   1.556E+03   1.556E+03   0.000E+00   1.647E+03   2.980E-08   2.211E+02  1.00050E-02   0.000E+00   0.000E+00   5.703E+01   4.634E-04   0.000E+00   3   1.658E+02  1   0.000E+00   0.000E+00   0.000E+00
     63  4.95589112418E+03   1.574E+03   1.574E+03   0.000E+00   1.834E+03   3.283E-08   2.164E+02  1.00050E-02   0.000E+00   0.000E+00   5.746E+01   4.578E-04   0.000E+00   2   1.735E+02  1   0.000E+00   0.000E+00   0.000E+00
     64  5.13582353785E+03   1.592E+03   1.592E+03   0.000E+00   2.053E+03   3.633E-08   2.120E+02  1.00050E-02   0.000E+00   0.000E+00   5.790E+01   4.525E-04   0.000E+00   2   1.799E+02  1   0.000E+00   0.000E+00   0.000E+00
     65  5.32063824905E+03   1.611E+03   1.611E+03   0.000E+00   2.309E+03   4.036E-08   2.078E+02  1.00050E-02   0.000E+00   0.000E+00   5.832E+01   4.477E-04   0.000E+00   2   1.848E+02  1   0.000E+00   0.000E+00   0.000E+00
     66  5.46849001802E+03   1.630E+03   1.630E+03   0.000E+00   2.555E+03   4.417E-08   2.045E+02  1.00050E-02   0.000E+00   0.000E+00   5.869E+01   4.447E-04   0.000E+00   3   1.479E+02  1   0.000E+00   0.000E+00   0.000E+00
     67  5.63112696388E+03   1.650E+03   1.650E+03   0.000E+00   2.867E+03   4.891E-08   2.012E+02  1.00050E-02   0.000E+00   0.000E+00   5.908E+01   4.421E-04   0.000E+00   3   1.626E+02  1   0.000E+00   0.000E+00   0.000E+00
     68  5.80589304451E+03   1.672E+03   1.672E+03   0.000E+00   3.249E+03   5.466E-08   1.982E+02  1.00050E-02   0.000E+00   0.000E+00   5.948E+01   4.405E-04   0.000E+00   3   1.748E+02  1   0.000E+00   0.000E+00   0.000E+00
     69  5.99138841892E+03   1.694E+03   1.694E+03   0.000E+00   3.720E+03   6.175E-08   1.955E+02  1.00050E-02   0.000E+00   0.000E+00   5.990E+01   4.413E-04   0.000E+00   3   1.855E+02  1   0.000E+00   0.000E+00   0.000E+00
     70  6.18629949935E+03   1.717E+03   1.717E+03   0.000E+00   4.319E+03   7.073E-08   1.933E+02  1.00050E-02   0.000E+00   0.000E+00   6.039E+01   4.454E-04   0.000E+00   3   1.949E+02  1   0.000E+00   0.000E+00   0.000E+00
     71  6.38844560137E+03   1.740E+03   1.740E+03   0.000E+00   5.100E+03   8.248E-08   1.917E+02  1.00050E-02   0.000E+00   0.000E+00   6.093E+01   4.541E-04   0.000E+00   4   2.021E+02  1   0.000E+00   0.000E+00   0.000E+00
     72  6.60281347186E+03   1.761E+03   1.761E+03   0.000E+00   6.200E+03   9.899E-08   1.912E+02  1.00050E-02   0.000E+00   0.000E+00   6.156E+01   4.704E-04   0.000E+00   3   2.144E+02  1   0.000E+00   0.000E+00   0.000E+00
     73  6.77430776825E+03   1.781E+03   1.781E+03   0.000E+00   7.445E+03   1.177E-07   1.918E+02  1.00050E-02   0.000E+00   0.000E+00   6.210E+01   4.902E-04   0.000E+00   3   1.715E+02  1   0.000E+00   0.000E+00   0.000E+00
     74  6.95960219223E+03   1.806E+03   1.806E+03   0.000E+00   9.382E+03   1.462E-07   1.944E+02  1.00050E-02   0.000E+00   0.000E+00   6.271E+01   5.236E-04   0.000E+00   4   1.853E+02  1   0.000E+00   0.000E+00   0.000E+00
     75  7.10783773142E+03   1.842E+03   1.842E+03   0.000E+00   1.180E+04   1.804E-07   1.986E+02  1.00050E-02   0.000E+00   0.000E+00   6.320E+01   5.636E-04   0.000E+00   7   1.482E+02  1   0.000E+00   0.000E+00   0.000E+00
     76  7.20389850513E+03   1.888E+03   1.888E+03   0.000E+00   1.439E+04   2.145E-07   2.028E+02  1.00050E-02   0.000E+00   0.000E+00   6.350E+01   5.992E-04   0.000E+00   8   9.606E+01  1   0.000E+00   0.000E+00   0.000E+00
     77  7.25945402238E+03   1.935E+03   1.935E+03   0.000E+00   1.688E+04   2.451E-07   2.061E+02  1.00050E-02   0.000E+00   0.000E+00   6.365E+01   6.247E-04   0.000E+00   8   5.556E+01  1   0.000E+00   0.000E+00   0.000E+00
     78  7.29653910248E+03   1.983E+03   1.983E+03   0.000E+00   1.956E+04   2.767E-07   2.090E+02  1.00050E-02   0.000E+00   0.000E+00   6.372E+01   6.453E-04   0.000E+00   8   3.709E+01  1   0.000E+00   0.000E+00   0.000E+00
     79  7.32405245636E+03   2.038E+03   2.038E+03   0.000E+00   2.299E+04   3.157E-07   2.117E+02  1.00050E-02   0.000E+00   0.000E+00   6.376E+01   6.637E-04   0.000E+00   8   2.751E+01  1   0.000E+00   0.000E+00   0.000E+00
     80  7.34401943578E+03   2.124E+03   2.124E+03   0.000E+00   2.918E+04   3.837E-07   2.138E+02  1.00050E-02   0.000E+00   0.000E+00   6.386E+01   6.814E-04   0.000E+00   9   1.997E+01  1   0.000E+00   0.000E+00   0.000E+00
     81  7.34935771501E+03   2.125E+03   2.125E+03   0.000E+00   2.937E+04   3.855E-07   2.159E+02  1.00050E-02   0.000E+00   0.000E+00   6.349E+01   6.787E-04   0.000E+00  11   5.338E+00  1   0.000E+00   0.000E+00   0.000E+00
     82  7.35362833840E+03   2.129E+03   2.129E+03   0.000E+00   2.971E+04   3.896E-07   2.174E+02  1.00050E-02   0.000E+00   0.000E+00   6.328E+01   6.794E-04   0.000E+00   8   4.271E+00  1   0.000E+00   0.000E+00   0.000E+00
     83  7.35362938103E+03   2.129E+03   2.129E+03   0.000E+00   2.971E+04   3.889E-07   2.175E+02  1.00050E-02   0.000E+00   0.000E+00   6.327E+01   6.792E-04   0.000E+00   1   1.043E-03  1   0.000E+00   0.000E+00   0.000E+00
     84  7.35362990235E+03   2.134E+03   2.134E+03   1.149E-10   3.021E+04   3.944E-07   2.171E+02  1.00050E-02   0.000E+00   0.000E+00   6.331E+01   6.788E-04   0.000E+00   2   5.213E-04  1   0.000E+00   0.000E+00   0.000E+00
