
 Timestep     Time[yr]           Tc        Tmax        M-Tmax        Pc        Rho_c         R          M        coreHEmass  coreCOmass       Te           L  T_irr     iter#   dt[yr] Phase     mdot     mdotRei    mdot/Rei                                                                               

      1  1.00000000000E+01   5.895E+02   5.895E+02   0.000E+00   5.627E+02   2.688E-08   1.173E+02  2.00101E-03   0.000E+00   0.000E+00   3.894E+01   2.834E-05   0.000E+00  10   1.000E+01  1   0.000E+00   0.000E+00   0.000E+00
      2  1.64000000000E+01   5.898E+02   5.898E+02   0.000E+00   5.649E+02   2.697E-08   1.163E+02  2.00101E-03   0.000E+00   0.000E+00   3.805E+01   2.540E-05   0.000E+00   8   6.400E+00  1   0.000E+00   0.000E+00   0.000E+00
      3  2.28000000000E+01   5.897E+02   5.897E+02   0.000E+00   5.656E+02   2.701E-08   1.156E+02  2.00101E-03   0.000E+00   0.000E+00   3.745E+01   2.356E-05   0.000E+00   2   6.400E+00  1   0.000E+00   0.000E+00   0.000E+00
      4  3.30400000000E+01   5.900E+02   5.900E+02   0.000E+00   5.677E+02   2.710E-08   1.147E+02  2.00101E-03   0.000E+00   0.000E+00   3.685E+01   2.174E-05   0.000E+00   3   1.024E+01  1   0.000E+00   0.000E+00   0.000E+00
      5  4.43040000000E+01   5.907E+02   5.907E+02   0.000E+00   5.708E+02   2.721E-08   1.139E+02  2.00101E-03   0.000E+00   0.000E+00   3.640E+01   2.043E-05   0.000E+00   2   1.126E+01  1   0.000E+00   0.000E+00   0.000E+00
      6  6.23264000000E+01   5.913E+02   5.913E+02   0.000E+00   5.745E+02   2.734E-08   1.131E+02  2.00101E-03   0.000E+00   0.000E+00   3.595E+01   1.915E-05   0.000E+00   2   1.802E+01  1   0.000E+00   0.000E+00   0.000E+00
      7  9.11622400000E+01   5.920E+02   5.920E+02   0.000E+00   5.782E+02   2.749E-08   1.123E+02  2.00101E-03   0.000E+00   0.000E+00   3.555E+01   1.803E-05   0.000E+00   3   2.884E+01  1   0.000E+00   0.000E+00   0.000E+00
      8  1.22881664000E+02   5.929E+02   5.929E+02   0.000E+00   5.824E+02   2.766E-08   1.116E+02  2.00101E-03   0.000E+00   0.000E+00   3.531E+01   1.735E-05   0.000E+00   2   3.172E+01  1   0.000E+00   0.000E+00   0.000E+00
      9  1.73632742400E+02   5.946E+02   5.946E+02   0.000E+00   5.895E+02   2.792E-08   1.110E+02  2.00101E-03   0.000E+00   0.000E+00   3.514E+01   1.683E-05   0.000E+00   2   5.075E+01  1   0.000E+00   0.000E+00   0.000E+00
     10  2.54834467840E+02   5.975E+02   5.975E+02   0.000E+00   6.016E+02   2.835E-08   1.102E+02  2.00101E-03   0.000E+00   0.000E+00   3.507E+01   1.648E-05   0.000E+00   3   8.120E+01  1   0.000E+00   0.000E+00   0.000E+00
     11  3.44156365824E+02   6.005E+02   6.005E+02   0.000E+00   6.140E+02   2.879E-08   1.096E+02  2.00101E-03   0.000E+00   0.000E+00   3.509E+01   1.632E-05   0.000E+00   3   8.932E+01  1   0.000E+00   0.000E+00   0.000E+00
     12  4.42410453606E+02   6.037E+02   6.037E+02   0.000E+00   6.275E+02   2.926E-08   1.091E+02  2.00101E-03   0.000E+00   0.000E+00   3.515E+01   1.627E-05   0.000E+00   2   9.825E+01  1   0.000E+00   0.000E+00   0.000E+00
     13  5.50489950167E+02   6.074E+02   6.074E+02   0.000E+00   6.429E+02   2.980E-08   1.085E+02  2.00101E-03   0.000E+00   0.000E+00   3.523E+01   1.624E-05   0.000E+00   2   1.081E+02  1   0.000E+00   0.000E+00   0.000E+00
     14  6.69377396384E+02   6.114E+02   6.114E+02   0.000E+00   6.604E+02   3.041E-08   1.078E+02  2.00101E-03   0.000E+00   0.000E+00   3.530E+01   1.617E-05   0.000E+00   2   1.189E+02  1   0.000E+00   0.000E+00   0.000E+00
     15  8.00153587222E+02   6.159E+02   6.159E+02   0.000E+00   6.800E+02   3.109E-08   1.070E+02  2.00101E-03   0.000E+00   0.000E+00   3.536E+01   1.603E-05   0.000E+00   2   1.308E+02  1   0.000E+00   0.000E+00   0.000E+00
     16  9.44007397144E+02   6.205E+02   6.205E+02   0.000E+00   7.012E+02   3.181E-08   1.061E+02  2.00101E-03   0.000E+00   0.000E+00   3.539E+01   1.583E-05   0.000E+00   2   1.439E+02  1   0.000E+00   0.000E+00   0.000E+00
     17  1.10224658806E+03   6.255E+02   6.255E+02   0.000E+00   7.245E+02   3.261E-08   1.053E+02  2.00101E-03   0.000E+00   0.000E+00   3.546E+01   1.570E-05   0.000E+00   3   1.582E+02  1   0.000E+00   0.000E+00   0.000E+00
     18  1.27630969806E+03   6.309E+02   6.309E+02   0.000E+00   7.504E+02   3.348E-08   1.044E+02  2.00101E-03   0.000E+00   0.000E+00   3.553E+01   1.557E-05   0.000E+00   2   1.741E+02  1   0.000E+00   0.000E+00   0.000E+00
     19  1.46777911907E+03   6.368E+02   6.368E+02   0.000E+00   7.793E+02   3.446E-08   1.034E+02  2.00101E-03   0.000E+00   0.000E+00   3.564E+01   1.548E-05   0.000E+00   2   1.915E+02  1   0.000E+00   0.000E+00   0.000E+00
     20  1.67839548218E+03   6.432E+02   6.432E+02   0.000E+00   8.123E+02   3.556E-08   1.024E+02  2.00101E-03   0.000E+00   0.000E+00   3.575E+01   1.536E-05   0.000E+00   2   2.106E+02  1   0.000E+00   0.000E+00   0.000E+00
     21  1.91007348160E+03   6.504E+02   6.504E+02   0.000E+00   8.502E+02   3.680E-08   1.013E+02  2.00101E-03   0.000E+00   0.000E+00   3.585E+01   1.518E-05   0.000E+00   2   2.317E+02  1   0.000E+00   0.000E+00   0.000E+00
     22  2.16491928096E+03   6.579E+02   6.579E+02   0.000E+00   8.914E+02   3.814E-08   1.002E+02  2.00101E-03   0.000E+00   0.000E+00   3.596E+01   1.503E-05   0.000E+00   3   2.548E+02  1   0.000E+00   0.000E+00   0.000E+00
     23  2.44524966025E+03   6.661E+02   6.661E+02   0.000E+00   9.372E+02   3.961E-08   9.891E+01  2.00101E-03   0.000E+00   0.000E+00   3.604E+01   1.480E-05   0.000E+00   2   2.803E+02  1   0.000E+00   0.000E+00   0.000E+00
     24  2.75361307748E+03   6.749E+02   6.749E+02   0.000E+00   9.882E+02   4.123E-08   9.749E+01  2.00101E-03   0.000E+00   0.000E+00   3.608E+01   1.444E-05   0.000E+00   3   3.084E+02  1   0.000E+00   0.000E+00   0.000E+00
     25  3.09281283642E+03   6.849E+02   6.849E+02   0.000E+00   1.048E+03   4.307E-08   9.629E+01  2.00101E-03   0.000E+00   0.000E+00   3.633E+01   1.448E-05   0.000E+00   3   3.392E+02  1   0.000E+00   0.000E+00   0.000E+00
     26  3.46593257127E+03   6.957E+02   6.957E+02   0.000E+00   1.114E+03   4.509E-08   9.491E+01  2.00101E-03   0.000E+00   0.000E+00   3.650E+01   1.432E-05   0.000E+00   2   3.731E+02  1   0.000E+00   0.000E+00   0.000E+00
     27  3.87636427959E+03   7.071E+02   7.071E+02   0.000E+00   1.188E+03   4.729E-08   9.329E+01  2.00101E-03   0.000E+00   0.000E+00   3.654E+01   1.391E-05   0.000E+00   3   4.104E+02  1   0.000E+00   0.000E+00   0.000E+00
     28  4.32783915875E+03   7.196E+02   7.196E+02   0.000E+00   1.272E+03   4.978E-08   9.181E+01  2.00101E-03   0.000E+00   0.000E+00   3.673E+01   1.375E-05   0.000E+00   3   4.515E+02  1   0.000E+00   0.000E+00   0.000E+00
     29  4.82446152583E+03   7.328E+02   7.328E+02   0.000E+00   1.367E+03   5.253E-08   9.028E+01  2.00101E-03   0.000E+00   0.000E+00   3.696E+01   1.363E-05   0.000E+00   3   4.966E+02  1   0.000E+00   0.000E+00   0.000E+00
     30  5.37016023935E+03   7.470E+02   7.470E+02   0.000E+00   1.476E+03   5.563E-08   8.857E+01  2.00101E-03   0.000E+00   0.000E+00   3.711E+01   1.334E-05   0.000E+00   3   5.457E+02  1   0.000E+00   0.000E+00   0.000E+00
     31  5.92745447705E+03   7.612E+02   7.612E+02   0.000E+00   1.592E+03   5.887E-08   8.694E+01  2.00101E-03   0.000E+00   0.000E+00   3.726E+01   1.306E-05   0.000E+00   3   5.573E+02  1   0.000E+00   0.000E+00   0.000E+00
     32  6.51990703053E+03   7.757E+02   7.757E+02   0.000E+00   1.718E+03   6.235E-08   8.530E+01  2.00101E-03   0.000E+00   0.000E+00   3.741E+01   1.278E-05   0.000E+00   3   5.925E+02  1   0.000E+00   0.000E+00   0.000E+00
     33  7.13989750652E+03   7.907E+02   7.907E+02   0.000E+00   1.857E+03   6.613E-08   8.375E+01  2.00101E-03   0.000E+00   0.000E+00   3.766E+01   1.264E-05   0.000E+00   3   6.200E+02  1   0.000E+00   0.000E+00   0.000E+00
     34  7.78741161633E+03   8.061E+02   8.061E+02   0.000E+00   2.010E+03   7.019E-08   8.219E+01  2.00101E-03   0.000E+00   0.000E+00   3.787E+01   1.245E-05   0.000E+00   3   6.475E+02  1   0.000E+00   0.000E+00   0.000E+00
     35  8.45526576217E+03   8.213E+02   8.213E+02   0.000E+00   2.171E+03   7.443E-08   8.053E+01  2.00101E-03   0.000E+00   0.000E+00   3.794E+01   1.204E-05   0.000E+00   3   6.679E+02  1   0.000E+00   0.000E+00   0.000E+00
     36  9.14215273970E+03   8.370E+02   8.370E+02   0.000E+00   2.349E+03   7.900E-08   7.907E+01  2.00101E-03   0.000E+00   0.000E+00   3.817E+01   1.189E-05   0.000E+00   3   6.869E+02  1   0.000E+00   0.000E+00   0.000E+00
     37  9.87137999890E+03   8.532E+02   8.532E+02   0.000E+00   2.544E+03   8.396E-08   7.764E+01  2.00101E-03   0.000E+00   0.000E+00   3.845E+01   1.181E-05   0.000E+00   3   7.292E+02  1   0.000E+00   0.000E+00   0.000E+00
     38  1.06301188221E+04   8.694E+02   8.694E+02   0.000E+00   2.755E+03   8.920E-08   7.605E+01  2.00101E-03   0.000E+00   0.000E+00   3.853E+01   1.143E-05   0.000E+00   3   7.587E+02  1   0.000E+00   0.000E+00   0.000E+00
     39  1.13957578295E+04   8.857E+02   8.857E+02   0.000E+00   2.979E+03   9.468E-08   7.463E+01  2.00101E-03   0.000E+00   0.000E+00   3.871E+01   1.120E-05   0.000E+00   3   7.656E+02  1   0.000E+00   0.000E+00   0.000E+00
     40  1.22110510564E+04   9.027E+02   9.027E+02   0.000E+00   3.228E+03   1.007E-07   7.328E+01  2.00101E-03   0.000E+00   0.000E+00   3.898E+01   1.111E-05   0.000E+00   3   8.153E+02  1   0.000E+00   0.000E+00   0.000E+00
     41  1.30596325224E+04   9.204E+02   9.204E+02   0.000E+00   3.500E+03   1.071E-07   7.185E+01  2.00101E-03   0.000E+00   0.000E+00   3.917E+01   1.089E-05   0.000E+00   2   8.486E+02  1   0.000E+00   0.000E+00   0.000E+00
     42  1.39100786259E+04   9.378E+02   9.378E+02   0.000E+00   3.785E+03   1.136E-07   7.049E+01  2.00101E-03   0.000E+00   0.000E+00   3.932E+01   1.065E-05   0.000E+00   3   8.504E+02  1   0.000E+00   0.000E+00   0.000E+00
     43  1.47868121139E+04   9.557E+02   9.557E+02   0.000E+00   4.093E+03   1.206E-07   6.922E+01  2.00101E-03   0.000E+00   0.000E+00   3.953E+01   1.049E-05   0.000E+00   3   8.767E+02  1   0.000E+00   0.000E+00   0.000E+00
     44  1.56946920952E+04   9.739E+02   9.739E+02   0.000E+00   4.423E+03   1.279E-07   6.790E+01  2.00101E-03   0.000E+00   0.000E+00   3.964E+01   1.020E-05   0.000E+00   3   9.079E+02  1   0.000E+00   0.000E+00   0.000E+00
     45  1.66118598653E+04   9.922E+02   9.922E+02   0.000E+00   4.772E+03   1.354E-07   6.660E+01  2.00101E-03   0.000E+00   0.000E+00   3.972E+01   9.889E-06   0.000E+00   3   9.172E+02  1   0.000E+00   0.000E+00   0.000E+00
     46  1.75590273473E+04   1.011E+03   1.011E+03   0.000E+00   5.156E+03   1.435E-07   6.552E+01  2.00101E-03   0.000E+00   0.000E+00   4.015E+01   9.994E-06   0.000E+00   3   9.472E+02  1   0.000E+00   0.000E+00   0.000E+00
     47  1.85836952962E+04   1.031E+03   1.031E+03   0.000E+00   5.586E+03   1.525E-07   6.430E+01  2.00101E-03   0.000E+00   0.000E+00   4.036E+01   9.830E-06   0.000E+00   2   1.025E+03  1   0.000E+00   0.000E+00   0.000E+00
     48  1.94034296553E+04   1.047E+03   1.047E+03   0.000E+00   5.953E+03   1.600E-07   6.330E+01  2.00101E-03   0.000E+00   0.000E+00   4.047E+01   9.630E-06   0.000E+00   3   8.197E+02  1   0.000E+00   0.000E+00   0.000E+00
     49  2.03051374503E+04   1.065E+03   1.065E+03   0.000E+00   6.364E+03   1.683E-07   6.221E+01  2.00101E-03   0.000E+00   0.000E+00   4.045E+01   9.281E-06   0.000E+00   3   9.017E+02  1   0.000E+00   0.000E+00   0.000E+00
     50  2.12970160248E+04   1.083E+03   1.083E+03   0.000E+00   6.833E+03   1.776E-07   6.118E+01  2.00101E-03   0.000E+00   0.000E+00   4.062E+01   9.130E-06   0.000E+00   3   9.919E+02  1   0.000E+00   0.000E+00   0.000E+00
     51  2.23880824568E+04   1.103E+03   1.103E+03   0.000E+00   7.370E+03   1.881E-07   6.018E+01  2.00101E-03   0.000E+00   0.000E+00   4.101E+01   9.184E-06   0.000E+00   3   1.091E+03  1   0.000E+00   0.000E+00   0.000E+00
     52  2.35882555320E+04   1.125E+03   1.125E+03   0.000E+00   7.996E+03   2.001E-07   5.907E+01  2.00101E-03   0.000E+00   0.000E+00   4.131E+01   9.107E-06   0.000E+00   2   1.200E+03  1   0.000E+00   0.000E+00   0.000E+00
     53  2.45483939922E+04   1.142E+03   1.142E+03   0.000E+00   8.532E+03   2.103E-07   5.814E+01  2.00101E-03   0.000E+00   0.000E+00   4.142E+01   8.913E-06   0.000E+00   3   9.601E+02  1   0.000E+00   0.000E+00   0.000E+00
     54  2.56045462983E+04   1.161E+03   1.161E+03   0.000E+00   9.136E+03   2.216E-07   5.717E+01  2.00101E-03   0.000E+00   0.000E+00   4.145E+01   8.648E-06   0.000E+00   3   1.056E+03  1   0.000E+00   0.000E+00   0.000E+00
     55  2.67663138351E+04   1.181E+03   1.181E+03   0.000E+00   9.829E+03   2.343E-07   5.624E+01  2.00101E-03   0.000E+00   0.000E+00   4.165E+01   8.526E-06   0.000E+00   3   1.162E+03  1   0.000E+00   0.000E+00   0.000E+00
     56  2.80442581256E+04   1.203E+03   1.203E+03   0.000E+00   1.061E+04   2.484E-07   5.527E+01  2.00101E-03   0.000E+00   0.000E+00   4.181E+01   8.367E-06   0.000E+00   3   1.278E+03  1   0.000E+00   0.000E+00   0.000E+00
     57  2.94244716991E+04   1.226E+03   1.226E+03   0.000E+00   1.151E+04   2.644E-07   5.429E+01  2.00101E-03   0.000E+00   0.000E+00   4.214E+01   8.332E-06   0.000E+00   3   1.380E+03  1   0.000E+00   0.000E+00   0.000E+00
     58  3.08620429361E+04   1.249E+03   1.249E+03   0.000E+00   1.248E+04   2.814E-07   5.325E+01  2.00101E-03   0.000E+00   0.000E+00   4.219E+01   8.051E-06   0.000E+00   3   1.438E+03  1   0.000E+00   0.000E+00   0.000E+00
     59  3.23233461808E+04   1.273E+03   1.273E+03   0.000E+00   1.354E+04   2.995E-07   5.234E+01  2.00101E-03   0.000E+00   0.000E+00   4.256E+01   8.053E-06   0.000E+00   3   1.461E+03  1   0.000E+00   0.000E+00   0.000E+00
     60  3.38946822977E+04   1.298E+03   1.298E+03   0.000E+00   1.474E+04   3.197E-07   5.139E+01  2.00101E-03   0.000E+00   0.000E+00   4.289E+01   8.009E-06   0.000E+00   2   1.571E+03  1   0.000E+00   0.000E+00   0.000E+00
     61  3.54736455110E+04   1.324E+03   1.324E+03   0.000E+00   1.602E+04   3.408E-07   5.044E+01  2.00101E-03   0.000E+00   0.000E+00   4.302E+01   7.812E-06   0.000E+00   2   1.579E+03  1   0.000E+00   0.000E+00   0.000E+00
     62  3.70875535266E+04   1.348E+03   1.348E+03   0.000E+00   1.736E+04   3.627E-07   4.952E+01  2.00101E-03   0.000E+00   0.000E+00   4.301E+01   7.521E-06   0.000E+00   3   1.614E+03  1   0.000E+00   0.000E+00   0.000E+00
     63  3.87887951748E+04   1.375E+03   1.375E+03   0.000E+00   1.889E+04   3.869E-07   4.868E+01  2.00101E-03   0.000E+00   0.000E+00   4.329E+01   7.455E-06   0.000E+00   3   1.701E+03  1   0.000E+00   0.000E+00   0.000E+00
     64  4.05618161739E+04   1.403E+03   1.403E+03   0.000E+00   2.061E+04   4.138E-07   4.785E+01  2.00101E-03   0.000E+00   0.000E+00   4.384E+01   7.580E-06   0.000E+00   2   1.773E+03  1   0.000E+00   0.000E+00   0.000E+00
     65  4.23592816714E+04   1.431E+03   1.431E+03   0.000E+00   2.248E+04   4.422E-07   4.697E+01  2.00101E-03   0.000E+00   0.000E+00   4.412E+01   7.491E-06   0.000E+00   2   1.797E+03  1   0.000E+00   0.000E+00   0.000E+00
     66  4.37972540694E+04   1.455E+03   1.455E+03   0.000E+00   2.414E+04   4.669E-07   4.626E+01  2.00101E-03   0.000E+00   0.000E+00   4.427E+01   7.367E-06   0.000E+00   2   1.438E+03  1   0.000E+00   0.000E+00   0.000E+00
     67  4.53790237071E+04   1.480E+03   1.480E+03   0.000E+00   2.596E+04   4.938E-07   4.553E+01  2.00101E-03   0.000E+00   0.000E+00   4.427E+01   7.138E-06   0.000E+00   2   1.582E+03  1   0.000E+00   0.000E+00   0.000E+00
     68  4.71189703087E+04   1.507E+03   1.507E+03   0.000E+00   2.806E+04   5.245E-07   4.484E+01  2.00101E-03   0.000E+00   0.000E+00   4.451E+01   7.072E-06   0.000E+00   3   1.740E+03  1   0.000E+00   0.000E+00   0.000E+00
     69  4.90329115704E+04   1.536E+03   1.536E+03   0.000E+00   3.053E+04   5.597E-07   4.411E+01  2.00101E-03   0.000E+00   0.000E+00   4.480E+01   7.023E-06   0.000E+00   2   1.914E+03  1   0.000E+00   0.000E+00   0.000E+00
     70  5.10370123109E+04   1.567E+03   1.567E+03   0.000E+00   3.332E+04   5.988E-07   4.337E+01  2.00101E-03   0.000E+00   0.000E+00   4.533E+01   7.116E-06   0.000E+00   3   2.004E+03  1   0.000E+00   0.000E+00   0.000E+00
     71  5.31049827529E+04   1.599E+03   1.599E+03   0.000E+00   3.642E+04   6.414E-07   4.258E+01  2.00101E-03   0.000E+00   0.000E+00   4.559E+01   7.023E-06   0.000E+00   2   2.068E+03  1   0.000E+00   0.000E+00   0.000E+00
     72  5.47593591065E+04   1.625E+03   1.625E+03   0.000E+00   3.916E+04   6.785E-07   4.196E+01  2.00101E-03   0.000E+00   0.000E+00   4.564E+01   6.847E-06   0.000E+00   3   1.654E+03  1   0.000E+00   0.000E+00   0.000E+00
     73  5.65791730955E+04   1.653E+03   1.653E+03   0.000E+00   4.232E+04   7.207E-07   4.135E+01  2.00101E-03   0.000E+00   0.000E+00   4.597E+01   6.843E-06   0.000E+00   3   1.820E+03  1   0.000E+00   0.000E+00   0.000E+00
     74  5.85809684834E+04   1.685E+03   1.685E+03   0.000E+00   4.605E+04   7.694E-07   4.069E+01  2.00101E-03   0.000E+00   0.000E+00   4.628E+01   6.808E-06   0.000E+00   2   2.002E+03  1   0.000E+00   0.000E+00   0.000E+00
     75  6.07226591035E+04   1.719E+03   1.719E+03   0.000E+00   5.035E+04   8.246E-07   4.002E+01  2.00101E-03   0.000E+00   0.000E+00   4.662E+01   6.779E-06   0.000E+00   3   2.142E+03  1   0.000E+00   0.000E+00   0.000E+00
     76  6.28991251313E+04   1.742E+03   1.742E+03   0.000E+00   5.503E+04   8.892E-07   3.936E+01  2.00101E-03   0.000E+00   0.000E+00   4.689E+01   6.715E-06   0.000E+00  10   2.176E+03  1   0.000E+00   0.000E+00   0.000E+00
     77  6.46402979534E+04   1.755E+03   1.755E+03   0.000E+00   5.936E+04   9.523E-07   3.883E+01  2.00101E-03   0.000E+00   0.000E+00   4.714E+01   6.674E-06   0.000E+00   5   1.741E+03  1   0.000E+00   0.000E+00   0.000E+00
     78  6.63814707756E+04   1.764E+03   1.764E+03   0.000E+00   6.421E+04   1.025E-06   3.832E+01  2.00101E-03   0.000E+00   0.000E+00   4.742E+01   6.655E-06   0.000E+00   4   1.741E+03  1   0.000E+00   0.000E+00   0.000E+00
     79  6.82967608800E+04   1.771E+03   1.771E+03   0.000E+00   7.021E+04   1.116E-06   3.777E+01  2.00101E-03   0.000E+00   0.000E+00   4.794E+01   6.750E-06   0.000E+00   4   1.915E+03  1   0.000E+00   0.000E+00   0.000E+00
     80  7.04035799948E+04   1.777E+03   1.777E+03   0.000E+00   7.764E+04   1.230E-06   3.717E+01  2.00101E-03   0.000E+00   0.000E+00   4.834E+01   6.765E-06   0.000E+00   4   2.107E+03  1   0.000E+00   0.000E+00   0.000E+00
     81  7.26857519665E+04   1.783E+03   1.783E+03   0.000E+00   8.693E+04   1.373E-06   3.658E+01  2.00101E-03   0.000E+00   0.000E+00   4.870E+01   6.742E-06   0.000E+00   4   2.282E+03  1   0.000E+00   0.000E+00   0.000E+00
     82  7.51767498290E+04   1.789E+03   1.789E+03   0.000E+00   9.877E+04   1.554E-06   3.601E+01  2.00101E-03   0.000E+00   0.000E+00   4.901E+01   6.706E-06   0.000E+00   4   2.491E+03  1   0.000E+00   0.000E+00   0.000E+00
     83  7.79123602163E+04   1.796E+03   1.796E+03   0.000E+00   1.143E+05   1.791E-06   3.556E+01  2.00101E-03   0.000E+00   0.000E+00   4.924E+01   6.660E-06   0.000E+00   4   2.736E+03  1   0.000E+00   0.000E+00   0.000E+00
     84  8.09215316424E+04   1.807E+03   1.807E+03   0.000E+00   1.355E+05   2.111E-06   3.515E+01  2.00101E-03   0.000E+00   0.000E+00   4.975E+01   6.781E-06   0.000E+00   4   3.009E+03  1   0.000E+00   0.000E+00   0.000E+00
     85  8.41386027108E+04   1.823E+03   1.823E+03   0.000E+00   1.649E+05   2.546E-06   3.482E+01  2.00101E-03   0.000E+00   0.000E+00   5.041E+01   7.016E-06   0.000E+00   5   3.217E+03  1   0.000E+00   0.000E+00   0.000E+00
     86  8.67122595655E+04   1.844E+03   1.844E+03   0.000E+00   1.976E+05   3.017E-06   3.477E+01  2.00101E-03   0.000E+00   0.000E+00   5.075E+01   7.186E-06   0.000E+00   5   2.574E+03  1   0.000E+00   0.000E+00   0.000E+00
     87  8.87711850493E+04   1.868E+03   1.868E+03   0.000E+00   2.330E+05   3.511E-06   3.492E+01  2.00101E-03   0.000E+00   0.000E+00   5.086E+01   7.311E-06   0.000E+00   5   2.059E+03  1   0.000E+00   0.000E+00   0.000E+00
     88  9.04183254363E+04   1.896E+03   1.896E+03   0.000E+00   2.708E+05   4.021E-06   3.517E+01  2.00101E-03   0.000E+00   0.000E+00   5.125E+01   7.649E-06   0.000E+00   4   1.647E+03  1   0.000E+00   0.000E+00   0.000E+00
     89  9.17360377459E+04   1.925E+03   1.925E+03   0.000E+00   3.100E+05   4.534E-06   3.551E+01  2.00101E-03   0.000E+00   0.000E+00   5.139E+01   7.881E-06   0.000E+00   4   1.318E+03  1   0.000E+00   0.000E+00   0.000E+00
     90  9.27902075936E+04   1.955E+03   1.955E+03   0.000E+00   3.506E+05   5.047E-06   3.593E+01  2.00101E-03   0.000E+00   0.000E+00   5.142E+01   8.091E-06   0.000E+00   4   1.054E+03  1   0.000E+00   0.000E+00   0.000E+00
     91  9.38716473803E+04   1.990E+03   1.990E+03   0.000E+00   4.014E+05   5.674E-06   3.644E+01  2.00101E-03   0.000E+00   0.000E+00   5.192E+01   8.645E-06   0.000E+00   5   1.081E+03  1   0.000E+00   0.000E+00   0.000E+00
     92  9.47367992096E+04   2.026E+03   2.026E+03   0.000E+00   4.545E+05   6.307E-06   3.695E+01  2.00101E-03   0.000E+00   0.000E+00   5.215E+01   9.052E-06   0.000E+00   4   8.652E+02  1   0.000E+00   0.000E+00   0.000E+00
     93  9.54289206730E+04   2.061E+03   2.061E+03   0.000E+00   5.077E+05   6.924E-06   3.747E+01  2.00101E-03   0.000E+00   0.000E+00   5.229E+01   9.410E-06   0.000E+00   4   6.921E+02  1   0.000E+00   0.000E+00   0.000E+00
     94  9.61317339322E+04   2.103E+03   2.103E+03   0.000E+00   5.736E+05   7.668E-06   3.817E+01  2.00101E-03   0.000E+00   0.000E+00   5.239E+01   9.837E-06   0.000E+00   4   7.028E+02  1   0.000E+00   0.000E+00   0.000E+00
     95  9.66939845396E+04   2.147E+03   2.147E+03   0.000E+00   6.436E+05   8.429E-06   3.893E+01  2.00101E-03   0.000E+00   0.000E+00   5.213E+01   1.003E-05   0.000E+00   4   5.623E+02  1   0.000E+00   0.000E+00   0.000E+00
     96  9.71437850255E+04   2.191E+03   2.191E+03   0.000E+00   7.184E+05   9.212E-06   3.964E+01  2.00101E-03   0.000E+00   0.000E+00   5.231E+01   1.054E-05   0.000E+00   4   4.498E+02  1   0.000E+00   0.000E+00   0.000E+00
     97  9.75036254142E+04   2.234E+03   2.234E+03   0.000E+00   7.950E+05   9.994E-06   4.031E+01  2.00101E-03   0.000E+00   0.000E+00   5.248E+01   1.105E-05   0.000E+00   4   3.598E+02  1   0.000E+00   0.000E+00   0.000E+00
     98  9.78961074749E+04   2.288E+03   2.288E+03   0.000E+00   8.987E+05   1.102E-05   4.120E+01  2.00101E-03   0.000E+00   0.000E+00   5.262E+01   1.166E-05   0.000E+00   4   3.925E+02  1   0.000E+00   0.000E+00   0.000E+00
     99  9.82100931235E+04   2.343E+03   2.343E+03   0.000E+00   1.016E+06   1.215E-05   4.206E+01  2.00101E-03   0.000E+00   0.000E+00   5.257E+01   1.211E-05   0.000E+00   4   3.140E+02  1   0.000E+00   0.000E+00   0.000E+00
    100  9.84612816424E+04   2.405E+03   2.405E+03   0.000E+00   1.165E+06   1.355E-05   4.295E+01  2.00101E-03   0.000E+00   0.000E+00   5.210E+01   1.218E-05   0.000E+00  14   2.512E+02  1   0.000E+00   0.000E+00   0.000E+00
    101  9.86622324575E+04   2.482E+03   2.482E+03   0.000E+00   1.380E+06   1.552E-05   4.383E+01  2.00101E-03   0.000E+00   0.000E+00   5.250E+01   1.308E-05   0.000E+00   5   2.010E+02  1   0.000E+00   0.000E+00   0.000E+00
    102  9.88229931095E+04   7.386E+04   7.386E+04   0.000E+00   1.166E+13   1.369E+00   2.999E-01  2.00101E-03   0.000E+00   0.000E+00   5.527E+02   7.523E-06   0.000E+00   6   1.608E+02  1   0.000E+00   0.000E+00   0.000E+00
