
 Timestep     Time[yr]           Tc        Tmax        M-Tmax        Pc        Rho_c         R          M        coreHEmass  coreCOmass       Te           L  T_irr     iter#   dt[yr] Phase     mdot     mdotRei    mdot/Rei 

      1  1.00000000000E+01   6.111E+02   6.111E+02   0.000E+00   5.223E+01   2.407E-09   3.576E+02  7.00352E-03   0.000E+00   0.000E+00   5.312E+01   9.123E-04   0.000E+00  40   1.000E+01  1   0.000E+00   0.000E+00   0.000E+00
      2  1.24464422133E+01   6.123E+02   6.123E+02   0.000E+00   5.265E+01   2.421E-09   3.532E+02  7.00352E-03   0.000E+00   0.000E+00   5.180E+01   8.050E-04   0.000E+00  12   2.446E+00  1   0.000E+00   0.000E+00   0.000E+00
      3  1.44035959840E+01   6.132E+02   6.132E+02   0.000E+00   5.293E+01   2.431E-09   3.502E+02  7.00352E-03   0.000E+00   0.000E+00   5.093E+01   7.394E-04   0.000E+00   4   1.957E+00  1   0.000E+00   0.000E+00   0.000E+00
      4  1.65564651317E+01   6.142E+02   6.142E+02   0.000E+00   5.328E+01   2.443E-09   3.474E+02  7.00352E-03   0.000E+00   0.000E+00   5.013E+01   6.834E-04   0.000E+00   2   2.153E+00  1   0.000E+00   0.000E+00   0.000E+00
      5  2.00010557681E+01   6.158E+02   6.158E+02   0.000E+00   5.386E+01   2.463E-09   3.439E+02  7.00352E-03   0.000E+00   0.000E+00   4.916E+01   6.188E-04   0.000E+00   2   3.445E+00  1   0.000E+00   0.000E+00   0.000E+00
      6  2.37901054682E+01   6.172E+02   6.172E+02   0.000E+00   5.437E+01   2.480E-09   3.409E+02  7.00352E-03   0.000E+00   0.000E+00   4.831E+01   5.673E-04   0.000E+00   3   3.789E+00  1   0.000E+00   0.000E+00   0.000E+00
      7  2.79580601382E+01   6.183E+02   6.183E+02   0.000E+00   5.478E+01   2.494E-09   3.385E+02  7.00352E-03   0.000E+00   0.000E+00   4.762E+01   5.277E-04   0.000E+00   3   4.168E+00  1   0.000E+00   0.000E+00   0.000E+00
      8  3.25428102752E+01   6.196E+02   6.196E+02   0.000E+00   5.526E+01   2.511E-09   3.363E+02  7.00352E-03   0.000E+00   0.000E+00   4.705E+01   4.964E-04   0.000E+00   2   4.585E+00  1   0.000E+00   0.000E+00   0.000E+00
      9  3.98784104944E+01   6.216E+02   6.216E+02   0.000E+00   5.605E+01   2.538E-09   3.337E+02  7.00352E-03   0.000E+00   0.000E+00   4.643E+01   4.635E-04   0.000E+00   3   7.336E+00  1   0.000E+00   0.000E+00   0.000E+00
     10  4.79475707356E+01   6.236E+02   6.236E+02   0.000E+00   5.684E+01   2.566E-09   3.316E+02  7.00352E-03   0.000E+00   0.000E+00   4.598E+01   4.403E-04   0.000E+00   3   8.069E+00  1   0.000E+00   0.000E+00   0.000E+00
     11  5.68236470009E+01   6.257E+02   6.257E+02   0.000E+00   5.767E+01   2.595E-09   3.298E+02  7.00352E-03   0.000E+00   0.000E+00   4.568E+01   4.243E-04   0.000E+00   2   8.876E+00  1   0.000E+00   0.000E+00   0.000E+00
     12  7.10253690253E+01   6.289E+02   6.289E+02   0.000E+00   5.897E+01   2.640E-09   3.277E+02  7.00352E-03   0.000E+00   0.000E+00   4.545E+01   4.107E-04   0.000E+00   2   1.420E+01  1   0.000E+00   0.000E+00   0.000E+00
     13  8.66472632522E+01   6.325E+02   6.325E+02   0.000E+00   6.043E+01   2.690E-09   3.258E+02  7.00352E-03   0.000E+00   0.000E+00   4.536E+01   4.026E-04   0.000E+00   2   1.562E+01  1   0.000E+00   0.000E+00   0.000E+00
     14  1.03831346902E+02   6.363E+02   6.363E+02   0.000E+00   6.202E+01   2.744E-09   3.237E+02  7.00352E-03   0.000E+00   0.000E+00   4.528E+01   3.947E-04   0.000E+00   2   1.718E+01  1   0.000E+00   0.000E+00   0.000E+00
     15  1.22733838916E+02   6.404E+02   6.404E+02   0.000E+00   6.379E+01   2.804E-09   3.218E+02  7.00352E-03   0.000E+00   0.000E+00   4.528E+01   3.903E-04   0.000E+00   2   1.890E+01  1   0.000E+00   0.000E+00   0.000E+00
     16  1.43526580132E+02   6.450E+02   6.450E+02   0.000E+00   6.577E+01   2.871E-09   3.199E+02  7.00352E-03   0.000E+00   0.000E+00   4.535E+01   3.878E-04   0.000E+00   2   2.079E+01  1   0.000E+00   0.000E+00   0.000E+00
     17  1.66398595470E+02   6.502E+02   6.502E+02   0.000E+00   6.805E+01   2.947E-09   3.178E+02  7.00352E-03   0.000E+00   0.000E+00   4.545E+01   3.862E-04   0.000E+00   2   2.287E+01  1   0.000E+00   0.000E+00   0.000E+00
     18  1.91557812341E+02   6.557E+02   6.557E+02   0.000E+00   7.057E+01   3.029E-09   3.156E+02  7.00352E-03   0.000E+00   0.000E+00   4.558E+01   3.853E-04   0.000E+00   2   2.516E+01  1   0.000E+00   0.000E+00   0.000E+00
     19  2.19232950900E+02   6.616E+02   6.616E+02   0.000E+00   7.331E+01   3.119E-09   3.133E+02  7.00352E-03   0.000E+00   0.000E+00   4.571E+01   3.841E-04   0.000E+00   2   2.768E+01  1   0.000E+00   0.000E+00   0.000E+00
     20  2.49675603314E+02   6.681E+02   6.681E+02   0.000E+00   7.640E+01   3.220E-09   3.107E+02  7.00352E-03   0.000E+00   0.000E+00   4.583E+01   3.817E-04   0.000E+00   2   3.044E+01  1   0.000E+00   0.000E+00   0.000E+00
     21  2.83162520970E+02   6.753E+02   6.753E+02   0.000E+00   7.995E+01   3.334E-09   3.080E+02  7.00352E-03   0.000E+00   0.000E+00   4.596E+01   3.794E-04   0.000E+00   2   3.349E+01  1   0.000E+00   0.000E+00   0.000E+00
     22  3.19998130391E+02   6.833E+02   6.833E+02   0.000E+00   8.399E+01   3.461E-09   3.050E+02  7.00352E-03   0.000E+00   0.000E+00   4.605E+01   3.750E-04   0.000E+00   3   3.684E+01  1   0.000E+00   0.000E+00   0.000E+00
     23  3.60517300755E+02   6.918E+02   6.918E+02   0.000E+00   8.845E+01   3.600E-09   3.021E+02  7.00352E-03   0.000E+00   0.000E+00   4.623E+01   3.735E-04   0.000E+00   3   4.052E+01  1   0.000E+00   0.000E+00   0.000E+00
     24  4.05088388154E+02   7.012E+02   7.012E+02   0.000E+00   9.354E+01   3.756E-09   2.988E+02  7.00352E-03   0.000E+00   0.000E+00   4.638E+01   3.704E-04   0.000E+00   2   4.457E+01  1   0.000E+00   0.000E+00   0.000E+00
     25  4.54116584294E+02   7.116E+02   7.116E+02   0.000E+00   9.940E+01   3.933E-09   2.954E+02  7.00352E-03   0.000E+00   0.000E+00   4.659E+01   3.684E-04   0.000E+00   3   4.903E+01  1   0.000E+00   0.000E+00   0.000E+00
     26  5.08047600048E+02   7.227E+02   7.227E+02   0.000E+00   1.059E+02   4.127E-09   2.918E+02  7.00352E-03   0.000E+00   0.000E+00   4.672E+01   3.635E-04   0.000E+00   3   5.393E+01  1   0.000E+00   0.000E+00   0.000E+00
     27  5.67371717377E+02   7.347E+02   7.347E+02   0.000E+00   1.134E+02   4.344E-09   2.881E+02  7.00352E-03   0.000E+00   0.000E+00   4.694E+01   3.611E-04   0.000E+00   3   5.932E+01  1   0.000E+00   0.000E+00   0.000E+00
     28  6.32628246439E+02   7.480E+02   7.480E+02   0.000E+00   1.220E+02   4.592E-09   2.842E+02  7.00352E-03   0.000E+00   0.000E+00   4.724E+01   3.606E-04   0.000E+00   3   6.526E+01  1   0.000E+00   0.000E+00   0.000E+00
     29  7.04410428408E+02   7.621E+02   7.621E+02   0.000E+00   1.318E+02   4.869E-09   2.801E+02  7.00352E-03   0.000E+00   0.000E+00   4.751E+01   3.583E-04   0.000E+00   3   7.178E+01  1   0.000E+00   0.000E+00   0.000E+00
     30  7.83370828573E+02   7.773E+02   7.773E+02   0.000E+00   1.431E+02   5.184E-09   2.758E+02  7.00352E-03   0.000E+00   0.000E+00   4.770E+01   3.531E-04   0.000E+00   3   7.896E+01  1   0.000E+00   0.000E+00   0.000E+00
     31  8.65933370816E+02   7.929E+02   7.929E+02   0.000E+00   1.556E+02   5.526E-09   2.717E+02  7.00352E-03   0.000E+00   0.000E+00   4.807E+01   3.531E-04   0.000E+00   3   8.256E+01  1   0.000E+00   0.000E+00   0.000E+00
     32  9.53303329784E+02   8.092E+02   8.092E+02   0.000E+00   1.697E+02   5.902E-09   2.674E+02  7.00352E-03   0.000E+00   0.000E+00   4.835E+01   3.500E-04   0.000E+00   2   8.737E+01  1   0.000E+00   0.000E+00   0.000E+00
     33  1.04195977551E+03   8.255E+02   8.255E+02   0.000E+00   1.848E+02   6.304E-09   2.633E+02  7.00352E-03   0.000E+00   0.000E+00   4.882E+01   3.528E-04   0.000E+00   3   8.866E+01  1   0.000E+00   0.000E+00   0.000E+00
     34  1.13481192578E+03   8.424E+02   8.424E+02   0.000E+00   2.017E+02   6.739E-09   2.590E+02  7.00352E-03   0.000E+00   0.000E+00   4.892E+01   3.443E-04   0.000E+00   2   9.285E+01  1   0.000E+00   0.000E+00   0.000E+00
     35  1.20909364599E+03   8.565E+02   8.565E+02   0.000E+00   2.164E+02   7.113E-09   2.558E+02  7.00352E-03   0.000E+00   0.000E+00   4.926E+01   3.454E-04   0.000E+00   2   7.428E+01  1   0.000E+00   0.000E+00   0.000E+00
     36  1.29080353822E+03   8.716E+02   8.716E+02   0.000E+00   2.332E+02   7.534E-09   2.524E+02  7.00352E-03   0.000E+00   0.000E+00   4.960E+01   3.455E-04   0.000E+00   3   8.171E+01  1   0.000E+00   0.000E+00   0.000E+00
     37  1.38068441968E+03   8.886E+02   8.886E+02   0.000E+00   2.530E+02   8.018E-09   2.487E+02  7.00352E-03   0.000E+00   0.000E+00   4.998E+01   3.460E-04   0.000E+00   3   8.988E+01  1   0.000E+00   0.000E+00   0.000E+00
     38  1.47718998874E+03   9.067E+02   9.067E+02   0.000E+00   2.756E+02   8.556E-09   2.450E+02  7.00352E-03   0.000E+00   0.000E+00   5.023E+01   3.424E-04   0.000E+00   3   9.651E+01  1   0.000E+00   0.000E+00   0.000E+00
     39  1.57566705647E+03   9.250E+02   9.250E+02   0.000E+00   2.996E+02   9.121E-09   2.414E+02  7.00352E-03   0.000E+00   0.000E+00   5.059E+01   3.419E-04   0.000E+00   4   9.848E+01  1   0.000E+00   0.000E+00   0.000E+00
     40  1.67920922998E+03   9.446E+02   9.446E+02   0.000E+00   3.270E+02   9.748E-09   2.377E+02  7.00352E-03   0.000E+00   0.000E+00   5.107E+01   3.442E-04   0.000E+00   2   1.035E+02  1   0.000E+00   0.000E+00   0.000E+00
     41  1.78307728314E+03   9.645E+02   9.645E+02   0.000E+00   3.566E+02   1.041E-08   2.339E+02  7.00352E-03   0.000E+00   0.000E+00   5.160E+01   3.475E-04   0.000E+00   2   1.039E+02  1   0.000E+00   0.000E+00   0.000E+00
     42  1.88752158685E+03   9.842E+02   9.842E+02   0.000E+00   3.879E+02   1.110E-08   2.303E+02  7.00352E-03   0.000E+00   0.000E+00   5.168E+01   3.392E-04   0.000E+00   3   1.044E+02  1   0.000E+00   0.000E+00   0.000E+00
     43  1.99199864597E+03   1.004E+03   1.004E+03   0.000E+00   4.216E+02   1.182E-08   2.270E+02  7.00352E-03   0.000E+00   0.000E+00   5.218E+01   3.424E-04   0.000E+00   3   1.045E+02  1   0.000E+00   0.000E+00   0.000E+00
     44  2.10418340427E+03   1.026E+03   1.026E+03   0.000E+00   4.601E+02   1.263E-08   2.234E+02  7.00352E-03   0.000E+00   0.000E+00   5.272E+01   3.455E-04   0.000E+00   2   1.122E+02  1   0.000E+00   0.000E+00   0.000E+00
     45  2.19393121091E+03   1.044E+03   1.044E+03   0.000E+00   4.942E+02   1.333E-08   2.204E+02  7.00352E-03   0.000E+00   0.000E+00   5.305E+01   3.448E-04   0.000E+00   3   8.975E+01  1   0.000E+00   0.000E+00   0.000E+00
     46  2.29265379822E+03   1.063E+03   1.063E+03   0.000E+00   5.336E+02   1.413E-08   2.173E+02  7.00352E-03   0.000E+00   0.000E+00   5.328E+01   3.411E-04   0.000E+00   4   9.872E+01  1   0.000E+00   0.000E+00   0.000E+00
     47  2.40124864425E+03   1.084E+03   1.084E+03   0.000E+00   5.787E+02   1.503E-08   2.142E+02  7.00352E-03   0.000E+00   0.000E+00   5.371E+01   3.421E-04   0.000E+00   4   1.086E+02  1   0.000E+00   0.000E+00   0.000E+00
     48  2.51747909557E+03   1.107E+03   1.107E+03   0.000E+00   6.303E+02   1.603E-08   2.108E+02  7.00352E-03   0.000E+00   0.000E+00   5.422E+01   3.440E-04   0.000E+00   2   1.162E+02  1   0.000E+00   0.000E+00   0.000E+00
     49  2.63429101490E+03   1.131E+03   1.131E+03   0.000E+00   6.859E+02   1.708E-08   2.072E+02  7.00352E-03   0.000E+00   0.000E+00   5.483E+01   3.477E-04   0.000E+00   2   1.168E+02  1   0.000E+00   0.000E+00   0.000E+00
     50  2.75232339207E+03   1.154E+03   1.154E+03   0.000E+00   7.448E+02   1.817E-08   2.041E+02  7.00352E-03   0.000E+00   0.000E+00   5.490E+01   3.390E-04   0.000E+00   3   1.180E+02  1   0.000E+00   0.000E+00   0.000E+00
     51  2.84674929381E+03   1.174E+03   1.174E+03   0.000E+00   7.970E+02   1.912E-08   2.015E+02  7.00352E-03   0.000E+00   0.000E+00   5.542E+01   3.433E-04   0.000E+00   3   9.443E+01  1   0.000E+00   0.000E+00   0.000E+00
     52  2.95061778573E+03   1.195E+03   1.195E+03   0.000E+00   8.571E+02   2.020E-08   1.986E+02  7.00352E-03   0.000E+00   0.000E+00   5.588E+01   3.447E-04   0.000E+00   3   1.039E+02  1   0.000E+00   0.000E+00   0.000E+00
     53  3.06487312683E+03   1.219E+03   1.219E+03   0.000E+00   9.285E+02   2.144E-08   1.953E+02  7.00352E-03   0.000E+00   0.000E+00   5.638E+01   3.453E-04   0.000E+00   2   1.143E+02  1   0.000E+00   0.000E+00   0.000E+00
     54  3.18430100676E+03   1.244E+03   1.244E+03   0.000E+00   1.006E+03   2.277E-08   1.920E+02  7.00352E-03   0.000E+00   0.000E+00   5.685E+01   3.451E-04   0.000E+00   3   1.194E+02  1   0.000E+00   0.000E+00   0.000E+00
     55  3.31026824805E+03   1.269E+03   1.269E+03   0.000E+00   1.092E+03   2.422E-08   1.886E+02  7.00352E-03   0.000E+00   0.000E+00   5.729E+01   3.436E-04   0.000E+00   3   1.260E+02  1   0.000E+00   0.000E+00   0.000E+00
     56  3.43945385627E+03   1.296E+03   1.296E+03   0.000E+00   1.186E+03   2.577E-08   1.856E+02  7.00352E-03   0.000E+00   0.000E+00   5.755E+01   3.385E-04   0.000E+00   3   1.292E+02  1   0.000E+00   0.000E+00   0.000E+00
     57  3.57221698242E+03   1.322E+03   1.322E+03   0.000E+00   1.289E+03   2.744E-08   1.824E+02  7.00352E-03   0.000E+00   0.000E+00   5.808E+01   3.393E-04   0.000E+00   3   1.328E+02  1   0.000E+00   0.000E+00   0.000E+00
     58  3.70988797264E+03   1.350E+03   1.350E+03   0.000E+00   1.404E+03   2.927E-08   1.791E+02  7.00352E-03   0.000E+00   0.000E+00   5.858E+01   3.385E-04   0.000E+00   2   1.377E+02  1   0.000E+00   0.000E+00   0.000E+00
     59  3.84780282101E+03   1.378E+03   1.378E+03   0.000E+00   1.527E+03   3.120E-08   1.757E+02  7.00352E-03   0.000E+00   0.000E+00   5.915E+01   3.385E-04   0.000E+00   3   1.379E+02  1   0.000E+00   0.000E+00   0.000E+00
     60  3.98858080237E+03   1.406E+03   1.406E+03   0.000E+00   1.663E+03   3.329E-08   1.723E+02  7.00352E-03   0.000E+00   0.000E+00   5.966E+01   3.368E-04   0.000E+00   2   1.408E+02  1   0.000E+00   0.000E+00   0.000E+00
     61  4.13045872032E+03   1.434E+03   1.434E+03   0.000E+00   1.807E+03   3.549E-08   1.690E+02  7.00352E-03   0.000E+00   0.000E+00   6.014E+01   3.346E-04   0.000E+00   3   1.419E+02  1   0.000E+00   0.000E+00   0.000E+00
     62  4.27664692144E+03   1.463E+03   1.463E+03   0.000E+00   1.967E+03   3.787E-08   1.661E+02  7.00352E-03   0.000E+00   0.000E+00   6.031E+01   3.273E-04   0.000E+00   3   1.462E+02  1   0.000E+00   0.000E+00   0.000E+00
     63  4.42477036379E+03   1.491E+03   1.491E+03   0.000E+00   2.142E+03   4.046E-08   1.630E+02  7.00352E-03   0.000E+00   0.000E+00   6.093E+01   3.283E-04   0.000E+00   3   1.481E+02  1   0.000E+00   0.000E+00   0.000E+00
     64  4.57994484561E+03   1.518E+03   1.518E+03   0.000E+00   2.336E+03   4.334E-08   1.598E+02  7.00352E-03   0.000E+00   0.000E+00   6.147E+01   3.266E-04   0.000E+00   3   1.552E+02  1   0.000E+00   0.000E+00   0.000E+00
     65  4.73689233938E+03   1.544E+03   1.544E+03   0.000E+00   2.550E+03   4.651E-08   1.565E+02  7.00352E-03   0.000E+00   0.000E+00   6.199E+01   3.243E-04   0.000E+00   3   1.569E+02  1   0.000E+00   0.000E+00   0.000E+00
     66  4.89609392861E+03   1.568E+03   1.568E+03   0.000E+00   2.785E+03   5.001E-08   1.534E+02  7.00352E-03   0.000E+00   0.000E+00   6.247E+01   3.210E-04   0.000E+00   3   1.592E+02  1   0.000E+00   0.000E+00   0.000E+00
     67  5.05890894559E+03   1.591E+03   1.591E+03   0.000E+00   3.046E+03   5.393E-08   1.503E+02  7.00352E-03   0.000E+00   0.000E+00   6.292E+01   3.176E-04   0.000E+00   3   1.628E+02  1   0.000E+00   0.000E+00   0.000E+00
     68  5.22658805463E+03   1.612E+03   1.612E+03   0.000E+00   3.342E+03   5.836E-08   1.474E+02  7.00352E-03   0.000E+00   0.000E+00   6.338E+01   3.140E-04   0.000E+00   3   1.677E+02  1   0.000E+00   0.000E+00   0.000E+00
     69  5.40000636199E+03   1.633E+03   1.633E+03   0.000E+00   3.681E+03   6.344E-08   1.446E+02  7.00352E-03   0.000E+00   0.000E+00   6.377E+01   3.100E-04   0.000E+00   3   1.734E+02  1   0.000E+00   0.000E+00   0.000E+00
     70  5.57892742046E+03   1.653E+03   1.653E+03   0.000E+00   4.074E+03   6.932E-08   1.417E+02  7.00352E-03   0.000E+00   0.000E+00   6.434E+01   3.081E-04   0.000E+00   3   1.789E+02  1   0.000E+00   0.000E+00   0.000E+00
     71  5.76302984188E+03   1.673E+03   1.673E+03   0.000E+00   4.528E+03   7.616E-08   1.387E+02  7.00352E-03   0.000E+00   0.000E+00   6.486E+01   3.052E-04   0.000E+00   3   1.841E+02  1   0.000E+00   0.000E+00   0.000E+00
     72  5.95138315757E+03   1.691E+03   1.691E+03   0.000E+00   5.065E+03   8.423E-08   1.358E+02  7.00352E-03   0.000E+00   0.000E+00   6.539E+01   3.024E-04   0.000E+00   2   1.884E+02  1   0.000E+00   0.000E+00   0.000E+00
     73  6.14220510076E+03   1.709E+03   1.709E+03   0.000E+00   5.687E+03   9.364E-08   1.332E+02  7.00352E-03   0.000E+00   0.000E+00   6.589E+01   2.996E-04   0.000E+00   3   1.908E+02  1   0.000E+00   0.000E+00   0.000E+00
     74  6.33927179678E+03   1.725E+03   1.725E+03   0.000E+00   6.449E+03   1.052E-07   1.305E+02  7.00352E-03   0.000E+00   0.000E+00   6.645E+01   2.976E-04   0.000E+00   3   1.971E+02  1   0.000E+00   0.000E+00   0.000E+00
     75  6.53939949486E+03   1.740E+03   1.740E+03   0.000E+00   7.378E+03   1.193E-07   1.281E+02  7.00352E-03   0.000E+00   0.000E+00   6.699E+01   2.960E-04   0.000E+00   3   2.001E+02  1   0.000E+00   0.000E+00   0.000E+00
     76  6.74539898488E+03   1.754E+03   1.754E+03   0.000E+00   8.541E+03   1.370E-07   1.262E+02  7.00352E-03   0.000E+00   0.000E+00   6.737E+01   2.938E-04   0.000E+00   3   2.060E+02  1   0.000E+00   0.000E+00   0.000E+00
     77  6.96009917072E+03   1.767E+03   1.767E+03   0.000E+00   1.005E+04   1.601E-07   1.244E+02  7.00352E-03   0.000E+00   0.000E+00   6.795E+01   2.955E-04   0.000E+00   3   2.147E+02  1   0.000E+00   0.000E+00   0.000E+00
     78  7.18650699169E+03   1.780E+03   1.780E+03   0.000E+00   1.211E+04   1.915E-07   1.231E+02  7.00352E-03   0.000E+00   0.000E+00   6.853E+01   2.993E-04   0.000E+00   3   2.264E+02  1   0.000E+00   0.000E+00   0.000E+00
     79  7.42456520948E+03   1.796E+03   1.796E+03   0.000E+00   1.504E+04   2.355E-07   1.227E+02  7.00352E-03   0.000E+00   0.000E+00   6.913E+01   3.080E-04   0.000E+00   3   2.381E+02  1   0.000E+00   0.000E+00   0.000E+00
     80  7.61501178371E+03   1.817E+03   1.817E+03   0.000E+00   1.843E+04   2.857E-07   1.233E+02  7.00352E-03   0.000E+00   0.000E+00   6.962E+01   3.201E-04   0.000E+00   4   1.904E+02  1   0.000E+00   0.000E+00   0.000E+00
     81  7.76736904310E+03   1.847E+03   1.847E+03   0.000E+00   2.252E+04   3.434E-07   1.248E+02  7.00352E-03   0.000E+00   0.000E+00   7.004E+01   3.357E-04   0.000E+00   5   1.524E+02  1   0.000E+00   0.000E+00   0.000E+00
     82  7.88381669938E+03   1.883E+03   1.883E+03   0.000E+00   2.704E+04   4.043E-07   1.271E+02  7.00352E-03   0.000E+00   0.000E+00   7.025E+01   3.525E-04   0.000E+00   5   1.164E+02  1   0.000E+00   0.000E+00   0.000E+00
     83  7.96293364573E+03   1.923E+03   1.923E+03   0.000E+00   3.163E+04   4.627E-07   1.291E+02  7.00352E-03   0.000E+00   0.000E+00   7.056E+01   3.705E-04   0.000E+00   6   7.912E+01  1   0.000E+00   0.000E+00   0.000E+00
     84  8.01984613941E+03   1.964E+03   1.964E+03   0.000E+00   3.633E+04   5.198E-07   1.312E+02  7.00352E-03   0.000E+00   0.000E+00   7.073E+01   3.860E-04   0.000E+00   6   5.691E+01  1   0.000E+00   0.000E+00   0.000E+00
     85  8.06429065074E+03   2.006E+03   2.006E+03   0.000E+00   4.145E+04   5.800E-07   1.333E+02  7.00352E-03   0.000E+00   0.000E+00   7.083E+01   4.009E-04   0.000E+00   5   4.444E+01  1   0.000E+00   0.000E+00   0.000E+00
     86  8.09984625981E+03   2.055E+03   2.055E+03   0.000E+00   4.780E+04   6.521E-07   1.355E+02  7.00352E-03   0.000E+00   0.000E+00   7.089E+01   4.154E-04   0.000E+00   6   3.556E+01  1   0.000E+00   0.000E+00   0.000E+00
     87  8.12812604059E+03   2.118E+03   2.118E+03   0.000E+00   5.664E+04   7.491E-07   1.377E+02  7.00352E-03   0.000E+00   0.000E+00   7.093E+01   4.298E-04   0.000E+00   7   2.828E+01  1   0.000E+00   0.000E+00   0.000E+00
     88  8.14802352239E+03   2.224E+03   2.224E+03   0.000E+00   7.401E+04   9.296E-07   1.392E+02  7.00352E-03   0.000E+00   0.000E+00   7.112E+01   4.442E-04   0.000E+00   9   1.990E+01  1   0.000E+00   0.000E+00   0.000E+00
     89  8.15773915898E+03   2.232E+03   2.232E+03   0.000E+00   7.602E+04   9.503E-07   1.420E+02  7.00352E-03   0.000E+00   0.000E+00   7.047E+01   4.455E-04   0.000E+00  12   9.716E+00  1   0.000E+00   0.000E+00   0.000E+00
     90  8.16551166824E+03   2.239E+03   2.239E+03   0.000E+00   7.757E+04   9.672E-07   1.442E+02  7.00352E-03   0.000E+00   0.000E+00   7.009E+01   4.496E-04   0.000E+00   7   7.773E+00  1   0.000E+00   0.000E+00   0.000E+00
     91  8.17328417751E+03   2.242E+03   2.242E+03   0.000E+00   7.851E+04   9.766E-07   1.464E+02  7.00352E-03   0.000E+00   0.000E+00   6.976E+01   4.550E-04   0.000E+00   9   7.773E+00  1   0.000E+00   0.000E+00   0.000E+00
     92  8.17950218492E+03   2.246E+03   2.246E+03   0.000E+00   7.938E+04   9.858E-07   1.481E+02  7.00352E-03   0.000E+00   0.000E+00   6.957E+01   4.604E-04   0.000E+00   8   6.218E+00  1   0.000E+00   0.000E+00   0.000E+00
     93  8.18572019234E+03   2.248E+03   2.248E+03   0.000E+00   8.010E+04   9.946E-07   1.498E+02  7.00352E-03   0.000E+00   0.000E+00   6.941E+01   4.667E-04   0.000E+00   2   6.218E+00  1   0.000E+00   0.000E+00   0.000E+00
     94  8.19256000049E+03   2.247E+03   2.247E+03   0.000E+00   7.997E+04   9.939E-07   1.517E+02  7.00352E-03   0.000E+00   0.000E+00   6.924E+01   4.740E-04   0.000E+00  12   6.840E+00  1   0.000E+00   0.000E+00   0.000E+00
     95  8.19803184702E+03   2.244E+03   2.244E+03   0.000E+00   7.958E+04   9.904E-07   1.532E+02  7.00352E-03   0.000E+00   0.000E+00   6.914E+01   4.805E-04   0.000E+00  10   5.472E+00  1   0.000E+00   0.000E+00   0.000E+00
