
 Timestep     Time[yr]           Tc        Tmax        M-Tmax        Pc        Rho_c         R          M        coreHEmass  coreCOmass       Te           L  T_irr     iter#   dt[yr] Phase     mdot     mdotRei    mdot/Rei 

      1  1.00000000000E+01   6.451E+02   6.451E+02   0.000E+00   4.977E+01   2.173E-09   3.832E+02  8.00402E-03   0.000E+00   0.000E+00   5.418E+01   1.133E-03   0.000E+00  78   1.000E+01  1   0.000E+00   0.000E+00   0.000E+00
      2  1.29272536556E+01   6.468E+02   6.468E+02   0.000E+00   5.029E+01   2.189E-09   3.777E+02  8.00402E-03   0.000E+00   0.000E+00   5.243E+01   9.662E-04   0.000E+00  24   2.927E+00  1   0.000E+00   0.000E+00   0.000E+00
      3  1.52690565801E+01   6.476E+02   6.476E+02   0.000E+00   5.056E+01   2.199E-09   3.743E+02  8.00402E-03   0.000E+00   0.000E+00   5.134E+01   8.722E-04   0.000E+00   4   2.342E+00  1   0.000E+00   0.000E+00   0.000E+00
      4  1.78450397971E+01   6.489E+02   6.489E+02   0.000E+00   5.097E+01   2.212E-09   3.711E+02  8.00402E-03   0.000E+00   0.000E+00   5.040E+01   7.963E-04   0.000E+00   3   2.576E+00  1   0.000E+00   0.000E+00   0.000E+00
      5  2.06786213357E+01   6.504E+02   6.504E+02   0.000E+00   5.143E+01   2.226E-09   3.684E+02  8.00402E-03   0.000E+00   0.000E+00   4.961E+01   7.368E-04   0.000E+00   2   2.834E+00  1   0.000E+00   0.000E+00   0.000E+00
      6  2.52123517975E+01   6.519E+02   6.519E+02   0.000E+00   5.195E+01   2.244E-09   3.654E+02  8.00402E-03   0.000E+00   0.000E+00   4.874E+01   6.752E-04   0.000E+00   4   4.534E+00  1   0.000E+00   0.000E+00   0.000E+00
      7  3.01994553055E+01   6.536E+02   6.536E+02   0.000E+00   5.252E+01   2.262E-09   3.629E+02  8.00402E-03   0.000E+00   0.000E+00   4.806E+01   6.295E-04   0.000E+00   3   4.987E+00  1   0.000E+00   0.000E+00   0.000E+00
      8  3.56852691643E+01   6.552E+02   6.552E+02   0.000E+00   5.310E+01   2.281E-09   3.609E+02  8.00402E-03   0.000E+00   0.000E+00   4.753E+01   5.956E-04   0.000E+00   2   5.486E+00  1   0.000E+00   0.000E+00   0.000E+00
      9  4.44625713384E+01   6.576E+02   6.576E+02   0.000E+00   5.395E+01   2.310E-09   3.586E+02  8.00402E-03   0.000E+00   0.000E+00   4.703E+01   5.641E-04   0.000E+00   3   8.777E+00  1   0.000E+00   0.000E+00   0.000E+00
     10  5.41176037299E+01   6.603E+02   6.603E+02   0.000E+00   5.493E+01   2.342E-09   3.568E+02  8.00402E-03   0.000E+00   0.000E+00   4.675E+01   5.449E-04   0.000E+00   2   9.655E+00  1   0.000E+00   0.000E+00   0.000E+00
     11  6.47381393605E+01   6.631E+02   6.631E+02   0.000E+00   5.595E+01   2.375E-09   3.553E+02  8.00402E-03   0.000E+00   0.000E+00   4.661E+01   5.341E-04   0.000E+00   2   1.062E+01  1   0.000E+00   0.000E+00   0.000E+00
     12  7.64207285542E+01   6.660E+02   6.660E+02   0.000E+00   5.706E+01   2.412E-09   3.540E+02  8.00402E-03   0.000E+00   0.000E+00   4.658E+01   5.287E-04   0.000E+00   2   1.168E+01  1   0.000E+00   0.000E+00   0.000E+00
     13  8.92715766673E+01   6.694E+02   6.694E+02   0.000E+00   5.833E+01   2.454E-09   3.526E+02  8.00402E-03   0.000E+00   0.000E+00   4.662E+01   5.261E-04   0.000E+00   2   1.285E+01  1   0.000E+00   0.000E+00   0.000E+00
     14  1.03407509592E+02   6.734E+02   6.734E+02   0.000E+00   5.983E+01   2.502E-09   3.508E+02  8.00402E-03   0.000E+00   0.000E+00   4.660E+01   5.200E-04   0.000E+00   3   1.414E+01  1   0.000E+00   0.000E+00   0.000E+00
     15  1.18957035809E+02   6.776E+02   6.776E+02   0.000E+00   6.147E+01   2.554E-09   3.492E+02  8.00402E-03   0.000E+00   0.000E+00   4.665E+01   5.176E-04   0.000E+00   3   1.555E+01  1   0.000E+00   0.000E+00   0.000E+00
     16  1.36061514647E+02   6.822E+02   6.822E+02   0.000E+00   6.328E+01   2.612E-09   3.476E+02  8.00402E-03   0.000E+00   0.000E+00   4.676E+01   5.177E-04   0.000E+00   2   1.710E+01  1   0.000E+00   0.000E+00   0.000E+00
     17  1.54876441369E+02   6.872E+02   6.872E+02   0.000E+00   6.531E+01   2.675E-09   3.459E+02  8.00402E-03   0.000E+00   0.000E+00   4.691E+01   5.192E-04   0.000E+00   2   1.881E+01  1   0.000E+00   0.000E+00   0.000E+00
     18  1.75572860764E+02   6.927E+02   6.927E+02   0.000E+00   6.755E+01   2.746E-09   3.440E+02  8.00402E-03   0.000E+00   0.000E+00   4.708E+01   5.211E-04   0.000E+00   2   2.070E+01  1   0.000E+00   0.000E+00   0.000E+00
     19  1.98338922098E+02   6.986E+02   6.986E+02   0.000E+00   7.006E+01   2.824E-09   3.419E+02  8.00402E-03   0.000E+00   0.000E+00   4.725E+01   5.224E-04   0.000E+00   2   2.277E+01  1   0.000E+00   0.000E+00   0.000E+00
     20  2.23381589565E+02   7.053E+02   7.053E+02   0.000E+00   7.293E+01   2.912E-09   3.396E+02  8.00402E-03   0.000E+00   0.000E+00   4.740E+01   5.216E-04   0.000E+00   2   2.504E+01  1   0.000E+00   0.000E+00   0.000E+00
     21  2.50928523780E+02   7.127E+02   7.127E+02   0.000E+00   7.623E+01   3.011E-09   3.371E+02  8.00402E-03   0.000E+00   0.000E+00   4.762E+01   5.236E-04   0.000E+00   2   2.755E+01  1   0.000E+00   0.000E+00   0.000E+00
     22  2.81230151415E+02   7.208E+02   7.208E+02   0.000E+00   7.990E+01   3.121E-09   3.343E+02  8.00402E-03   0.000E+00   0.000E+00   4.770E+01   5.187E-04   0.000E+00   3   3.030E+01  1   0.000E+00   0.000E+00   0.000E+00
     23  3.14561941814E+02   7.294E+02   7.294E+02   0.000E+00   8.398E+01   3.242E-09   3.315E+02  8.00402E-03   0.000E+00   0.000E+00   4.791E+01   5.188E-04   0.000E+00   3   3.333E+01  1   0.000E+00   0.000E+00   0.000E+00
     24  3.51226911254E+02   7.389E+02   7.389E+02   0.000E+00   8.867E+01   3.379E-09   3.284E+02  8.00402E-03   0.000E+00   0.000E+00   4.811E+01   5.178E-04   0.000E+00   2   3.666E+01  1   0.000E+00   0.000E+00   0.000E+00
     25  3.91558377637E+02   7.496E+02   7.496E+02   0.000E+00   9.413E+01   3.535E-09   3.251E+02  8.00402E-03   0.000E+00   0.000E+00   4.839E+01   5.190E-04   0.000E+00   2   4.033E+01  1   0.000E+00   0.000E+00   0.000E+00
     26  4.35922990658E+02   7.609E+02   7.609E+02   0.000E+00   1.002E+02   3.706E-09   3.215E+02  8.00402E-03   0.000E+00   0.000E+00   4.850E+01   5.126E-04   0.000E+00   3   4.436E+01  1   0.000E+00   0.000E+00   0.000E+00
     27  4.84724064981E+02   7.731E+02   7.731E+02   0.000E+00   1.071E+02   3.899E-09   3.179E+02  8.00402E-03   0.000E+00   0.000E+00   4.880E+01   5.137E-04   0.000E+00   3   4.880E+01  1   0.000E+00   0.000E+00   0.000E+00
     28  5.38405246737E+02   7.865E+02   7.865E+02   0.000E+00   1.151E+02   4.121E-09   3.140E+02  8.00402E-03   0.000E+00   0.000E+00   4.917E+01   5.162E-04   0.000E+00   2   5.368E+01  1   0.000E+00   0.000E+00   0.000E+00
     29  5.97454546669E+02   8.009E+02   8.009E+02   0.000E+00   1.243E+02   4.371E-09   3.097E+02  8.00402E-03   0.000E+00   0.000E+00   4.948E+01   5.155E-04   0.000E+00   3   5.905E+01  1   0.000E+00   0.000E+00   0.000E+00
     30  6.62408776593E+02   8.165E+02   8.165E+02   0.000E+00   1.350E+02   4.656E-09   3.053E+02  8.00402E-03   0.000E+00   0.000E+00   4.973E+01   5.108E-04   0.000E+00   3   6.495E+01  1   0.000E+00   0.000E+00   0.000E+00
     31  7.31848319102E+02   8.328E+02   8.328E+02   0.000E+00   1.471E+02   4.971E-09   3.009E+02  8.00402E-03   0.000E+00   0.000E+00   5.013E+01   5.124E-04   0.000E+00   3   6.944E+01  1   0.000E+00   0.000E+00   0.000E+00
     32  8.04971752754E+02   8.502E+02   8.502E+02   0.000E+00   1.607E+02   5.321E-09   2.963E+02  8.00402E-03   0.000E+00   0.000E+00   5.055E+01   5.136E-04   0.000E+00   2   7.312E+01  1   0.000E+00   0.000E+00   0.000E+00
     33  8.78562084416E+02   8.678E+02   8.678E+02   0.000E+00   1.755E+02   5.692E-09   2.917E+02  8.00402E-03   0.000E+00   0.000E+00   5.109E+01   5.196E-04   0.000E+00   2   7.359E+01  1   0.000E+00   0.000E+00   0.000E+00
     34  9.53763823505E+02   8.856E+02   8.856E+02   0.000E+00   1.914E+02   6.084E-09   2.872E+02  8.00402E-03   0.000E+00   0.000E+00   5.123E+01   5.089E-04   0.000E+00   3   7.520E+01  1   0.000E+00   0.000E+00   0.000E+00
     35  1.01392521478E+03   9.005E+02   9.005E+02   0.000E+00   2.054E+02   6.422E-09   2.837E+02  8.00402E-03   0.000E+00   0.000E+00   5.162E+01   5.124E-04   0.000E+00   3   6.016E+01  1   0.000E+00   0.000E+00   0.000E+00
     36  1.08010274517E+03   9.170E+02   9.170E+02   0.000E+00   2.217E+02   6.808E-09   2.799E+02  8.00402E-03   0.000E+00   0.000E+00   5.205E+01   5.154E-04   0.000E+00   3   6.618E+01  1   0.000E+00   0.000E+00   0.000E+00
     37  1.15289802861E+03   9.354E+02   9.354E+02   0.000E+00   2.409E+02   7.250E-09   2.757E+02  8.00402E-03   0.000E+00   0.000E+00   5.251E+01   5.180E-04   0.000E+00   2   7.280E+01  1   0.000E+00   0.000E+00   0.000E+00
     38  1.22881716493E+03   9.544E+02   9.544E+02   0.000E+00   2.618E+02   7.722E-09   2.717E+02  8.00402E-03   0.000E+00   0.000E+00   5.274E+01   5.117E-04   0.000E+00   3   7.592E+01  1   0.000E+00   0.000E+00   0.000E+00
     39  1.30675933294E+03   9.737E+02   9.737E+02   0.000E+00   2.844E+02   8.224E-09   2.678E+02  8.00402E-03   0.000E+00   0.000E+00   5.314E+01   5.124E-04   0.000E+00   3   7.794E+01  1   0.000E+00   0.000E+00   0.000E+00
     40  1.38873190528E+03   9.944E+02   9.944E+02   0.000E+00   3.101E+02   8.781E-09   2.636E+02  8.00402E-03   0.000E+00   0.000E+00   5.375E+01   5.198E-04   0.000E+00   2   8.197E+01  1   0.000E+00   0.000E+00   0.000E+00
     41  1.47085758662E+03   1.015E+03   1.015E+03   0.000E+00   3.379E+02   9.370E-09   2.593E+02  8.00402E-03   0.000E+00   0.000E+00   5.429E+01   5.233E-04   0.000E+00   2   8.213E+01  1   0.000E+00   0.000E+00   0.000E+00
     42  1.53655813170E+03   1.033E+03   1.033E+03   0.000E+00   3.620E+02   9.871E-09   2.560E+02  8.00402E-03   0.000E+00   0.000E+00   5.429E+01   5.102E-04   0.000E+00   3   6.570E+01  1   0.000E+00   0.000E+00   0.000E+00
     43  1.60882873128E+03   1.052E+03   1.052E+03   0.000E+00   3.900E+02   1.044E-08   2.526E+02  8.00402E-03   0.000E+00   0.000E+00   5.484E+01   5.173E-04   0.000E+00   4   7.227E+01  1   0.000E+00   0.000E+00   0.000E+00
     44  1.68832639083E+03   1.072E+03   1.072E+03   0.000E+00   4.222E+02   1.109E-08   2.488E+02  8.00402E-03   0.000E+00   0.000E+00   5.536E+01   5.209E-04   0.000E+00   2   7.950E+01  1   0.000E+00   0.000E+00   0.000E+00
     45  1.77324740109E+03   1.094E+03   1.094E+03   0.000E+00   4.593E+02   1.181E-08   2.447E+02  8.00402E-03   0.000E+00   0.000E+00   5.587E+01   5.228E-04   0.000E+00   2   8.492E+01  1   0.000E+00   0.000E+00   0.000E+00
     46  1.85912007934E+03   1.117E+03   1.117E+03   0.000E+00   4.984E+02   1.257E-08   2.410E+02  8.00402E-03   0.000E+00   0.000E+00   5.609E+01   5.150E-04   0.000E+00   3   8.587E+01  1   0.000E+00   0.000E+00   0.000E+00
     47  1.94820906921E+03   1.140E+03   1.140E+03   0.000E+00   5.417E+02   1.338E-08   2.371E+02  8.00402E-03   0.000E+00   0.000E+00   5.667E+01   5.196E-04   0.000E+00   3   8.909E+01  1   0.000E+00   0.000E+00   0.000E+00
     48  2.04114682514E+03   1.164E+03   1.164E+03   0.000E+00   5.901E+02   1.427E-08   2.331E+02  8.00402E-03   0.000E+00   0.000E+00   5.715E+01   5.193E-04   0.000E+00   3   9.294E+01  1   0.000E+00   0.000E+00   0.000E+00
     49  2.11549702988E+03   1.185E+03   1.185E+03   0.000E+00   6.332E+02   1.505E-08   2.297E+02  8.00402E-03   0.000E+00   0.000E+00   5.765E+01   5.221E-04   0.000E+00   3   7.435E+01  1   0.000E+00   0.000E+00   0.000E+00
     50  2.19728225509E+03   1.208E+03   1.208E+03   0.000E+00   6.829E+02   1.592E-08   2.259E+02  8.00402E-03   0.000E+00   0.000E+00   5.813E+01   5.222E-04   0.000E+00   3   8.179E+01  1   0.000E+00   0.000E+00   0.000E+00
     51  2.28551972564E+03   1.232E+03   1.232E+03   0.000E+00   7.391E+02   1.689E-08   2.225E+02  8.00402E-03   0.000E+00   0.000E+00   5.832E+01   5.131E-04   0.000E+00   3   8.824E+01  1   0.000E+00   0.000E+00   0.000E+00
     52  2.37692687038E+03   1.257E+03   1.257E+03   0.000E+00   8.001E+02   1.792E-08   2.188E+02  8.00402E-03   0.000E+00   0.000E+00   5.887E+01   5.154E-04   0.000E+00   3   9.141E+01  1   0.000E+00   0.000E+00   0.000E+00
     53  2.47564689411E+03   1.283E+03   1.283E+03   0.000E+00   8.698E+02   1.908E-08   2.149E+02  8.00402E-03   0.000E+00   0.000E+00   5.941E+01   5.156E-04   0.000E+00   2   9.872E+01  1   0.000E+00   0.000E+00   0.000E+00
     54  2.57466997275E+03   1.310E+03   1.310E+03   0.000E+00   9.445E+02   2.031E-08   2.109E+02  8.00402E-03   0.000E+00   0.000E+00   5.995E+01   5.149E-04   0.000E+00   3   9.902E+01  1   0.000E+00   0.000E+00   0.000E+00
     55  2.67673343342E+03   1.337E+03   1.337E+03   0.000E+00   1.027E+03   2.164E-08   2.069E+02  8.00402E-03   0.000E+00   0.000E+00   6.047E+01   5.128E-04   0.000E+00   2   1.021E+02  1   0.000E+00   0.000E+00   0.000E+00
     56  2.77968313575E+03   1.363E+03   1.363E+03   0.000E+00   1.116E+03   2.305E-08   2.030E+02  8.00402E-03   0.000E+00   0.000E+00   6.095E+01   5.095E-04   0.000E+00   3   1.029E+02  1   0.000E+00   0.000E+00   0.000E+00
     57  2.88580209334E+03   1.391E+03   1.391E+03   0.000E+00   1.214E+03   2.457E-08   1.995E+02  8.00402E-03   0.000E+00   0.000E+00   6.119E+01   5.003E-04   0.000E+00   4   1.061E+02  1   0.000E+00   0.000E+00   0.000E+00
     58  2.99424463318E+03   1.418E+03   1.418E+03   0.000E+00   1.321E+03   2.623E-08   1.958E+02  8.00402E-03   0.000E+00   0.000E+00   6.181E+01   5.012E-04   0.000E+00   3   1.084E+02  1   0.000E+00   0.000E+00   0.000E+00
     59  3.10568664456E+03   1.446E+03   1.446E+03   0.000E+00   1.440E+03   2.804E-08   1.919E+02  8.00402E-03   0.000E+00   0.000E+00   6.233E+01   4.984E-04   0.000E+00   3   1.114E+02  1   0.000E+00   0.000E+00   0.000E+00
     60  3.21832970424E+03   1.472E+03   1.472E+03   0.000E+00   1.569E+03   3.002E-08   1.881E+02  8.00402E-03   0.000E+00   0.000E+00   6.286E+01   4.952E-04   0.000E+00   3   1.126E+02  1   0.000E+00   0.000E+00   0.000E+00
     61  3.33391541029E+03   1.497E+03   1.497E+03   0.000E+00   1.711E+03   3.219E-08   1.844E+02  8.00402E-03   0.000E+00   0.000E+00   6.334E+01   4.905E-04   0.000E+00   3   1.156E+02  1   0.000E+00   0.000E+00   0.000E+00
     62  3.45244853999E+03   1.520E+03   1.520E+03   0.000E+00   1.868E+03   3.460E-08   1.807E+02  8.00402E-03   0.000E+00   0.000E+00   6.382E+01   4.857E-04   0.000E+00   3   1.185E+02  1   0.000E+00   0.000E+00   0.000E+00
     63  3.57474519006E+03   1.542E+03   1.542E+03   0.000E+00   2.043E+03   3.731E-08   1.771E+02  8.00402E-03   0.000E+00   0.000E+00   6.434E+01   4.816E-04   0.000E+00   3   1.223E+02  1   0.000E+00   0.000E+00   0.000E+00
     64  3.69996917474E+03   1.563E+03   1.563E+03   0.000E+00   2.240E+03   4.035E-08   1.738E+02  8.00402E-03   0.000E+00   0.000E+00   6.469E+01   4.741E-04   0.000E+00   3   1.252E+02  1   0.000E+00   0.000E+00   0.000E+00
     65  3.82974320162E+03   1.584E+03   1.584E+03   0.000E+00   2.464E+03   4.383E-08   1.703E+02  8.00402E-03   0.000E+00   0.000E+00   6.525E+01   4.713E-04   0.000E+00   3   1.298E+02  1   0.000E+00   0.000E+00   0.000E+00
     66  3.96429574446E+03   1.604E+03   1.604E+03   0.000E+00   2.724E+03   4.783E-08   1.668E+02  8.00402E-03   0.000E+00   0.000E+00   6.577E+01   4.663E-04   0.000E+00   2   1.346E+02  1   0.000E+00   0.000E+00   0.000E+00
     67  4.10137148333E+03   1.624E+03   1.624E+03   0.000E+00   3.018E+03   5.232E-08   1.634E+02  8.00402E-03   0.000E+00   0.000E+00   6.628E+01   4.615E-04   0.000E+00   3   1.371E+02  1   0.000E+00   0.000E+00   0.000E+00
     68  4.24309977924E+03   1.645E+03   1.645E+03   0.000E+00   3.365E+03   5.757E-08   1.600E+02  8.00402E-03   0.000E+00   0.000E+00   6.681E+01   4.569E-04   0.000E+00   2   1.417E+02  1   0.000E+00   0.000E+00   0.000E+00
     69  4.38632927491E+03   1.664E+03   1.664E+03   0.000E+00   3.761E+03   6.358E-08   1.568E+02  8.00402E-03   0.000E+00   0.000E+00   6.733E+01   4.526E-04   0.000E+00   3   1.432E+02  1   0.000E+00   0.000E+00   0.000E+00
     70  4.53373272576E+03   1.684E+03   1.684E+03   0.000E+00   4.236E+03   7.073E-08   1.537E+02  8.00402E-03   0.000E+00   0.000E+00   6.786E+01   4.487E-04   0.000E+00   2   1.474E+02  1   0.000E+00   0.000E+00   0.000E+00
     71  4.68253256326E+03   1.703E+03   1.703E+03   0.000E+00   4.789E+03   7.910E-08   1.511E+02  8.00402E-03   0.000E+00   0.000E+00   6.823E+01   4.435E-04   0.000E+00   3   1.488E+02  1   0.000E+00   0.000E+00   0.000E+00
     72  4.83576742402E+03   1.722E+03   1.722E+03   0.000E+00   5.471E+03   8.939E-08   1.485E+02  8.00402E-03   0.000E+00   0.000E+00   6.881E+01   4.429E-04   0.000E+00   3   1.532E+02  1   0.000E+00   0.000E+00   0.000E+00
     73  4.99169459712E+03   1.739E+03   1.739E+03   0.000E+00   6.316E+03   1.022E-07   1.461E+02  8.00402E-03   0.000E+00   0.000E+00   6.938E+01   4.431E-04   0.000E+00   3   1.559E+02  1   0.000E+00   0.000E+00   0.000E+00
     74  5.15170267540E+03   1.754E+03   1.754E+03   0.000E+00   7.397E+03   1.186E-07   1.440E+02  8.00402E-03   0.000E+00   0.000E+00   6.998E+01   4.457E-04   0.000E+00   3   1.600E+02  1   0.000E+00   0.000E+00   0.000E+00
     75  5.31827001431E+03   1.770E+03   1.770E+03   0.000E+00   8.842E+03   1.406E-07   1.425E+02  8.00402E-03   0.000E+00   0.000E+00   7.057E+01   4.516E-04   0.000E+00   3   1.666E+02  1   0.000E+00   0.000E+00   0.000E+00
     76  5.49302403062E+03   1.786E+03   1.786E+03   0.000E+00   1.087E+04   1.713E-07   1.420E+02  8.00402E-03   0.000E+00   0.000E+00   7.119E+01   4.644E-04   0.000E+00   3   1.748E+02  1   0.000E+00   0.000E+00   0.000E+00
     77  5.63282724367E+03   1.805E+03   1.805E+03   0.000E+00   1.323E+04   2.064E-07   1.428E+02  8.00402E-03   0.000E+00   0.000E+00   7.158E+01   4.800E-04   0.000E+00   4   1.398E+02  1   0.000E+00   0.000E+00   0.000E+00
     78  5.74466981411E+03   1.831E+03   1.831E+03   0.000E+00   1.604E+04   2.467E-07   1.442E+02  8.00402E-03   0.000E+00   0.000E+00   7.211E+01   5.041E-04   0.000E+00   5   1.118E+02  1   0.000E+00   0.000E+00   0.000E+00
     79  5.83414387046E+03   1.865E+03   1.865E+03   0.000E+00   1.931E+04   2.915E-07   1.464E+02  8.00402E-03   0.000E+00   0.000E+00   7.250E+01   5.307E-04   0.000E+00   6   8.947E+01  1   0.000E+00   0.000E+00   0.000E+00
     80  5.89939762579E+03   1.903E+03   1.903E+03   0.000E+00   2.275E+04   3.363E-07   1.489E+02  8.00402E-03   0.000E+00   0.000E+00   7.277E+01   5.569E-04   0.000E+00   6   6.525E+01  1   0.000E+00   0.000E+00   0.000E+00
     81  5.94526312800E+03   1.944E+03   1.944E+03   0.000E+00   2.632E+04   3.806E-07   1.513E+02  8.00402E-03   0.000E+00   0.000E+00   7.293E+01   5.803E-04   0.000E+00   6   4.587E+01  1   0.000E+00   0.000E+00   0.000E+00
     82  5.97953545315E+03   1.988E+03   1.988E+03   0.000E+00   3.024E+04   4.270E-07   1.536E+02  8.00402E-03   0.000E+00   0.000E+00   7.303E+01   6.017E-04   0.000E+00   6   3.427E+01  1   0.000E+00   0.000E+00   0.000E+00
     83  6.00645261525E+03   2.037E+03   2.037E+03   0.000E+00   3.494E+04   4.809E-07   1.560E+02  8.00402E-03   0.000E+00   0.000E+00   7.309E+01   6.226E-04   0.000E+00   6   2.692E+01  1   0.000E+00   0.000E+00   0.000E+00
     84  6.02751488688E+03   2.101E+03   2.101E+03   0.000E+00   4.174E+04   5.561E-07   1.583E+02  8.00402E-03   0.000E+00   0.000E+00   7.315E+01   6.432E-04   0.000E+00   7   2.106E+01  1   0.000E+00   0.000E+00   0.000E+00
     85  6.04181985022E+03   1.977E+05   1.977E+05   0.000E+00   5.644E+13   2.301E+00   3.475E-01  8.00402E-03   0.000E+00   0.000E+00   2.701E+03   5.764E-03   0.000E+00  10   1.430E+01  1   0.000E+00   0.000E+00   0.000E+00
