      1  1.00000000000E+01   4.344E+02   4.344E+02   0.000E+00   7.272E+01   4.714E-09   2.574E+02  3.00151E-03   0.000E+00   0.000E+00   3.041E+01   5.077E-05   0.000E+00  51   1.000E+01  1   0.000E+00   0.000E+00   0.000E+00
      2  1.64000000000E+01   4.344E+02   4.344E+02   0.000E+00   7.287E+01   4.722E-09   2.545E+02  3.00151E-03   0.000E+00   0.000E+00   2.960E+01   4.454E-05   0.000E+00  34   6.400E+00  1   0.000E+00   0.000E+00   0.000E+00
      3  2.15200000000E+01   4.345E+02   4.345E+02   0.000E+00   7.296E+01   4.729E-09   2.526E+02  3.00151E-03   0.000E+00   0.000E+00   2.912E+01   4.112E-05   0.000E+00   2   5.120E+00  1   0.000E+00   0.000E+00   0.000E+00
      4  2.97120000000E+01   4.348E+02   4.348E+02   0.000E+00   7.324E+01   4.744E-09   2.503E+02  3.00151E-03   0.000E+00   0.000E+00   2.859E+01   3.753E-05   0.000E+00   4   8.192E+00  1   0.000E+00   0.000E+00   0.000E+00
      5  3.87232000000E+01   4.352E+02   4.352E+02   0.000E+00   7.356E+01   4.759E-09   2.483E+02  3.00151E-03   0.000E+00   0.000E+00   2.818E+01   3.482E-05   0.000E+00   3   9.011E+00  1   0.000E+00   0.000E+00   0.000E+00
      6  4.86355200000E+01   4.354E+02   4.354E+02   0.000E+00   7.379E+01   4.771E-09   2.466E+02  3.00151E-03   0.000E+00   0.000E+00   2.783E+01   3.271E-05   0.000E+00   2   9.912E+00  1   0.000E+00   0.000E+00   0.000E+00
      7  6.44952320000E+01   4.356E+02   4.356E+02   0.000E+00   7.402E+01   4.784E-09   2.446E+02  3.00151E-03   0.000E+00   0.000E+00   2.746E+01   3.048E-05   0.000E+00   2   1.586E+01  1   0.000E+00   0.000E+00   0.000E+00
      8  8.19409152000E+01   4.360E+02   4.360E+02   0.000E+00   7.435E+01   4.802E-09   2.427E+02  3.00151E-03   0.000E+00   0.000E+00   2.717E+01   2.880E-05   0.000E+00   2   1.745E+01  1   0.000E+00   0.000E+00   0.000E+00
      9  1.09854008320E+02   4.367E+02   4.367E+02   0.000E+00   7.493E+01   4.832E-09   2.404E+02  3.00151E-03   0.000E+00   0.000E+00   2.689E+01   2.707E-05   0.000E+00   4   2.791E+01  1   0.000E+00   0.000E+00   0.000E+00
     10  1.40558410752E+02   4.377E+02   4.377E+02   0.000E+00   7.567E+01   4.868E-09   2.383E+02  3.00151E-03   0.000E+00   0.000E+00   2.668E+01   2.579E-05   0.000E+00   2   3.070E+01  1   0.000E+00   0.000E+00   0.000E+00
     11  1.74333253427E+02   4.386E+02   4.386E+02   0.000E+00   7.636E+01   4.900E-09   2.364E+02  3.00151E-03   0.000E+00   0.000E+00   2.653E+01   2.483E-05   0.000E+00   2   3.377E+01  1   0.000E+00   0.000E+00   0.000E+00
     12  2.11485580370E+02   4.395E+02   4.395E+02   0.000E+00   7.698E+01   4.932E-09   2.347E+02  3.00151E-03   0.000E+00   0.000E+00   2.642E+01   2.404E-05   0.000E+00   2   3.715E+01  1   0.000E+00   0.000E+00   0.000E+00
     13  2.70929303478E+02   4.411E+02   4.411E+02   0.000E+00   7.817E+01   4.988E-09   2.324E+02  3.00151E-03   0.000E+00   0.000E+00   2.630E+01   2.316E-05   0.000E+00   4   5.944E+01  1   0.000E+00   0.000E+00   0.000E+00
     14  3.36317398897E+02   4.428E+02   4.428E+02   0.000E+00   7.937E+01   5.046E-09   2.305E+02  3.00151E-03   0.000E+00   0.000E+00   2.622E+01   2.250E-05   0.000E+00   3   6.539E+01  1   0.000E+00   0.000E+00   0.000E+00
     15  4.08244303859E+02   4.447E+02   4.447E+02   0.000E+00   8.070E+01   5.109E-09   2.287E+02  3.00151E-03   0.000E+00   0.000E+00   2.617E+01   2.201E-05   0.000E+00   2   7.193E+01  1   0.000E+00   0.000E+00   0.000E+00
     16  4.87363899316E+02   4.468E+02   4.468E+02   0.000E+00   8.221E+01   5.180E-09   2.270E+02  3.00151E-03   0.000E+00   0.000E+00   2.616E+01   2.163E-05   0.000E+00   2   7.912E+01  1   0.000E+00   0.000E+00   0.000E+00
     17  5.74395454319E+02   4.492E+02   4.492E+02   0.000E+00   8.392E+01   5.260E-09   2.254E+02  3.00151E-03   0.000E+00   0.000E+00   2.616E+01   2.132E-05   0.000E+00   2   8.703E+01  1   0.000E+00   0.000E+00   0.000E+00
     18  6.70130164822E+02   4.519E+02   4.519E+02   0.000E+00   8.586E+01   5.349E-09   2.237E+02  3.00151E-03   0.000E+00   0.000E+00   2.618E+01   2.107E-05   0.000E+00   2   9.573E+01  1   0.000E+00   0.000E+00   0.000E+00
     19  7.75438346376E+02   4.548E+02   4.548E+02   0.000E+00   8.800E+01   5.448E-09   2.221E+02  3.00151E-03   0.000E+00   0.000E+00   2.621E+01   2.086E-05   0.000E+00   3   1.053E+02  1   0.000E+00   0.000E+00   0.000E+00
     20  8.91277346084E+02   4.578E+02   4.578E+02   0.000E+00   9.037E+01   5.557E-09   2.205E+02  3.00151E-03   0.000E+00   0.000E+00   2.625E+01   2.067E-05   0.000E+00   2   1.158E+02  1   0.000E+00   0.000E+00   0.000E+00
     21  1.01870024576E+03   4.611E+02   4.611E+02   0.000E+00   9.300E+01   5.679E-09   2.187E+02  3.00151E-03   0.000E+00   0.000E+00   2.629E+01   2.049E-05   0.000E+00   2   1.274E+02  1   0.000E+00   0.000E+00   0.000E+00
     22  1.15886543541E+03   4.647E+02   4.647E+02   0.000E+00   9.599E+01   5.816E-09   2.169E+02  3.00151E-03   0.000E+00   0.000E+00   2.635E+01   2.033E-05   0.000E+00   2   1.402E+02  1   0.000E+00   0.000E+00   0.000E+00
     23  1.31304714402E+03   4.689E+02   4.689E+02   0.000E+00   9.950E+01   5.974E-09   2.150E+02  3.00151E-03   0.000E+00   0.000E+00   2.642E+01   2.017E-05   0.000E+00   2   1.542E+02  1   0.000E+00   0.000E+00   0.000E+00
     24  1.48264702350E+03   4.731E+02   4.731E+02   0.000E+00   1.032E+02   6.143E-09   2.130E+02  3.00151E-03   0.000E+00   0.000E+00   2.648E+01   2.001E-05   0.000E+00   3   1.696E+02  1   0.000E+00   0.000E+00   0.000E+00
     25  1.66920689092E+03   4.777E+02   4.777E+02   0.000E+00   1.074E+02   6.331E-09   2.108E+02  3.00151E-03   0.000E+00   0.000E+00   2.655E+01   1.979E-05   0.000E+00   2   1.866E+02  1   0.000E+00   0.000E+00   0.000E+00
     26  1.87442274508E+03   4.828E+02   4.828E+02   0.000E+00   1.122E+02   6.542E-09   2.085E+02  3.00151E-03   0.000E+00   0.000E+00   2.662E+01   1.958E-05   0.000E+00   2   2.052E+02  1   0.000E+00   0.000E+00   0.000E+00
     27  2.10016018466E+03   4.884E+02   4.884E+02   0.000E+00   1.176E+02   6.778E-09   2.062E+02  3.00151E-03   0.000E+00   0.000E+00   2.672E+01   1.943E-05   0.000E+00   2   2.257E+02  1   0.000E+00   0.000E+00   0.000E+00
     28  2.34847136820E+03   4.942E+02   4.942E+02   0.000E+00   1.234E+02   7.032E-09   2.036E+02  3.00151E-03   0.000E+00   0.000E+00   2.681E+01   1.919E-05   0.000E+00   2   2.483E+02  1   0.000E+00   0.000E+00   0.000E+00
     29  2.62161367009E+03   5.006E+02   5.006E+02   0.000E+00   1.302E+02   7.319E-09   2.009E+02  3.00151E-03   0.000E+00   0.000E+00   2.690E+01   1.893E-05   0.000E+00   3   2.731E+02  1   0.000E+00   0.000E+00   0.000E+00
     30  2.92207020217E+03   5.076E+02   5.076E+02   0.000E+00   1.377E+02   7.637E-09   1.981E+02  3.00151E-03   0.000E+00   0.000E+00   2.701E+01   1.872E-05   0.000E+00   2   3.005E+02  1   0.000E+00   0.000E+00   0.000E+00
     31  3.25257238746E+03   5.152E+02   5.152E+02   0.000E+00   1.463E+02   7.995E-09   1.952E+02  3.00151E-03   0.000E+00   0.000E+00   2.713E+01   1.848E-05   0.000E+00   2   3.305E+02  1   0.000E+00   0.000E+00   0.000E+00
     32  3.61612479128E+03   5.234E+02   5.234E+02   0.000E+00   1.560E+02   8.390E-09   1.920E+02  3.00151E-03   0.000E+00   0.000E+00   2.723E+01   1.817E-05   0.000E+00   3   3.636E+02  1   0.000E+00   0.000E+00   0.000E+00
     33  4.01603243548E+03   5.323E+02   5.323E+02   0.000E+00   1.670E+02   8.832E-09   1.888E+02  3.00151E-03   0.000E+00   0.000E+00   2.737E+01   1.792E-05   0.000E+00   2   3.999E+02  1   0.000E+00   0.000E+00   0.000E+00
     34  4.45593084410E+03   5.418E+02   5.418E+02   0.000E+00   1.795E+02   9.325E-09   1.855E+02  3.00151E-03   0.000E+00   0.000E+00   2.751E+01   1.765E-05   0.000E+00   3   4.399E+02  1   0.000E+00   0.000E+00   0.000E+00
     35  4.93981909358E+03   5.520E+02   5.520E+02   0.000E+00   1.936E+02   9.876E-09   1.820E+02  3.00151E-03   0.000E+00   0.000E+00   2.763E+01   1.730E-05   0.000E+00   3   4.839E+02  1   0.000E+00   0.000E+00   0.000E+00
     36  5.47209616801E+03   5.631E+02   5.631E+02   0.000E+00   2.099E+02   1.050E-08   1.784E+02  3.00151E-03   0.000E+00   0.000E+00   2.780E+01   1.703E-05   0.000E+00   3   5.323E+02  1   0.000E+00   0.000E+00   0.000E+00
     37  6.05760094988E+03   5.750E+02   5.750E+02   0.000E+00   2.285E+02   1.119E-08   1.747E+02  3.00151E-03   0.000E+00   0.000E+00   2.795E+01   1.668E-05   0.000E+00   3   5.855E+02  1   0.000E+00   0.000E+00   0.000E+00
     38  6.66658365045E+03   5.872E+02   5.872E+02   0.000E+00   2.487E+02   1.193E-08   1.710E+02  3.00151E-03   0.000E+00   0.000E+00   2.810E+01   1.635E-05   0.000E+00   3   6.090E+02  1   0.000E+00   0.000E+00   0.000E+00
     39  7.30365923602E+03   5.998E+02   5.998E+02   0.000E+00   2.711E+02   1.273E-08   1.675E+02  3.00151E-03   0.000E+00   0.000E+00   2.828E+01   1.607E-05   0.000E+00   3   6.371E+02  1   0.000E+00   0.000E+00   0.000E+00
     40  7.96708058712E+03   6.124E+02   6.124E+02   0.000E+00   2.952E+02   1.357E-08   1.639E+02  3.00151E-03   0.000E+00   0.000E+00   2.842E+01   1.570E-05   0.000E+00   3   6.634E+02  1   0.000E+00   0.000E+00   0.000E+00
     41  8.65455836801E+03   6.254E+02   6.254E+02   0.000E+00   3.219E+02   1.449E-08   1.606E+02  3.00151E-03   0.000E+00   0.000E+00   2.861E+01   1.548E-05   0.000E+00   3   6.875E+02  1   0.000E+00   0.000E+00   0.000E+00
     42  9.38032821685E+03   6.387E+02   6.387E+02   0.000E+00   3.509E+02   1.547E-08   1.570E+02  3.00151E-03   0.000E+00   0.000E+00   2.875E+01   1.509E-05   0.000E+00   2   7.258E+02  1   0.000E+00   0.000E+00   0.000E+00
     43  1.01179067111E+04   6.521E+02   6.521E+02   0.000E+00   3.820E+02   1.649E-08   1.539E+02  3.00151E-03   0.000E+00   0.000E+00   2.894E+01   1.491E-05   0.000E+00   3   7.376E+02  1   0.000E+00   0.000E+00   0.000E+00
     44  1.09082140123E+04   6.664E+02   6.664E+02   0.000E+00   4.169E+02   1.761E-08   1.506E+02  3.00151E-03   0.000E+00   0.000E+00   2.909E+01   1.456E-05   0.000E+00   2   7.903E+02  1   0.000E+00   0.000E+00   0.000E+00
     45  1.15404598533E+04   6.785E+02   6.785E+02   0.000E+00   4.472E+02   1.856E-08   1.480E+02  3.00151E-03   0.000E+00   0.000E+00   2.922E+01   1.431E-05   0.000E+00   3   6.322E+02  1   0.000E+00   0.000E+00   0.000E+00
     46  1.22359302783E+04   6.914E+02   6.914E+02   0.000E+00   4.814E+02   1.960E-08   1.453E+02  3.00151E-03   0.000E+00   0.000E+00   2.937E+01   1.407E-05   0.000E+00   3   6.955E+02  1   0.000E+00   0.000E+00   0.000E+00
     47  1.30009477459E+04   7.057E+02   7.057E+02   0.000E+00   5.211E+02   2.079E-08   1.426E+02  3.00151E-03   0.000E+00   0.000E+00   2.954E+01   1.388E-05   0.000E+00   3   7.650E+02  1   0.000E+00   0.000E+00   0.000E+00
     48  1.38424669603E+04   7.203E+02   7.203E+02   0.000E+00   5.648E+02   2.208E-08   1.396E+02  3.00151E-03   0.000E+00   0.000E+00   2.966E+01   1.352E-05   0.000E+00   4   8.415E+02  1   0.000E+00   0.000E+00   0.000E+00
     49  1.47258512525E+04   7.357E+02   7.357E+02   0.000E+00   6.140E+02   2.349E-08   1.369E+02  3.00151E-03   0.000E+00   0.000E+00   2.987E+01   1.338E-05   0.000E+00   3   8.834E+02  1   0.000E+00   0.000E+00   0.000E+00
     50  1.56804887025E+04   7.515E+02   7.515E+02   0.000E+00   6.686E+02   2.504E-08   1.340E+02  3.00151E-03   0.000E+00   0.000E+00   3.003E+01   1.309E-05   0.000E+00   3   9.546E+02  1   0.000E+00   0.000E+00   0.000E+00
     51  1.66544992434E+04   7.674E+02   7.674E+02   0.000E+00   7.271E+02   2.667E-08   1.312E+02  3.00151E-03   0.000E+00   0.000E+00   3.017E+01   1.278E-05   0.000E+00   3   9.740E+02  1   0.000E+00   0.000E+00   0.000E+00
     52  1.76706974830E+04   7.836E+02   7.836E+02   0.000E+00   7.912E+02   2.843E-08   1.286E+02  3.00151E-03   0.000E+00   0.000E+00   3.038E+01   1.263E-05   0.000E+00   3   1.016E+03  1   0.000E+00   0.000E+00   0.000E+00
     53  1.87571632257E+04   8.005E+02   8.005E+02   0.000E+00   8.632E+02   3.035E-08   1.258E+02  3.00151E-03   0.000E+00   0.000E+00   3.054E+01   1.234E-05   0.000E+00   2   1.086E+03  1   0.000E+00   0.000E+00   0.000E+00
     54  1.98515445600E+04   8.168E+02   8.168E+02   0.000E+00   9.382E+02   3.233E-08   1.232E+02  3.00151E-03   0.000E+00   0.000E+00   3.069E+01   1.208E-05   0.000E+00   3   1.094E+03  1   0.000E+00   0.000E+00   0.000E+00
     55  2.10224783902E+04   8.338E+02   8.338E+02   0.000E+00   1.022E+03   3.452E-08   1.206E+02  3.00151E-03   0.000E+00   0.000E+00   3.085E+01   1.181E-05   0.000E+00   3   1.171E+03  1   0.000E+00   0.000E+00   0.000E+00
     56  2.22268869055E+04   8.512E+02   8.512E+02   0.000E+00   1.115E+03   3.688E-08   1.182E+02  3.00151E-03   0.000E+00   0.000E+00   3.108E+01   1.167E-05   0.000E+00   3   1.204E+03  1   0.000E+00   0.000E+00   0.000E+00
     57  2.34926553382E+04   8.688E+02   8.688E+02   0.000E+00   1.216E+03   3.940E-08   1.156E+02  3.00151E-03   0.000E+00   0.000E+00   3.121E+01   1.136E-05   0.000E+00   3   1.266E+03  1   0.000E+00   0.000E+00   0.000E+00
     58  2.47752781307E+04   8.867E+02   8.867E+02   0.000E+00   1.325E+03   4.207E-08   1.132E+02  3.00151E-03   0.000E+00   0.000E+00   3.140E+01   1.118E-05   0.000E+00   3   1.283E+03  1   0.000E+00   0.000E+00   0.000E+00
     59  2.61342400176E+04   9.052E+02   9.052E+02   0.000E+00   1.446E+03   4.497E-08   1.109E+02  3.00151E-03   0.000E+00   0.000E+00   3.161E+01   1.100E-05   0.000E+00   3   1.359E+03  1   0.000E+00   0.000E+00   0.000E+00
     60  2.75359425368E+04   9.241E+02   9.241E+02   0.000E+00   1.576E+03   4.803E-08   1.085E+02  3.00151E-03   0.000E+00   0.000E+00   3.173E+01   1.069E-05   0.000E+00   3   1.402E+03  1   0.000E+00   0.000E+00   0.000E+00
     61  2.89509530802E+04   9.432E+02   9.432E+02   0.000E+00   1.717E+03   5.124E-08   1.064E+02  3.00151E-03   0.000E+00   0.000E+00   3.194E+01   1.055E-05   0.000E+00   3   1.415E+03  1   0.000E+00   0.000E+00   0.000E+00
     62  3.04641521396E+04   9.632E+02   9.632E+02   0.000E+00   1.872E+03   5.472E-08   1.041E+02  3.00151E-03   0.000E+00   0.000E+00   3.212E+01   1.035E-05   0.000E+00   3   1.513E+03  1   0.000E+00   0.000E+00   0.000E+00
     63  3.19970912576E+04   9.835E+02   9.835E+02   0.000E+00   2.039E+03   5.838E-08   1.020E+02  3.00151E-03   0.000E+00   0.000E+00   3.229E+01   1.014E-05   0.000E+00   3   1.533E+03  1   0.000E+00   0.000E+00   0.000E+00
     64  3.35833350523E+04   1.004E+03   1.004E+03   0.000E+00   2.220E+03   6.225E-08   9.994E+01  3.00151E-03   0.000E+00   0.000E+00   3.245E+01   9.927E-06   0.000E+00   3   1.586E+03  1   0.000E+00   0.000E+00   0.000E+00
     65  3.52323423630E+04   1.025E+03   1.025E+03   0.000E+00   2.417E+03   6.638E-08   9.789E+01  3.00151E-03   0.000E+00   0.000E+00   3.262E+01   9.723E-06   0.000E+00   3   1.649E+03  1   0.000E+00   0.000E+00   0.000E+00
     66  3.69461581664E+04   1.047E+03   1.047E+03   0.000E+00   2.633E+03   7.082E-08   9.594E+01  3.00151E-03   0.000E+00   0.000E+00   3.283E+01   9.585E-06   0.000E+00   3   1.714E+03  1   0.000E+00   0.000E+00   0.000E+00
     67  3.87468610858E+04   1.069E+03   1.069E+03   0.000E+00   2.870E+03   7.559E-08   9.397E+01  3.00151E-03   0.000E+00   0.000E+00   3.300E+01   9.385E-06   0.000E+00   3   1.801E+03  1   0.000E+00   0.000E+00   0.000E+00
     68  4.05911145543E+04   1.091E+03   1.091E+03   0.000E+00   3.124E+03   8.060E-08   9.200E+01  3.00151E-03   0.000E+00   0.000E+00   3.311E+01   9.112E-06   0.000E+00   3   1.844E+03  1   0.000E+00   0.000E+00   0.000E+00
     69  4.24890267994E+04   1.114E+03   1.114E+03   0.000E+00   3.403E+03   8.597E-08   9.021E+01  3.00151E-03   0.000E+00   0.000E+00   3.338E+01   9.053E-06   0.000E+00   3   1.898E+03  1   0.000E+00   0.000E+00   0.000E+00
     70  4.45447694208E+04   1.139E+03   1.139E+03   0.000E+00   3.718E+03   9.191E-08   8.833E+01  3.00151E-03   0.000E+00   0.000E+00   3.357E+01   8.881E-06   0.000E+00   2   2.056E+03  1   0.000E+00   0.000E+00   0.000E+00
     71  4.61893635179E+04   1.158E+03   1.158E+03   0.000E+00   3.987E+03   9.691E-08   8.682E+01  3.00151E-03   0.000E+00   0.000E+00   3.367E+01   8.679E-06   0.000E+00   3   1.645E+03  1   0.000E+00   0.000E+00   0.000E+00
     72  4.79984170247E+04   1.180E+03   1.180E+03   0.000E+00   4.296E+03   1.025E-07   8.527E+01  3.00151E-03   0.000E+00   0.000E+00   3.381E+01   8.511E-06   0.000E+00   2   1.809E+03  1   0.000E+00   0.000E+00   0.000E+00
     73  4.99883758822E+04   1.204E+03   1.204E+03   0.000E+00   4.656E+03   1.089E-07   8.370E+01  3.00151E-03   0.000E+00   0.000E+00   3.406E+01   8.448E-06   0.000E+00   2   1.990E+03  1   0.000E+00   0.000E+00   0.000E+00
     74  5.21773306254E+04   1.229E+03   1.229E+03   0.000E+00   5.058E+03   1.159E-07   8.204E+01  3.00151E-03   0.000E+00   0.000E+00   3.423E+01   8.281E-06   0.000E+00   3   2.189E+03  1   0.000E+00   0.000E+00   0.000E+00
     75  5.44845324379E+04   1.255E+03   1.255E+03   0.000E+00   5.502E+03   1.235E-07   8.037E+01  3.00151E-03   0.000E+00   0.000E+00   3.437E+01   8.081E-06   0.000E+00   3   2.307E+03  1   0.000E+00   0.000E+00   0.000E+00
     76  5.68876889472E+04   1.281E+03   1.281E+03   0.000E+00   5.992E+03   1.317E-07   7.876E+01  3.00151E-03   0.000E+00   0.000E+00   3.456E+01   7.929E-06   0.000E+00   3   2.403E+03  1   0.000E+00   0.000E+00   0.000E+00
     77  5.94340444077E+04   1.308E+03   1.308E+03   0.000E+00   6.536E+03   1.407E-07   7.714E+01  3.00151E-03   0.000E+00   0.000E+00   3.477E+01   7.791E-06   0.000E+00   3   2.546E+03  1   0.000E+00   0.000E+00   0.000E+00
     78  6.20819607584E+04   1.335E+03   1.335E+03   0.000E+00   7.135E+03   1.504E-07   7.552E+01  3.00151E-03   0.000E+00   0.000E+00   3.495E+01   7.622E-06   0.000E+00   3   2.648E+03  1   0.000E+00   0.000E+00   0.000E+00
     79  6.48066673774E+04   1.363E+03   1.363E+03   0.000E+00   7.793E+03   1.610E-07   7.399E+01  3.00151E-03   0.000E+00   0.000E+00   3.518E+01   7.519E-06   0.000E+00   3   2.725E+03  1   0.000E+00   0.000E+00   0.000E+00
     80  6.76693633086E+04   1.391E+03   1.391E+03   0.000E+00   8.520E+03   1.725E-07   7.244E+01  3.00151E-03   0.000E+00   0.000E+00   3.535E+01   7.345E-06   0.000E+00   3   2.863E+03  1   0.000E+00   0.000E+00   0.000E+00
     81  7.05776320063E+04   1.419E+03   1.419E+03   0.000E+00   9.306E+03   1.846E-07   7.089E+01  3.00151E-03   0.000E+00   0.000E+00   3.543E+01   7.093E-06   0.000E+00   2   2.908E+03  1   0.000E+00   0.000E+00   0.000E+00
     82  7.35339498033E+04   1.448E+03   1.448E+03   0.000E+00   1.015E+04   1.974E-07   6.953E+01  3.00151E-03   0.000E+00   0.000E+00   3.575E+01   7.075E-06   0.000E+00   3   2.956E+03  1   0.000E+00   0.000E+00   0.000E+00
     83  7.67858993800E+04   1.479E+03   1.479E+03   0.000E+00   1.114E+04   2.120E-07   6.807E+01  3.00151E-03   0.000E+00   0.000E+00   3.602E+01   6.993E-06   0.000E+00   2   3.252E+03  1   0.000E+00   0.000E+00   0.000E+00
     84  7.93874590413E+04   1.506E+03   1.506E+03   0.000E+00   1.203E+04   2.249E-07   6.685E+01  3.00151E-03   0.000E+00   0.000E+00   3.614E+01   6.830E-06   0.000E+00   2   2.602E+03  1   0.000E+00   0.000E+00   0.000E+00
     85  8.22491746688E+04   1.533E+03   1.533E+03   0.000E+00   1.303E+04   2.392E-07   6.561E+01  3.00151E-03   0.000E+00   0.000E+00   3.623E+01   6.649E-06   0.000E+00   2   2.862E+03  1   0.000E+00   0.000E+00   0.000E+00
     86  8.53970618590E+04   1.562E+03   1.562E+03   0.000E+00   1.417E+04   2.554E-07   6.441E+01  3.00151E-03   0.000E+00   0.000E+00   3.647E+01   6.576E-06   0.000E+00   3   3.148E+03  1   0.000E+00   0.000E+00   0.000E+00
     87  8.88597377683E+04   1.594E+03   1.594E+03   0.000E+00   1.552E+04   2.741E-07   6.313E+01  3.00151E-03   0.000E+00   0.000E+00   3.676E+01   6.518E-06   0.000E+00   2   3.463E+03  1   0.000E+00   0.000E+00   0.000E+00
     88  9.24683002090E+04   1.626E+03   1.626E+03   0.000E+00   1.701E+04   2.945E-07   6.184E+01  3.00151E-03   0.000E+00   0.000E+00   3.690E+01   6.352E-06   0.000E+00   3   3.609E+03  1   0.000E+00   0.000E+00   0.000E+00
     89  9.61378225521E+04   1.657E+03   1.657E+03   0.000E+00   1.867E+04   3.171E-07   6.062E+01  3.00151E-03   0.000E+00   0.000E+00   3.714E+01   6.265E-06   0.000E+00   3   3.670E+03  1   0.000E+00   0.000E+00   0.000E+00
     90  1.00018738815E+05   1.688E+03   1.688E+03   0.000E+00   2.055E+04   3.425E-07   5.940E+01  3.00151E-03   0.000E+00   0.000E+00   3.734E+01   6.150E-06   0.000E+00   3   3.881E+03  1   0.000E+00   0.000E+00   0.000E+00
     91  1.03975067878E+05   1.718E+03   1.718E+03   0.000E+00   2.267E+04   3.713E-07   5.821E+01  3.00151E-03   0.000E+00   0.000E+00   3.759E+01   6.064E-06   0.000E+00   3   3.956E+03  1   0.000E+00   0.000E+00   0.000E+00
     92  1.08034224993E+05   1.739E+03   1.739E+03   0.000E+00   2.504E+04   4.054E-07   5.706E+01  3.00151E-03   0.000E+00   0.000E+00   3.781E+01   5.966E-06   0.000E+00   5   4.059E+03  1   0.000E+00   0.000E+00   0.000E+00
     93  1.12093382107E+05   1.753E+03   1.753E+03   0.000E+00   2.777E+04   4.461E-07   5.597E+01  3.00151E-03   0.000E+00   0.000E+00   3.814E+01   5.942E-06   0.000E+00   4   4.059E+03  1   0.000E+00   0.000E+00   0.000E+00
     94  1.16293799014E+05   1.763E+03   1.763E+03   0.000E+00   3.104E+04   4.957E-07   5.489E+01  3.00151E-03   0.000E+00   0.000E+00   3.837E+01   5.850E-06   0.000E+00   4   4.200E+03  1   0.000E+00   0.000E+00   0.000E+00
     95  1.20551027532E+05   1.771E+03   1.771E+03   0.000E+00   3.491E+04   5.548E-07   5.391E+01  3.00151E-03   0.000E+00   0.000E+00   3.847E+01   5.706E-06   0.000E+00   3   4.257E+03  1   0.000E+00   0.000E+00   0.000E+00
     96  1.24947395449E+05   1.779E+03   1.779E+03   0.000E+00   3.968E+04   6.277E-07   5.302E+01  3.00151E-03   0.000E+00   0.000E+00   3.891E+01   5.774E-06   0.000E+00   3   4.396E+03  1   0.000E+00   0.000E+00   0.000E+00
     97  1.29726038123E+05   1.786E+03   1.786E+03   0.000E+00   4.577E+04   7.214E-07   5.219E+01  3.00151E-03   0.000E+00   0.000E+00   3.915E+01   5.736E-06   0.000E+00   3   4.779E+03  1   0.000E+00   0.000E+00   0.000E+00
     98  1.34546043154E+05   1.794E+03   1.794E+03   0.000E+00   5.343E+04   8.383E-07   5.153E+01  3.00151E-03   0.000E+00   0.000E+00   3.937E+01   5.716E-06   0.000E+00   3   4.820E+03  1   0.000E+00   0.000E+00   0.000E+00
     99  1.39466291451E+05   1.804E+03   1.804E+03   0.000E+00   6.337E+04   9.883E-07   5.109E+01  3.00151E-03   0.000E+00   0.000E+00   3.971E+01   5.816E-06   0.000E+00   3   4.920E+03  1   0.000E+00   0.000E+00   0.000E+00
    100  1.44468502644E+05   1.819E+03   1.819E+03   0.000E+00   7.638E+04   1.182E-06   5.094E+01  3.00151E-03   0.000E+00   0.000E+00   3.995E+01   5.923E-06   0.000E+00   4   5.002E+03  1   0.000E+00   0.000E+00   0.000E+00
    101  1.48470271598E+05   1.838E+03   1.838E+03   0.000E+00   9.067E+04   1.389E-06   5.107E+01  3.00151E-03   0.000E+00   0.000E+00   4.003E+01   6.004E-06   0.000E+00   4   4.002E+03  1   0.000E+00   0.000E+00   0.000E+00
    102  1.51671686762E+05   1.862E+03   1.862E+03   0.000E+00   1.064E+05   1.609E-06   5.139E+01  3.00151E-03   0.000E+00   0.000E+00   4.041E+01   6.314E-06   0.000E+00   4   3.201E+03  1   0.000E+00   0.000E+00   0.000E+00
    103  1.54940886286E+05   1.893E+03   1.893E+03   0.000E+00   1.271E+05   1.891E-06   5.205E+01  3.00151E-03   0.000E+00   0.000E+00   4.048E+01   6.520E-06   0.000E+00   4   3.269E+03  1   0.000E+00   0.000E+00   0.000E+00
    104  1.57556245905E+05   1.929E+03   1.929E+03   0.000E+00   1.500E+05   2.187E-06   5.288E+01  3.00151E-03   0.000E+00   0.000E+00   4.079E+01   6.933E-06   0.000E+00   4   2.615E+03  1   0.000E+00   0.000E+00   0.000E+00
    105  1.59648533600E+05   1.966E+03   1.966E+03   0.000E+00   1.742E+05   2.492E-06   5.381E+01  3.00151E-03   0.000E+00   0.000E+00   4.087E+01   7.238E-06   0.000E+00   4   2.092E+03  1   0.000E+00   0.000E+00   0.000E+00
    106  1.61322363756E+05   2.006E+03   2.006E+03   0.000E+00   2.003E+05   2.807E-06   5.482E+01  3.00151E-03   0.000E+00   0.000E+00   4.100E+01   7.610E-06   0.000E+00   4   1.674E+03  1   0.000E+00   0.000E+00   0.000E+00
    107  1.62661427881E+05   2.046E+03   2.046E+03   0.000E+00   2.279E+05   3.130E-06   5.588E+01  3.00151E-03   0.000E+00   0.000E+00   4.094E+01   7.865E-06   0.000E+00   4   1.339E+03  1   0.000E+00   0.000E+00   0.000E+00
    108  1.64011705262E+05   2.097E+03   2.097E+03   0.000E+00   2.642E+05   3.538E-06   5.726E+01  3.00151E-03   0.000E+00   0.000E+00   4.126E+01   8.516E-06   0.000E+00   4   1.350E+03  1   0.000E+00   0.000E+00   0.000E+00
    109  1.65091927167E+05   2.150E+03   2.150E+03   0.000E+00   3.037E+05   3.966E-06   5.868E+01  3.00151E-03   0.000E+00   0.000E+00   4.119E+01   8.882E-06   0.000E+00   4   1.080E+03  1   0.000E+00   0.000E+00   0.000E+00
    110  1.65956104691E+05   2.209E+03   2.209E+03   0.000E+00   3.504E+05   4.452E-06   6.014E+01  3.00151E-03   0.000E+00   0.000E+00   4.129E+01   9.422E-06   0.000E+00   4   8.642E+02  1   0.000E+00   0.000E+00   0.000E+00
    111  1.66647446710E+05   2.274E+03   2.274E+03   0.000E+00   4.076E+05   5.026E-06   6.167E+01  3.00151E-03   0.000E+00   0.000E+00   4.120E+01   9.819E-06   0.000E+00   4   6.913E+02  1   0.000E+00   0.000E+00   0.000E+00
    112  1.67200520326E+05   2.353E+03   2.353E+03   0.000E+00   4.883E+05   5.803E-06   6.330E+01  3.00151E-03   0.000E+00   0.000E+00   4.130E+01   1.044E-05   0.000E+00   4   5.531E+02  1   0.000E+00   0.000E+00   0.000E+00
    113  1.67634425163E+05   9.812E+04   9.812E+04   0.000E+00   1.812E+13   1.564E+00   3.091E-01  3.00151E-03   0.000E+00   0.000E+00   4.474E+02   3.432E-06   0.000E+00   5   4.339E+02  1   0.000E+00   0.000E+00   0.000E+00
