
 Timestep     Time[yr]           Tc        Tmax        M-Tmax        Pc        Rho_c         R          M        coreHEmass  coreCOmass       Te           L  T_irr     iter#   dt[yr] Phase     mdot     mdotRei    mdot/Rei                                                                               

      1  1.00000000000E+01   3.073E+02   3.073E+02   0.000E+00   1.748E+02   1.601E-08   1.266E+02  1.00050E-03   0.000E+00   0.000E+00   2.999E+01   1.163E-05   0.000E+00  25   1.000E+01  1   0.000E+00   0.000E+00   0.000E+00
      2  1.64000000000E+01   3.075E+02   3.075E+02   0.000E+00   1.753E+02   1.605E-08   1.257E+02  1.00050E-03   0.000E+00   0.000E+00   2.967E+01   1.099E-05   0.000E+00  16   6.400E+00  1   0.000E+00   0.000E+00   0.000E+00
      3  2.15200000000E+01   3.074E+02   3.074E+02   0.000E+00   1.754E+02   1.607E-08   1.252E+02  1.00050E-03   0.000E+00   0.000E+00   2.943E+01   1.053E-05   0.000E+00   3   5.120E+00  1   0.000E+00   0.000E+00   0.000E+00
      4  2.71520000000E+01   3.077E+02   3.077E+02   0.000E+00   1.761E+02   1.611E-08   1.245E+02  1.00050E-03   0.000E+00   0.000E+00   2.920E+01   1.010E-05   0.000E+00   3   5.632E+00  1   0.000E+00   0.000E+00   0.000E+00
      5  3.33472000000E+01   3.077E+02   3.077E+02   0.000E+00   1.763E+02   1.613E-08   1.240E+02  1.00050E-03   0.000E+00   0.000E+00   2.898E+01   9.719E-06   0.000E+00   2   6.195E+00  1   0.000E+00   0.000E+00   0.000E+00
      6  4.32595200000E+01   3.077E+02   3.077E+02   0.000E+00   1.766E+02   1.616E-08   1.232E+02  1.00050E-03   0.000E+00   0.000E+00   2.872E+01   9.250E-06   0.000E+00   3   9.912E+00  1   0.000E+00   0.000E+00   0.000E+00
      7  5.41630720000E+01   3.080E+02   3.080E+02   0.000E+00   1.775E+02   1.623E-08   1.224E+02  1.00050E-03   0.000E+00   0.000E+00   2.849E+01   8.855E-06   0.000E+00   2   1.090E+01  1   0.000E+00   0.000E+00   0.000E+00
      8  7.16087552000E+01   3.086E+02   3.086E+02   0.000E+00   1.788E+02   1.632E-08   1.215E+02  1.00050E-03   0.000E+00   0.000E+00   2.825E+01   8.419E-06   0.000E+00   2   1.745E+01  1   0.000E+00   0.000E+00   0.000E+00
      9  9.95218483200E+01   3.092E+02   3.092E+02   0.000E+00   1.804E+02   1.643E-08   1.204E+02  1.00050E-03   0.000E+00   0.000E+00   2.801E+01   7.991E-06   0.000E+00   5   2.791E+01  1   0.000E+00   0.000E+00   0.000E+00
     10  1.27434941440E+02   3.099E+02   3.099E+02   0.000E+00   1.820E+02   1.654E-08   1.195E+02  1.00050E-03   0.000E+00   0.000E+00   2.786E+01   7.715E-06   0.000E+00   4   2.791E+01  1   0.000E+00   0.000E+00   0.000E+00
     11  1.58139343872E+02   3.106E+02   3.106E+02   0.000E+00   1.837E+02   1.666E-08   1.188E+02  1.00050E-03   0.000E+00   0.000E+00   2.777E+01   7.517E-06   0.000E+00   2   3.070E+01  1   0.000E+00   0.000E+00   0.000E+00
     12  2.07266387763E+02   3.119E+02   3.119E+02   0.000E+00   1.865E+02   1.684E-08   1.178E+02  1.00050E-03   0.000E+00   0.000E+00   2.770E+01   7.327E-06   0.000E+00   3   4.913E+01  1   0.000E+00   0.000E+00   0.000E+00
     13  2.61306136044E+02   3.132E+02   3.132E+02   0.000E+00   1.894E+02   1.703E-08   1.169E+02  1.00050E-03   0.000E+00   0.000E+00   2.768E+01   7.190E-06   0.000E+00   2   5.404E+01  1   0.000E+00   0.000E+00   0.000E+00
     14  3.20749859152E+02   3.147E+02   3.147E+02   0.000E+00   1.926E+02   1.723E-08   1.160E+02  1.00050E-03   0.000E+00   0.000E+00   2.768E+01   7.079E-06   0.000E+00   2   5.944E+01  1   0.000E+00   0.000E+00   0.000E+00
     15  3.86137954571E+02   3.162E+02   3.162E+02   0.000E+00   1.960E+02   1.745E-08   1.151E+02  1.00050E-03   0.000E+00   0.000E+00   2.769E+01   6.979E-06   0.000E+00   2   6.539E+01  1   0.000E+00   0.000E+00   0.000E+00
     16  4.58064859532E+02   3.179E+02   3.179E+02   0.000E+00   1.998E+02   1.769E-08   1.142E+02  1.00050E-03   0.000E+00   0.000E+00   2.771E+01   6.881E-06   0.000E+00   2   7.193E+01  1   0.000E+00   0.000E+00   0.000E+00
     17  5.37184454989E+02   3.197E+02   3.197E+02   0.000E+00   2.039E+02   1.795E-08   1.132E+02  1.00050E-03   0.000E+00   0.000E+00   2.773E+01   6.786E-06   0.000E+00   4   7.912E+01  1   0.000E+00   0.000E+00   0.000E+00
     18  6.24216009992E+02   3.217E+02   3.217E+02   0.000E+00   2.083E+02   1.823E-08   1.122E+02  1.00050E-03   0.000E+00   0.000E+00   2.775E+01   6.700E-06   0.000E+00   2   8.703E+01  1   0.000E+00   0.000E+00   0.000E+00
     19  7.19950720496E+02   3.241E+02   3.241E+02   0.000E+00   2.137E+02   1.856E-08   1.113E+02  1.00050E-03   0.000E+00   0.000E+00   2.780E+01   6.625E-06   0.000E+00   3   9.573E+01  1   0.000E+00   0.000E+00   0.000E+00
     20  8.25258902049E+02   3.265E+02   3.265E+02   0.000E+00   2.194E+02   1.892E-08   1.103E+02  1.00050E-03   0.000E+00   0.000E+00   2.785E+01   6.558E-06   0.000E+00   3   1.053E+02  1   0.000E+00   0.000E+00   0.000E+00
     21  9.41097901758E+02   3.291E+02   3.291E+02   0.000E+00   2.258E+02   1.932E-08   1.093E+02  1.00050E-03   0.000E+00   0.000E+00   2.790E+01   6.484E-06   0.000E+00   2   1.158E+02  1   0.000E+00   0.000E+00   0.000E+00
     22  1.06852080144E+03   3.321E+02   3.321E+02   0.000E+00   2.334E+02   1.979E-08   1.082E+02  1.00050E-03   0.000E+00   0.000E+00   2.797E+01   6.423E-06   0.000E+00   3   1.274E+02  1   0.000E+00   0.000E+00   0.000E+00
     23  1.20868599109E+03   3.352E+02   3.352E+02   0.000E+00   2.417E+02   2.030E-08   1.071E+02  1.00050E-03   0.000E+00   0.000E+00   2.804E+01   6.362E-06   0.000E+00   2   1.402E+02  1   0.000E+00   0.000E+00   0.000E+00
     24  1.36286769970E+03   3.387E+02   3.387E+02   0.000E+00   2.514E+02   2.089E-08   1.059E+02  1.00050E-03   0.000E+00   0.000E+00   2.812E+01   6.292E-06   0.000E+00   3   1.542E+02  1   0.000E+00   0.000E+00   0.000E+00
     25  1.53246757917E+03   3.423E+02   3.423E+02   0.000E+00   2.617E+02   2.153E-08   1.047E+02  1.00050E-03   0.000E+00   0.000E+00   2.821E+01   6.229E-06   0.000E+00   3   1.696E+02  1   0.000E+00   0.000E+00   0.000E+00
     26  1.71902744659E+03   3.465E+02   3.465E+02   0.000E+00   2.742E+02   2.227E-08   1.034E+02  1.00050E-03   0.000E+00   0.000E+00   2.831E+01   6.160E-06   0.000E+00   3   1.866E+02  1   0.000E+00   0.000E+00   0.000E+00
     27  1.92424330076E+03   3.507E+02   3.507E+02   0.000E+00   2.871E+02   2.305E-08   1.021E+02  1.00050E-03   0.000E+00   0.000E+00   2.841E+01   6.081E-06   0.000E+00   3   2.052E+02  1   0.000E+00   0.000E+00   0.000E+00
     28  2.14998074034E+03   3.556E+02   3.556E+02   0.000E+00   3.028E+02   2.397E-08   1.006E+02  1.00050E-03   0.000E+00   0.000E+00   2.853E+01   6.010E-06   0.000E+00   3   2.257E+02  1   0.000E+00   0.000E+00   0.000E+00
     29  2.39829192387E+03   3.606E+02   3.606E+02   0.000E+00   3.196E+02   2.496E-08   9.912E+01  1.00050E-03   0.000E+00   0.000E+00   2.864E+01   5.925E-06   0.000E+00   3   2.483E+02  1   0.000E+00   0.000E+00   0.000E+00
     30  2.67143422577E+03   3.661E+02   3.661E+02   0.000E+00   3.391E+02   2.608E-08   9.752E+01  1.00050E-03   0.000E+00   0.000E+00   2.877E+01   5.841E-06   0.000E+00   3   2.731E+02  1   0.000E+00   0.000E+00   0.000E+00
     31  2.97189075785E+03   3.722E+02   3.722E+02   0.000E+00   3.614E+02   2.733E-08   9.583E+01  1.00050E-03   0.000E+00   0.000E+00   2.890E+01   5.743E-06   0.000E+00   3   3.005E+02  1   0.000E+00   0.000E+00   0.000E+00
     32  3.30239294313E+03   3.785E+02   3.785E+02   0.000E+00   3.862E+02   2.872E-08   9.416E+01  1.00050E-03   0.000E+00   0.000E+00   2.905E+01   5.659E-06   0.000E+00   2   3.305E+02  1   0.000E+00   0.000E+00   0.000E+00
     33  3.66594534695E+03   3.853E+02   3.853E+02   0.000E+00   4.145E+02   3.028E-08   9.235E+01  1.00050E-03   0.000E+00   0.000E+00   2.920E+01   5.560E-06   0.000E+00   2   3.636E+02  1   0.000E+00   0.000E+00   0.000E+00
     34  4.06585299115E+03   3.926E+02   3.926E+02   0.000E+00   4.466E+02   3.201E-08   9.045E+01  1.00050E-03   0.000E+00   0.000E+00   2.935E+01   5.443E-06   0.000E+00   2   3.999E+02  1   0.000E+00   0.000E+00   0.000E+00
     35  4.49612161783E+03   4.003E+02   4.003E+02   0.000E+00   4.822E+02   3.392E-08   8.858E+01  1.00050E-03   0.000E+00   0.000E+00   2.952E+01   5.342E-06   0.000E+00   3   4.303E+02  1   0.000E+00   0.000E+00   0.000E+00
     36  4.94876731191E+03   4.083E+02   4.083E+02   0.000E+00   5.221E+02   3.600E-08   8.668E+01  1.00050E-03   0.000E+00   0.000E+00   2.968E+01   5.224E-06   0.000E+00   3   4.526E+02  1   0.000E+00   0.000E+00   0.000E+00
     37  5.41116616602E+03   4.164E+02   4.164E+02   0.000E+00   5.647E+02   3.819E-08   8.494E+01  1.00050E-03   0.000E+00   0.000E+00   2.987E+01   5.144E-06   0.000E+00   2   4.624E+02  1   0.000E+00   0.000E+00   0.000E+00
     38  5.89645808765E+03   4.248E+02   4.248E+02   0.000E+00   6.118E+02   4.055E-08   8.305E+01  1.00050E-03   0.000E+00   0.000E+00   3.001E+01   5.016E-06   0.000E+00   3   4.853E+02  1   0.000E+00   0.000E+00   0.000E+00
     39  6.38469432008E+03   4.330E+02   4.330E+02   0.000E+00   6.609E+02   4.299E-08   8.135E+01  1.00050E-03   0.000E+00   0.000E+00   3.019E+01   4.926E-06   0.000E+00   3   4.882E+02  1   0.000E+00   0.000E+00   0.000E+00
     40  6.90207004844E+03   4.417E+02   4.417E+02   0.000E+00   7.167E+02   4.567E-08   7.963E+01  1.00050E-03   0.000E+00   0.000E+00   3.035E+01   4.822E-06   0.000E+00   3   5.174E+02  1   0.000E+00   0.000E+00   0.000E+00
     41  7.42783573576E+03   4.503E+02   4.503E+02   0.000E+00   7.747E+02   4.843E-08   7.805E+01  1.00050E-03   0.000E+00   0.000E+00   3.053E+01   4.744E-06   0.000E+00   2   5.258E+02  1   0.000E+00   0.000E+00   0.000E+00
     42  7.98353434181E+03   4.592E+02   4.592E+02   0.000E+00   8.385E+02   5.141E-08   7.633E+01  1.00050E-03   0.000E+00   0.000E+00   3.067E+01   4.620E-06   0.000E+00   3   5.557E+02  1   0.000E+00   0.000E+00   0.000E+00
     43  8.54105201374E+03   4.683E+02   4.683E+02   0.000E+00   9.068E+02   5.452E-08   7.485E+01  1.00050E-03   0.000E+00   0.000E+00   3.086E+01   4.554E-06   0.000E+00   3   5.575E+02  1   0.000E+00   0.000E+00   0.000E+00
     44  9.12815431177E+03   4.776E+02   4.776E+02   0.000E+00   9.812E+02   5.785E-08   7.327E+01  1.00050E-03   0.000E+00   0.000E+00   3.101E+01   4.451E-06   0.000E+00   3   5.871E+02  1   0.000E+00   0.000E+00   0.000E+00
     45  9.72114726944E+03   4.868E+02   4.868E+02   0.000E+00   1.059E+03   6.128E-08   7.177E+01  1.00050E-03   0.000E+00   0.000E+00   3.117E+01   4.358E-06   0.000E+00   3   5.930E+02  1   0.000E+00   0.000E+00   0.000E+00
     46  1.03373628880E+04   4.965E+02   4.965E+02   0.000E+00   1.146E+03   6.498E-08   7.032E+01  1.00050E-03   0.000E+00   0.000E+00   3.133E+01   4.267E-06   0.000E+00   3   6.162E+02  1   0.000E+00   0.000E+00   0.000E+00
     47  1.09705349362E+04   5.060E+02   5.060E+02   0.000E+00   1.237E+03   6.884E-08   6.898E+01  1.00050E-03   0.000E+00   0.000E+00   3.152E+01   4.210E-06   0.000E+00   3   6.332E+02  1   0.000E+00   0.000E+00   0.000E+00
     48  1.16455513737E+04   5.160E+02   5.160E+02   0.000E+00   1.339E+03   7.307E-08   6.750E+01  1.00050E-03   0.000E+00   0.000E+00   3.166E+01   4.102E-06   0.000E+00   3   6.750E+02  1   0.000E+00   0.000E+00   0.000E+00
     49  1.23234179683E+04   5.259E+02   5.259E+02   0.000E+00   1.447E+03   7.745E-08   6.620E+01  1.00050E-03   0.000E+00   0.000E+00   3.185E+01   4.041E-06   0.000E+00   3   6.779E+02  1   0.000E+00   0.000E+00   0.000E+00
     50  1.30505349168E+04   5.362E+02   5.362E+02   0.000E+00   1.565E+03   8.221E-08   6.479E+01  1.00050E-03   0.000E+00   0.000E+00   3.199E+01   3.940E-06   0.000E+00   3   7.271E+02  1   0.000E+00   0.000E+00   0.000E+00
     51  1.37887206884E+04   5.466E+02   5.466E+02   0.000E+00   1.694E+03   8.724E-08   6.349E+01  1.00050E-03   0.000E+00   0.000E+00   3.214E+01   3.856E-06   0.000E+00   3   7.382E+02  1   0.000E+00   0.000E+00   0.000E+00
     52  1.45600988833E+04   5.570E+02   5.570E+02   0.000E+00   1.830E+03   9.253E-08   6.222E+01  1.00050E-03   0.000E+00   0.000E+00   3.232E+01   3.785E-06   0.000E+00   3   7.714E+02  1   0.000E+00   0.000E+00   0.000E+00
     53  1.53734638048E+04   5.681E+02   5.681E+02   0.000E+00   1.985E+03   9.838E-08   6.098E+01  1.00050E-03   0.000E+00   0.000E+00   3.251E+01   3.722E-06   0.000E+00   3   8.134E+02  1   0.000E+00   0.000E+00   0.000E+00
     54  1.62052278809E+04   5.789E+02   5.789E+02   0.000E+00   2.146E+03   1.044E-07   5.971E+01  1.00050E-03   0.000E+00   0.000E+00   3.264E+01   3.628E-06   0.000E+00   3   8.318E+02  1   0.000E+00   0.000E+00   0.000E+00
     55  1.70646945613E+04   5.902E+02   5.902E+02   0.000E+00   2.324E+03   1.109E-07   5.858E+01  1.00050E-03   0.000E+00   0.000E+00   3.285E+01   3.583E-06   0.000E+00   3   8.595E+02  1   0.000E+00   0.000E+00   0.000E+00
     56  1.79591915445E+04   6.016E+02   6.016E+02   0.000E+00   2.513E+03   1.176E-07   5.733E+01  1.00050E-03   0.000E+00   0.000E+00   3.297E+01   3.480E-06   0.000E+00   3   8.945E+02  1   0.000E+00   0.000E+00   0.000E+00
     57  1.88545952254E+04   6.134E+02   6.134E+02   0.000E+00   2.716E+03   1.247E-07   5.629E+01  1.00050E-03   0.000E+00   0.000E+00   3.319E+01   3.445E-06   0.000E+00   3   8.954E+02  1   0.000E+00   0.000E+00   0.000E+00
     58  1.97917601518E+04   6.253E+02   6.253E+02   0.000E+00   2.934E+03   1.321E-07   5.513E+01  1.00050E-03   0.000E+00   0.000E+00   3.331E+01   3.352E-06   0.000E+00   2   9.372E+02  1   0.000E+00   0.000E+00   0.000E+00
     59  2.05414920929E+04   6.351E+02   6.351E+02   0.000E+00   3.120E+03   1.383E-07   5.429E+01  1.00050E-03   0.000E+00   0.000E+00   3.344E+01   3.302E-06   0.000E+00   3   7.497E+02  1   0.000E+00   0.000E+00   0.000E+00
     60  2.13661972281E+04   6.455E+02   6.455E+02   0.000E+00   3.329E+03   1.452E-07   5.341E+01  1.00050E-03   0.000E+00   0.000E+00   3.359E+01   3.255E-06   0.000E+00   3   8.247E+02  1   0.000E+00   0.000E+00   0.000E+00
     61  2.22733728769E+04   6.570E+02   6.570E+02   0.000E+00   3.570E+03   1.530E-07   5.247E+01  1.00050E-03   0.000E+00   0.000E+00   3.375E+01   3.202E-06   0.000E+00   2   9.072E+02  1   0.000E+00   0.000E+00   0.000E+00
     62  2.32712660905E+04   6.690E+02   6.690E+02   0.000E+00   3.837E+03   1.615E-07   5.153E+01  1.00050E-03   0.000E+00   0.000E+00   3.391E+01   3.144E-06   0.000E+00   3   9.979E+02  1   0.000E+00   0.000E+00   0.000E+00
     63  2.43628365991E+04   6.815E+02   6.815E+02   0.000E+00   4.132E+03   1.707E-07   5.042E+01  1.00050E-03   0.000E+00   0.000E+00   3.395E+01   3.027E-06   0.000E+00   4   1.092E+03  1   0.000E+00   0.000E+00   0.000E+00
     64  2.54802597901E+04   6.948E+02   6.948E+02   0.000E+00   4.463E+03   1.808E-07   4.961E+01  1.00050E-03   0.000E+00   0.000E+00   3.428E+01   3.046E-06   0.000E+00   3   1.117E+03  1   0.000E+00   0.000E+00   0.000E+00
     65  2.67013755772E+04   7.086E+02   7.086E+02   0.000E+00   4.828E+03   1.918E-07   4.855E+01  1.00050E-03   0.000E+00   0.000E+00   3.437E+01   2.949E-06   0.000E+00   2   1.221E+03  1   0.000E+00   0.000E+00   0.000E+00
     66  2.76782682068E+04   7.197E+02   7.197E+02   0.000E+00   5.137E+03   2.009E-07   4.777E+01  1.00050E-03   0.000E+00   0.000E+00   3.447E+01   2.887E-06   0.000E+00   3   9.769E+02  1   0.000E+00   0.000E+00   0.000E+00
     67  2.87528500994E+04   7.318E+02   7.318E+02   0.000E+00   5.491E+03   2.112E-07   4.701E+01  1.00050E-03   0.000E+00   0.000E+00   3.466E+01   2.860E-06   0.000E+00   3   1.075E+03  1   0.000E+00   0.000E+00   0.000E+00
     68  2.99348901813E+04   7.449E+02   7.449E+02   0.000E+00   5.893E+03   2.227E-07   4.616E+01  1.00050E-03   0.000E+00   0.000E+00   3.482E+01   2.807E-06   0.000E+00   2   1.182E+03  1   0.000E+00   0.000E+00   0.000E+00
     69  3.12351342713E+04   7.588E+02   7.588E+02   0.000E+00   6.347E+03   2.355E-07   4.531E+01  1.00050E-03   0.000E+00   0.000E+00   3.500E+01   2.760E-06   0.000E+00   3   1.300E+03  1   0.000E+00   0.000E+00   0.000E+00
     70  3.26254903538E+04   7.729E+02   7.729E+02   0.000E+00   6.846E+03   2.493E-07   4.442E+01  1.00050E-03   0.000E+00   0.000E+00   3.511E+01   2.689E-06   0.000E+00   3   1.390E+03  1   0.000E+00   0.000E+00   0.000E+00
     71  3.40869907720E+04   7.872E+02   7.872E+02   0.000E+00   7.386E+03   2.642E-07   4.351E+01  1.00050E-03   0.000E+00   0.000E+00   3.520E+01   2.606E-06   0.000E+00   3   1.462E+03  1   0.000E+00   0.000E+00   0.000E+00
     72  3.56196321904E+04   8.020E+02   8.020E+02   0.000E+00   7.991E+03   2.805E-07   4.275E+01  1.00050E-03   0.000E+00   0.000E+00   3.550E+01   2.602E-06   0.000E+00   3   1.533E+03  1   0.000E+00   0.000E+00   0.000E+00
     73  3.72720431484E+04   8.176E+02   8.176E+02   0.000E+00   8.668E+03   2.985E-07   4.190E+01  1.00050E-03   0.000E+00   0.000E+00   3.569E+01   2.552E-06   0.000E+00   2   1.652E+03  1   0.000E+00   0.000E+00   0.000E+00
     74  3.89315354447E+04   8.324E+02   8.324E+02   0.000E+00   9.357E+03   3.165E-07   4.099E+01  1.00050E-03   0.000E+00   0.000E+00   3.571E+01   2.449E-06   0.000E+00   3   1.659E+03  1   0.000E+00   0.000E+00   0.000E+00
     75  4.06417592887E+04   8.483E+02   8.483E+02   0.000E+00   1.013E+04   3.363E-07   4.027E+01  1.00050E-03   0.000E+00   0.000E+00   3.599E+01   2.439E-06   0.000E+00   3   1.710E+03  1   0.000E+00   0.000E+00   0.000E+00
     76  4.24626346473E+04   8.649E+02   8.649E+02   0.000E+00   1.099E+04   3.576E-07   3.951E+01  1.00050E-03   0.000E+00   0.000E+00   3.622E+01   2.408E-06   0.000E+00   2   1.821E+03  1   0.000E+00   0.000E+00   0.000E+00
     77  4.42934303965E+04   8.809E+02   8.809E+02   0.000E+00   1.186E+04   3.792E-07   3.866E+01  1.00050E-03   0.000E+00   0.000E+00   3.624E+01   2.309E-06   0.000E+00   3   1.831E+03  1   0.000E+00   0.000E+00   0.000E+00
     78  4.61377854026E+04   8.973E+02   8.973E+02   0.000E+00   1.281E+04   4.019E-07   3.798E+01  1.00050E-03   0.000E+00   0.000E+00   3.646E+01   2.283E-06   0.000E+00   3   1.844E+03  1   0.000E+00   0.000E+00   0.000E+00
     79  4.81397645815E+04   9.147E+02   9.147E+02   0.000E+00   1.387E+04   4.270E-07   3.728E+01  1.00050E-03   0.000E+00   0.000E+00   3.672E+01   2.263E-06   0.000E+00   2   2.002E+03  1   0.000E+00   0.000E+00   0.000E+00
     80  5.01788150319E+04   9.319E+02   9.319E+02   0.000E+00   1.500E+04   4.531E-07   3.654E+01  1.00050E-03   0.000E+00   0.000E+00   3.682E+01   2.199E-06   0.000E+00   3   2.039E+03  1   0.000E+00   0.000E+00   0.000E+00
     81  5.22428839109E+04   9.494E+02   9.494E+02   0.000E+00   1.620E+04   4.805E-07   3.587E+01  1.00050E-03   0.000E+00   0.000E+00   3.701E+01   2.164E-06   0.000E+00   3   2.064E+03  1   0.000E+00   0.000E+00   0.000E+00
     82  5.44330881790E+04   9.673E+02   9.673E+02   0.000E+00   1.753E+04   5.101E-07   3.519E+01  1.00050E-03   0.000E+00   0.000E+00   3.718E+01   2.122E-06   0.000E+00   3   2.190E+03  1   0.000E+00   0.000E+00   0.000E+00
     83  5.66996902951E+04   9.854E+02   9.854E+02   0.000E+00   1.894E+04   5.413E-07   3.449E+01  1.00050E-03   0.000E+00   0.000E+00   3.726E+01   2.055E-06   0.000E+00   3   2.267E+03  1   0.000E+00   0.000E+00   0.000E+00
     84  5.90365109348E+04   1.004E+03   1.004E+03   0.000E+00   2.048E+04   5.744E-07   3.383E+01  1.00050E-03   0.000E+00   0.000E+00   3.740E+01   2.008E-06   0.000E+00   3   2.337E+03  1   0.000E+00   0.000E+00   0.000E+00
     85  6.14999553131E+04   1.023E+03   1.023E+03   0.000E+00   2.219E+04   6.107E-07   3.325E+01  1.00050E-03   0.000E+00   0.000E+00   3.777E+01   2.017E-06   0.000E+00   3   2.463E+03  1   0.000E+00   0.000E+00   0.000E+00
     86  6.40991202812E+04   1.043E+03   1.043E+03   0.000E+00   2.407E+04   6.499E-07   3.261E+01  1.00050E-03   0.000E+00   0.000E+00   3.795E+01   1.976E-06   0.000E+00   2   2.599E+03  1   0.000E+00   0.000E+00   0.000E+00
     87  6.61784522557E+04   1.059E+03   1.059E+03   0.000E+00   2.570E+04   6.830E-07   3.208E+01  1.00050E-03   0.000E+00   0.000E+00   3.802E+01   1.928E-06   0.000E+00   3   2.079E+03  1   0.000E+00   0.000E+00   0.000E+00
     88  6.84657174276E+04   1.077E+03   1.077E+03   0.000E+00   2.749E+04   7.190E-07   3.150E+01  1.00050E-03   0.000E+00   0.000E+00   3.800E+01   1.855E-06   0.000E+00   2   2.287E+03  1   0.000E+00   0.000E+00   0.000E+00
     89  7.09817091167E+04   1.095E+03   1.095E+03   0.000E+00   2.955E+04   7.596E-07   3.097E+01  1.00050E-03   0.000E+00   0.000E+00   3.817E+01   1.825E-06   0.000E+00   3   2.516E+03  1   0.000E+00   0.000E+00   0.000E+00
     90  7.37492999747E+04   1.116E+03   1.116E+03   0.000E+00   3.195E+04   8.059E-07   3.048E+01  1.00050E-03   0.000E+00   0.000E+00   3.863E+01   1.854E-06   0.000E+00   2   2.768E+03  1   0.000E+00   0.000E+00   0.000E+00
     91  7.67563148314E+04   1.138E+03   1.138E+03   0.000E+00   3.464E+04   8.571E-07   2.991E+01  1.00050E-03   0.000E+00   0.000E+00   3.883E+01   1.823E-06   0.000E+00   2   3.007E+03  1   0.000E+00   0.000E+00   0.000E+00
     92  7.91619267168E+04   1.156E+03   1.156E+03   0.000E+00   3.696E+04   9.005E-07   2.940E+01  1.00050E-03   0.000E+00   0.000E+00   3.882E+01   1.759E-06   0.000E+00   3   2.406E+03  1   0.000E+00   0.000E+00   0.000E+00
     93  8.18080997907E+04   1.174E+03   1.174E+03   0.000E+00   3.957E+04   9.483E-07   2.892E+01  1.00050E-03   0.000E+00   0.000E+00   3.892E+01   1.719E-06   0.000E+00   2   2.646E+03  1   0.000E+00   0.000E+00   0.000E+00
     94  8.47188901720E+04   1.194E+03   1.194E+03   0.000E+00   4.247E+04   1.001E-06   2.845E+01  1.00050E-03   0.000E+00   0.000E+00   3.909E+01   1.693E-06   0.000E+00   3   2.911E+03  1   0.000E+00   0.000E+00   0.000E+00
     95  8.79207595914E+04   1.216E+03   1.216E+03   0.000E+00   4.587E+04   1.062E-06   2.796E+01  1.00050E-03   0.000E+00   0.000E+00   3.933E+01   1.676E-06   0.000E+00   2   3.202E+03  1   0.000E+00   0.000E+00   0.000E+00
     96  9.13599340172E+04   1.240E+03   1.240E+03   0.000E+00   4.968E+04   1.128E-06   2.743E+01  1.00050E-03   0.000E+00   0.000E+00   3.955E+01   1.651E-06   0.000E+00   3   3.439E+03  1   0.000E+00   0.000E+00   0.000E+00
     97  9.48939223634E+04   1.263E+03   1.263E+03   0.000E+00   5.376E+04   1.198E-06   2.689E+01  1.00050E-03   0.000E+00   0.000E+00   3.960E+01   1.594E-06   0.000E+00   2   3.534E+03  1   0.000E+00   0.000E+00   0.000E+00
     98  9.85181108893E+04   1.287E+03   1.287E+03   0.000E+00   5.814E+04   1.272E-06   2.644E+01  1.00050E-03   0.000E+00   0.000E+00   3.993E+01   1.593E-06   0.000E+00   3   3.624E+03  1   0.000E+00   0.000E+00   0.000E+00
     99  1.02485109311E+05   1.313E+03   1.313E+03   0.000E+00   6.321E+04   1.355E-06   2.595E+01  1.00050E-03   0.000E+00   0.000E+00   4.019E+01   1.574E-06   0.000E+00   2   3.967E+03  1   0.000E+00   0.000E+00   0.000E+00
    100  1.05658708049E+05   1.335E+03   1.335E+03   0.000E+00   6.767E+04   1.427E-06   2.552E+01  1.00050E-03   0.000E+00   0.000E+00   4.027E+01   1.535E-06   0.000E+00   3   3.174E+03  1   0.000E+00   0.000E+00   0.000E+00
    101  1.09149666660E+05   1.357E+03   1.357E+03   0.000E+00   7.260E+04   1.506E-06   2.507E+01  1.00050E-03   0.000E+00   0.000E+00   4.027E+01   1.481E-06   0.000E+00   2   3.491E+03  1   0.000E+00   0.000E+00   0.000E+00
    102  1.12989721133E+05   1.381E+03   1.381E+03   0.000E+00   7.813E+04   1.593E-06   2.461E+01  1.00050E-03   0.000E+00   0.000E+00   4.022E+01   1.420E-06   0.000E+00   3   3.840E+03  1   0.000E+00   0.000E+00   0.000E+00
    103  1.17213781052E+05   1.407E+03   1.407E+03   0.000E+00   8.466E+04   1.694E-06   2.421E+01  1.00050E-03   0.000E+00   0.000E+00   4.075E+01   1.448E-06   0.000E+00   3   4.224E+03  1   0.000E+00   0.000E+00   0.000E+00
    104  1.21860246964E+05   1.435E+03   1.435E+03   0.000E+00   9.215E+04   1.808E-06   2.377E+01  1.00050E-03   0.000E+00   0.000E+00   4.113E+01   1.449E-06   0.000E+00   2   4.646E+03  1   0.000E+00   0.000E+00   0.000E+00
    105  1.25577419693E+05   1.459E+03   1.459E+03   0.000E+00   9.892E+04   1.908E-06   2.339E+01  1.00050E-03   0.000E+00   0.000E+00   4.129E+01   1.426E-06   0.000E+00   2   3.717E+03  1   0.000E+00   0.000E+00   0.000E+00
    106  1.29666309695E+05   1.485E+03   1.485E+03   0.000E+00   1.063E+05   2.017E-06   2.299E+01  1.00050E-03   0.000E+00   0.000E+00   4.140E+01   1.391E-06   0.000E+00   2   4.089E+03  1   0.000E+00   0.000E+00   0.000E+00
    107  1.34164088698E+05   1.512E+03   1.512E+03   0.000E+00   1.148E+05   2.139E-06   2.255E+01  1.00050E-03   0.000E+00   0.000E+00   4.134E+01   1.330E-06   0.000E+00   2   4.498E+03  1   0.000E+00   0.000E+00   0.000E+00
    108  1.38998119575E+05   1.540E+03   1.540E+03   0.000E+00   1.243E+05   2.273E-06   2.215E+01  1.00050E-03   0.000E+00   0.000E+00   4.156E+01   1.312E-06   0.000E+00   3   4.834E+03  1   0.000E+00   0.000E+00   0.000E+00
    109  1.44286467925E+05   1.571E+03   1.571E+03   0.000E+00   1.352E+05   2.424E-06   2.174E+01  1.00050E-03   0.000E+00   0.000E+00   4.176E+01   1.288E-06   0.000E+00   2   5.288E+03  1   0.000E+00   0.000E+00   0.000E+00
    110  1.49692888953E+05   1.602E+03   1.602E+03   0.000E+00   1.473E+05   2.588E-06   2.135E+01  1.00050E-03   0.000E+00   0.000E+00   4.225E+01   1.302E-06   0.000E+00   2   5.406E+03  1   0.000E+00   0.000E+00   0.000E+00
    111  1.55359230714E+05   1.634E+03   1.634E+03   0.000E+00   1.605E+05   2.766E-06   2.094E+01  1.00050E-03   0.000E+00   0.000E+00   4.249E+01   1.281E-06   0.000E+00   2   5.666E+03  1   0.000E+00   0.000E+00   0.000E+00
    112  1.61041839263E+05   1.667E+03   1.667E+03   0.000E+00   1.750E+05   2.954E-06   2.052E+01  1.00050E-03   0.000E+00   0.000E+00   4.257E+01   1.239E-06   0.000E+00   2   5.683E+03  1   0.000E+00   0.000E+00   0.000E+00
    113  1.66779931229E+05   1.700E+03   1.700E+03   0.000E+00   1.901E+05   3.149E-06   2.012E+01  1.00050E-03   0.000E+00   0.000E+00   4.260E+01   1.195E-06   0.000E+00   2   5.738E+03  1   0.000E+00   0.000E+00   0.000E+00
    114  1.72805547018E+05   1.732E+03   1.732E+03   0.000E+00   2.070E+05   3.363E-06   1.975E+01  1.00050E-03   0.000E+00   0.000E+00   4.288E+01   1.182E-06   0.000E+00   4   6.026E+03  1   0.000E+00   0.000E+00   0.000E+00
    115  1.79107612642E+05   1.754E+03   1.754E+03   0.000E+00   2.260E+05   3.627E-06   1.938E+01  1.00050E-03   0.000E+00   0.000E+00   4.311E+01   1.162E-06   0.000E+00  10   6.302E+03  1   0.000E+00   0.000E+00   0.000E+00
    116  1.84149265142E+05   1.765E+03   1.765E+03   0.000E+00   2.434E+05   3.882E-06   1.908E+01  1.00050E-03   0.000E+00   0.000E+00   4.330E+01   1.146E-06   0.000E+00   5   5.042E+03  1   0.000E+00   0.000E+00   0.000E+00
    117  1.89190917641E+05   1.773E+03   1.773E+03   0.000E+00   2.627E+05   4.170E-06   1.879E+01  1.00050E-03   0.000E+00   0.000E+00   4.349E+01   1.132E-06   0.000E+00   4   5.042E+03  1   0.000E+00   0.000E+00   0.000E+00
    118  1.94736735390E+05   1.780E+03   1.780E+03   0.000E+00   2.861E+05   4.524E-06   1.849E+01  1.00050E-03   0.000E+00   0.000E+00   4.369E+01   1.116E-06   0.000E+00   4   5.546E+03  1   0.000E+00   0.000E+00   0.000E+00
    119  2.00837134915E+05   1.787E+03   1.787E+03   0.000E+00   3.149E+05   4.963E-06   1.821E+01  1.00050E-03   0.000E+00   0.000E+00   4.408E+01   1.122E-06   0.000E+00   4   6.100E+03  1   0.000E+00   0.000E+00   0.000E+00
    120  2.07547574391E+05   1.793E+03   1.793E+03   0.000E+00   3.509E+05   5.508E-06   1.791E+01  1.00050E-03   0.000E+00   0.000E+00   4.432E+01   1.110E-06   0.000E+00   4   6.710E+03  1   0.000E+00   0.000E+00   0.000E+00
    121  2.14929057816E+05   1.801E+03   1.801E+03   0.000E+00   3.954E+05   6.182E-06   1.762E+01  1.00050E-03   0.000E+00   0.000E+00   4.430E+01   1.071E-06   0.000E+00   4   7.381E+03  1   0.000E+00   0.000E+00   0.000E+00
    122  2.23048689582E+05   1.811E+03   1.811E+03   0.000E+00   4.532E+05   7.044E-06   1.737E+01  1.00050E-03   0.000E+00   0.000E+00   4.467E+01   1.077E-06   0.000E+00   4   8.120E+03  1   0.000E+00   0.000E+00   0.000E+00
    123  2.31980284526E+05   1.826E+03   1.826E+03   0.000E+00   5.300E+05   8.170E-06   1.717E+01  1.00050E-03   0.000E+00   0.000E+00   4.502E+01   1.085E-06   0.000E+00   4   8.932E+03  1   0.000E+00   0.000E+00   0.000E+00
    124  2.41200996999E+05   1.844E+03   1.844E+03   0.000E+00   6.271E+05   9.574E-06   1.702E+01  1.00050E-03   0.000E+00   0.000E+00   4.524E+01   1.087E-06   0.000E+00   5   9.221E+03  1   0.000E+00   0.000E+00   0.000E+00
    125  2.48577566977E+05   1.863E+03   1.863E+03   0.000E+00   7.266E+05   1.098E-05   1.693E+01  1.00050E-03   0.000E+00   0.000E+00   4.504E+01   1.057E-06   0.000E+00   4   7.377E+03  1   0.000E+00   0.000E+00   0.000E+00
    126  2.56656655864E+05   1.891E+03   1.891E+03   0.000E+00   8.660E+05   1.289E-05   1.696E+01  1.00050E-03   0.000E+00   0.000E+00   4.584E+01   1.139E-06   0.000E+00   5   8.079E+03  1   0.000E+00   0.000E+00   0.000E+00
    127  2.63119926973E+05   1.921E+03   1.921E+03   0.000E+00   1.015E+06   1.487E-05   1.704E+01  1.00050E-03   0.000E+00   0.000E+00   4.623E+01   1.189E-06   0.000E+00   5   6.463E+03  1   0.000E+00   0.000E+00   0.000E+00
    128  2.68290543861E+05   1.951E+03   1.951E+03   0.000E+00   1.169E+06   1.687E-05   1.715E+01  1.00050E-03   0.000E+00   0.000E+00   4.628E+01   1.210E-06   0.000E+00   4   5.171E+03  1   0.000E+00   0.000E+00   0.000E+00
    129  2.73747035483E+05   1.987E+03   1.987E+03   0.000E+00   1.368E+06   1.937E-05   1.732E+01  1.00050E-03   0.000E+00   0.000E+00   4.599E+01   1.203E-06   0.000E+00   5   5.456E+03  1   0.000E+00   0.000E+00   0.000E+00
    130  2.78112228781E+05   2.023E+03   2.023E+03   0.000E+00   1.575E+06   2.190E-05   1.755E+01  1.00050E-03   0.000E+00   0.000E+00   4.621E+01   1.259E-06   0.000E+00   5   4.365E+03  1   0.000E+00   0.000E+00   0.000E+00
    131  2.81604383420E+05   2.062E+03   2.062E+03   0.000E+00   1.792E+06   2.445E-05   1.782E+01  1.00050E-03   0.000E+00   0.000E+00   4.676E+01   1.360E-06   0.000E+00   5   3.492E+03  1   0.000E+00   0.000E+00   0.000E+00
    132  2.84398107130E+05   2.102E+03   2.102E+03   0.000E+00   2.018E+06   2.700E-05   1.809E+01  1.00050E-03   0.000E+00   0.000E+00   4.732E+01   1.470E-06   0.000E+00   4   2.794E+03  1   0.000E+00   0.000E+00   0.000E+00
    133  2.86633086099E+05   2.140E+03   2.140E+03   0.000E+00   2.239E+06   2.944E-05   1.832E+01  1.00050E-03   0.000E+00   0.000E+00   4.721E+01   1.494E-06   0.000E+00   4   2.235E+03  1   0.000E+00   0.000E+00   0.000E+00
    134  2.89084843787E+05   2.186E+03   2.186E+03   0.000E+00   2.525E+06   3.248E-05   1.861E+01  1.00050E-03   0.000E+00   0.000E+00   4.680E+01   1.489E-06   0.000E+00   5   2.452E+03  1   0.000E+00   0.000E+00   0.000E+00
    135  2.91046249937E+05   2.232E+03   2.232E+03   0.000E+00   2.816E+06   3.548E-05   1.894E+01  1.00050E-03   0.000E+00   0.000E+00   4.695E+01   1.562E-06   0.000E+00   4   1.961E+03  1   0.000E+00   0.000E+00   0.000E+00
    136  2.93011330726E+05   2.282E+03   2.282E+03   0.000E+00   3.161E+06   3.895E-05   1.935E+01  1.00050E-03   0.000E+00   0.000E+00   4.708E+01   1.648E-06   0.000E+00   5   1.965E+03  1   0.000E+00   0.000E+00   0.000E+00
    137  2.94583395357E+05   2.331E+03   2.331E+03   0.000E+00   3.529E+06   4.251E-05   1.973E+01  1.00050E-03   0.000E+00   0.000E+00   4.717E+01   1.727E-06   0.000E+00   4   1.572E+03  1   0.000E+00   0.000E+00   0.000E+00
    138  2.96213361135E+05   2.387E+03   2.387E+03   0.000E+00   3.980E+06   4.679E-05   2.021E+01  1.00050E-03   0.000E+00   0.000E+00   4.706E+01   1.796E-06   0.000E+00   5   1.630E+03  1   0.000E+00   0.000E+00   0.000E+00
    139  2.97517333757E+05   2.444E+03   2.444E+03   0.000E+00   4.482E+06   5.142E-05   2.064E+01  1.00050E-03   0.000E+00   0.000E+00   4.675E+01   1.824E-06   0.000E+00   5   1.304E+03  1   0.000E+00   0.000E+00   0.000E+00
    140  2.98821306380E+05   2.511E+03   2.511E+03   0.000E+00   5.130E+06   5.723E-05   2.121E+01  1.00050E-03   0.000E+00   0.000E+00   4.642E+01   1.872E-06   0.000E+00   5   1.304E+03  1   0.000E+00   0.000E+00   0.000E+00
    141  2.99864484478E+05   2.586E+03   2.586E+03   0.000E+00   5.942E+06   6.429E-05   2.181E+01  1.00050E-03   0.000E+00   0.000E+00   4.689E+01   2.060E-06   0.000E+00   5   1.043E+03  1   0.000E+00   0.000E+00   0.000E+00
    142  3.00699026957E+05   2.677E+03   2.677E+03   0.000E+00   7.057E+06   7.365E-05   2.250E+01  1.00050E-03   0.000E+00   0.000E+00   4.752E+01   2.312E-06   0.000E+00   5   8.345E+02  1   0.000E+00   0.000E+00   0.000E+00
    143  3.01366660939E+05   4.608E+04   4.608E+04   0.000E+00   5.627E+12   1.103E+00   2.911E-01  1.00050E-03   0.000E+00   0.000E+00   3.108E+02   7.087E-07   0.000E+00   6   6.676E+02  1   0.000E+00   0.000E+00   0.000E+00
