      1  1.00000000000E+01   4.356E+02   4.356E+02   0.000E+00   7.339E+01   4.743E-09   2.496E+02  3.00151E-03   0.000E+00   0.000E+00   3.454E+01   7.941E-05   0.000E+00  53   1.000E+01  1   0.000E+00   0.000E+00   0.000E+00
      2  1.51200000000E+01   4.356E+02   4.356E+02   0.000E+00   7.352E+01   4.752E-09   2.470E+02  3.00151E-03   0.000E+00   0.000E+00   3.377E+01   7.107E-05   0.000E+00  28   5.120E+00  1   0.000E+00   0.000E+00   0.000E+00
      3  1.92160000000E+01   4.358E+02   4.358E+02   0.000E+00   7.370E+01   4.763E-09   2.452E+02  3.00151E-03   0.000E+00   0.000E+00   3.330E+01   6.629E-05   0.000E+00   3   4.096E+00  1   0.000E+00   0.000E+00   0.000E+00
      4  2.37216000000E+01   4.363E+02   4.363E+02   0.000E+00   7.404E+01   4.779E-09   2.435E+02  3.00151E-03   0.000E+00   0.000E+00   3.291E+01   6.236E-05   0.000E+00   3   4.506E+00  1   0.000E+00   0.000E+00   0.000E+00
      5  2.86777600000E+01   4.367E+02   4.367E+02   0.000E+00   7.437E+01   4.794E-09   2.420E+02  3.00151E-03   0.000E+00   0.000E+00   3.257E+01   5.905E-05   0.000E+00   2   4.956E+00  1   0.000E+00   0.000E+00   0.000E+00
      6  3.66076160000E+01   4.370E+02   4.370E+02   0.000E+00   7.458E+01   4.806E-09   2.401E+02  3.00151E-03   0.000E+00   0.000E+00   3.216E+01   5.524E-05   0.000E+00   3   7.930E+00  1   0.000E+00   0.000E+00   0.000E+00
      7  4.53304576000E+01   4.373E+02   4.373E+02   0.000E+00   7.490E+01   4.823E-09   2.383E+02  3.00151E-03   0.000E+00   0.000E+00   3.181E+01   5.209E-05   0.000E+00   2   8.723E+00  1   0.000E+00   0.000E+00   0.000E+00
      8  5.92870041600E+01   4.379E+02   4.379E+02   0.000E+00   7.539E+01   4.848E-09   2.360E+02  3.00151E-03   0.000E+00   0.000E+00   3.140E+01   4.856E-05   0.000E+00   2   1.396E+01  1   0.000E+00   0.000E+00   0.000E+00
      9  7.46392053760E+01   4.387E+02   4.387E+02   0.000E+00   7.600E+01   4.877E-09   2.339E+02  3.00151E-03   0.000E+00   0.000E+00   3.108E+01   4.576E-05   0.000E+00   2   1.535E+01  1   0.000E+00   0.000E+00   0.000E+00
     10  9.15266267136E+01   4.395E+02   4.395E+02   0.000E+00   7.657E+01   4.905E-09   2.321E+02  3.00151E-03   0.000E+00   0.000E+00   3.081E+01   4.351E-05   0.000E+00   2   1.689E+01  1   0.000E+00   0.000E+00   0.000E+00
     11  1.10102790185E+02   4.401E+02   4.401E+02   0.000E+00   7.710E+01   4.932E-09   2.304E+02  3.00151E-03   0.000E+00   0.000E+00   3.059E+01   4.168E-05   0.000E+00   2   1.858E+01  1   0.000E+00   0.000E+00   0.000E+00
     12  1.39824651739E+02   4.413E+02   4.413E+02   0.000E+00   7.800E+01   4.978E-09   2.281E+02  3.00151E-03   0.000E+00   0.000E+00   3.036E+01   3.960E-05   0.000E+00   2   2.972E+01  1   0.000E+00   0.000E+00   0.000E+00
     13  1.72518699449E+02   4.431E+02   4.431E+02   0.000E+00   7.926E+01   5.037E-09   2.258E+02  3.00151E-03   0.000E+00   0.000E+00   3.018E+01   3.791E-05   0.000E+00   3   3.269E+01  1   0.000E+00   0.000E+00   0.000E+00
     14  2.08482151929E+02   4.446E+02   4.446E+02   0.000E+00   8.042E+01   5.092E-09   2.239E+02  3.00151E-03   0.000E+00   0.000E+00   3.004E+01   3.658E-05   0.000E+00   4   3.596E+01  1   0.000E+00   0.000E+00   0.000E+00
     15  2.48041949658E+02   4.463E+02   4.463E+02   0.000E+00   8.166E+01   5.151E-09   2.221E+02  3.00151E-03   0.000E+00   0.000E+00   2.994E+01   3.552E-05   0.000E+00   3   3.956E+01  1   0.000E+00   0.000E+00   0.000E+00
     16  2.91557727159E+02   4.482E+02   4.482E+02   0.000E+00   8.302E+01   5.215E-09   2.205E+02  3.00151E-03   0.000E+00   0.000E+00   2.987E+01   3.469E-05   0.000E+00   2   4.352E+01  1   0.000E+00   0.000E+00   0.000E+00
     17  3.39425082411E+02   4.502E+02   4.502E+02   0.000E+00   8.450E+01   5.285E-09   2.190E+02  3.00151E-03   0.000E+00   0.000E+00   2.983E+01   3.403E-05   0.000E+00   2   4.787E+01  1   0.000E+00   0.000E+00   0.000E+00
     18  3.92079173188E+02   4.524E+02   4.524E+02   0.000E+00   8.615E+01   5.362E-09   2.175E+02  3.00151E-03   0.000E+00   0.000E+00   2.982E+01   3.351E-05   0.000E+00   2   5.265E+01  1   0.000E+00   0.000E+00   0.000E+00
     19  4.49998673042E+02   4.548E+02   4.548E+02   0.000E+00   8.801E+01   5.448E-09   2.160E+02  3.00151E-03   0.000E+00   0.000E+00   2.982E+01   3.307E-05   0.000E+00   2   5.792E+01  1   0.000E+00   0.000E+00   0.000E+00
     20  5.13710122882E+02   4.575E+02   4.575E+02   0.000E+00   9.004E+01   5.541E-09   2.145E+02  3.00151E-03   0.000E+00   0.000E+00   2.984E+01   3.271E-05   0.000E+00   2   6.371E+01  1   0.000E+00   0.000E+00   0.000E+00
     21  5.83792717706E+02   4.603E+02   4.603E+02   0.000E+00   9.226E+01   5.643E-09   2.129E+02  3.00151E-03   0.000E+00   0.000E+00   2.988E+01   3.237E-05   0.000E+00   2   7.008E+01  1   0.000E+00   0.000E+00   0.000E+00
     22  6.60883572012E+02   4.635E+02   4.635E+02   0.000E+00   9.478E+01   5.758E-09   2.113E+02  3.00151E-03   0.000E+00   0.000E+00   2.992E+01   3.206E-05   0.000E+00   2   7.709E+01  1   0.000E+00   0.000E+00   0.000E+00
     23  7.45683511749E+02   4.670E+02   4.670E+02   0.000E+00   9.765E+01   5.888E-09   2.096E+02  3.00151E-03   0.000E+00   0.000E+00   2.997E+01   3.177E-05   0.000E+00   2   8.480E+01  1   0.000E+00   0.000E+00   0.000E+00
     24  8.38963445460E+02   4.709E+02   4.709E+02   0.000E+00   1.009E+02   6.035E-09   2.077E+02  3.00151E-03   0.000E+00   0.000E+00   3.003E+01   3.146E-05   0.000E+00   1   9.328E+01  1   0.000E+00   0.000E+00   0.000E+00
     25  9.41571372541E+02   4.751E+02   4.751E+02   0.000E+00   1.046E+02   6.199E-09   2.059E+02  3.00151E-03   0.000E+00   0.000E+00   3.010E+01   3.118E-05   0.000E+00   3   1.026E+02  1   0.000E+00   0.000E+00   0.000E+00
     26  1.05444009233E+03   4.795E+02   4.795E+02   0.000E+00   1.086E+02   6.377E-09   2.039E+02  3.00151E-03   0.000E+00   0.000E+00   3.017E+01   3.087E-05   0.000E+00   2   1.129E+02  1   0.000E+00   0.000E+00   0.000E+00
     27  1.17859568410E+03   4.842E+02   4.842E+02   0.000E+00   1.130E+02   6.571E-09   2.018E+02  3.00151E-03   0.000E+00   0.000E+00   3.024E+01   3.052E-05   0.000E+00   2   1.242E+02  1   0.000E+00   0.000E+00   0.000E+00
     28  1.31516683505E+03   4.895E+02   4.895E+02   0.000E+00   1.181E+02   6.793E-09   1.997E+02  3.00151E-03   0.000E+00   0.000E+00   3.034E+01   3.028E-05   0.000E+00   2   1.366E+02  1   0.000E+00   0.000E+00   0.000E+00
     29  1.46539510109E+03   4.950E+02   4.950E+02   0.000E+00   1.237E+02   7.036E-09   1.975E+02  3.00151E-03   0.000E+00   0.000E+00   3.044E+01   2.999E-05   0.000E+00   2   1.502E+02  1   0.000E+00   0.000E+00   0.000E+00
     30  1.63064619373E+03   5.011E+02   5.011E+02   0.000E+00   1.301E+02   7.308E-09   1.950E+02  3.00151E-03   0.000E+00   0.000E+00   3.053E+01   2.960E-05   0.000E+00   2   1.653E+02  1   0.000E+00   0.000E+00   0.000E+00
     31  1.81242239564E+03   5.078E+02   5.078E+02   0.000E+00   1.373E+02   7.612E-09   1.925E+02  3.00151E-03   0.000E+00   0.000E+00   3.064E+01   2.927E-05   0.000E+00   3   1.818E+02  1   0.000E+00   0.000E+00   0.000E+00
     32  2.01237621774E+03   5.149E+02   5.149E+02   0.000E+00   1.453E+02   7.948E-09   1.898E+02  3.00151E-03   0.000E+00   0.000E+00   3.075E+01   2.888E-05   0.000E+00   3   2.000E+02  1   0.000E+00   0.000E+00   0.000E+00
     33  2.23232542205E+03   5.229E+02   5.229E+02   0.000E+00   1.548E+02   8.331E-09   1.870E+02  3.00151E-03   0.000E+00   0.000E+00   3.088E+01   2.852E-05   0.000E+00   3   2.199E+02  1   0.000E+00   0.000E+00   0.000E+00
     34  2.47426954679E+03   5.312E+02   5.312E+02   0.000E+00   1.650E+02   8.746E-09   1.840E+02  3.00151E-03   0.000E+00   0.000E+00   3.100E+01   2.802E-05   0.000E+00   3   2.419E+02  1   0.000E+00   0.000E+00   0.000E+00
     35  2.74040808400E+03   5.404E+02   5.404E+02   0.000E+00   1.770E+02   9.220E-09   1.811E+02  3.00151E-03   0.000E+00   0.000E+00   3.116E+01   2.771E-05   0.000E+00   3   2.661E+02  1   0.000E+00   0.000E+00   0.000E+00
     36  3.03316047494E+03   5.501E+02   5.501E+02   0.000E+00   1.903E+02   9.741E-09   1.778E+02  3.00151E-03   0.000E+00   0.000E+00   3.129E+01   2.718E-05   0.000E+00   3   2.928E+02  1   0.000E+00   0.000E+00   0.000E+00
     37  3.35518810497E+03   5.609E+02   5.609E+02   0.000E+00   2.059E+02   1.033E-08   1.746E+02  3.00151E-03   0.000E+00   0.000E+00   3.147E+01   2.678E-05   0.000E+00   3   3.220E+02  1   0.000E+00   0.000E+00   0.000E+00
     38  3.70941849800E+03   5.721E+02   5.721E+02   0.000E+00   2.233E+02   1.099E-08   1.711E+02  3.00151E-03   0.000E+00   0.000E+00   3.163E+01   2.626E-05   0.000E+00   3   3.542E+02  1   0.000E+00   0.000E+00   0.000E+00
     39  4.09766640942E+03   5.844E+02   5.844E+02   0.000E+00   2.434E+02   1.172E-08   1.676E+02  3.00151E-03   0.000E+00   0.000E+00   3.181E+01   2.577E-05   0.000E+00   3   3.882E+02  1   0.000E+00   0.000E+00   0.000E+00
     40  4.50206387122E+03   5.968E+02   5.968E+02   0.000E+00   2.650E+02   1.250E-08   1.642E+02  3.00151E-03   0.000E+00   0.000E+00   3.199E+01   2.531E-05   0.000E+00   3   4.044E+02  1   0.000E+00   0.000E+00   0.000E+00
     41  4.92763568044E+03   6.097E+02   6.097E+02   0.000E+00   2.892E+02   1.335E-08   1.608E+02  3.00151E-03   0.000E+00   0.000E+00   3.217E+01   2.481E-05   0.000E+00   3   4.256E+02  1   0.000E+00   0.000E+00   0.000E+00
     42  5.36572377285E+03   6.226E+02   6.226E+02   0.000E+00   3.152E+02   1.426E-08   1.575E+02  3.00151E-03   0.000E+00   0.000E+00   3.236E+01   2.438E-05   0.000E+00   3   4.381E+02  1   0.000E+00   0.000E+00   0.000E+00
     43  5.82609383665E+03   6.359E+02   6.359E+02   0.000E+00   3.440E+02   1.523E-08   1.542E+02  3.00151E-03   0.000E+00   0.000E+00   3.254E+01   2.389E-05   0.000E+00   3   4.604E+02  1   0.000E+00   0.000E+00   0.000E+00
     44  6.29934144897E+03   6.495E+02   6.495E+02   0.000E+00   3.752E+02   1.626E-08   1.510E+02  3.00151E-03   0.000E+00   0.000E+00   3.271E+01   2.341E-05   0.000E+00   3   4.732E+02  1   0.000E+00   0.000E+00   0.000E+00
     45  6.78994130753E+03   6.636E+02   6.636E+02   0.000E+00   4.091E+02   1.736E-08   1.479E+02  3.00151E-03   0.000E+00   0.000E+00   3.291E+01   2.300E-05   0.000E+00   2   4.906E+02  1   0.000E+00   0.000E+00   0.000E+00
     46  7.29395215117E+03   6.781E+02   6.781E+02   0.000E+00   4.455E+02   1.850E-08   1.450E+02  3.00151E-03   0.000E+00   0.000E+00   3.309E+01   2.256E-05   0.000E+00   3   5.040E+02  1   0.000E+00   0.000E+00   0.000E+00
     47  7.81057411364E+03   6.928E+02   6.928E+02   0.000E+00   4.846E+02   1.969E-08   1.420E+02  3.00151E-03   0.000E+00   0.000E+00   3.326E+01   2.211E-05   0.000E+00   3   5.166E+02  1   0.000E+00   0.000E+00   0.000E+00
     48  8.34180924082E+03   7.080E+02   7.080E+02   0.000E+00   5.272E+02   2.096E-08   1.392E+02  3.00151E-03   0.000E+00   0.000E+00   3.346E+01   2.178E-05   0.000E+00   3   5.312E+02  1   0.000E+00   0.000E+00   0.000E+00
     49  8.89897550720E+03   7.233E+02   7.233E+02   0.000E+00   5.733E+02   2.232E-08   1.363E+02  3.00151E-03   0.000E+00   0.000E+00   3.361E+01   2.126E-05   0.000E+00   3   5.572E+02  1   0.000E+00   0.000E+00   0.000E+00
     50  9.47470117916E+03   7.387E+02   7.387E+02   0.000E+00   6.236E+02   2.377E-08   1.336E+02  3.00151E-03   0.000E+00   0.000E+00   3.382E+01   2.094E-05   0.000E+00   3   5.757E+02  1   0.000E+00   0.000E+00   0.000E+00
     51  1.00886202374E+04   7.547E+02   7.547E+02   0.000E+00   6.795E+02   2.535E-08   1.309E+02  3.00151E-03   0.000E+00   0.000E+00   3.402E+01   2.057E-05   0.000E+00   3   6.139E+02  1   0.000E+00   0.000E+00   0.000E+00
     52  1.07233263985E+04   7.708E+02   7.708E+02   0.000E+00   7.399E+02   2.702E-08   1.282E+02  3.00151E-03   0.000E+00   0.000E+00   3.417E+01   2.007E-05   0.000E+00   3   6.347E+02  1   0.000E+00   0.000E+00   0.000E+00
     53  1.13771540467E+04   7.872E+02   7.872E+02   0.000E+00   8.057E+02   2.881E-08   1.256E+02  3.00151E-03   0.000E+00   0.000E+00   3.439E+01   1.978E-05   0.000E+00   3   6.538E+02  1   0.000E+00   0.000E+00   0.000E+00
     54  1.20724104842E+04   8.040E+02   8.040E+02   0.000E+00   8.783E+02   3.076E-08   1.230E+02  3.00151E-03   0.000E+00   0.000E+00   3.457E+01   1.935E-05   0.000E+00   3   6.953E+02  1   0.000E+00   0.000E+00   0.000E+00
     55  1.27830870914E+04   8.208E+02   8.208E+02   0.000E+00   9.571E+02   3.282E-08   1.204E+02  3.00151E-03   0.000E+00   0.000E+00   3.476E+01   1.898E-05   0.000E+00   3   7.107E+02  1   0.000E+00   0.000E+00   0.000E+00
     56  1.35293995582E+04   8.378E+02   8.378E+02   0.000E+00   1.043E+03   3.504E-08   1.179E+02  3.00151E-03   0.000E+00   0.000E+00   3.492E+01   1.853E-05   0.000E+00   3   7.463E+02  1   0.000E+00   0.000E+00   0.000E+00
     57  1.43020770304E+04   8.553E+02   8.553E+02   0.000E+00   1.137E+03   3.744E-08   1.155E+02  3.00151E-03   0.000E+00   0.000E+00   3.517E+01   1.830E-05   0.000E+00   3   7.727E+02  1   0.000E+00   0.000E+00   0.000E+00
     58  1.51177760855E+04   8.731E+02   8.731E+02   0.000E+00   1.241E+03   4.003E-08   1.131E+02  3.00151E-03   0.000E+00   0.000E+00   3.535E+01   1.791E-05   0.000E+00   3   8.157E+02  1   0.000E+00   0.000E+00   0.000E+00
     59  1.59503158739E+04   8.912E+02   8.912E+02   0.000E+00   1.354E+03   4.276E-08   1.108E+02  3.00151E-03   0.000E+00   0.000E+00   3.550E+01   1.747E-05   0.000E+00   3   8.325E+02  1   0.000E+00   0.000E+00   0.000E+00
     60  1.68108842133E+04   9.098E+02   9.098E+02   0.000E+00   1.476E+03   4.569E-08   1.086E+02  3.00151E-03   0.000E+00   0.000E+00   3.577E+01   1.729E-05   0.000E+00   3   8.606E+02  1   0.000E+00   0.000E+00   0.000E+00
     61  1.77247865615E+04   9.290E+02   9.290E+02   0.000E+00   1.611E+03   4.884E-08   1.062E+02  3.00151E-03   0.000E+00   0.000E+00   3.590E+01   1.680E-05   0.000E+00   3   9.139E+02  1   0.000E+00   0.000E+00   0.000E+00
     62  1.84559084400E+04   9.451E+02   9.451E+02   0.000E+00   1.730E+03   5.155E-08   1.045E+02  3.00151E-03   0.000E+00   0.000E+00   3.608E+01   1.658E-05   0.000E+00   3   7.311E+02  1   0.000E+00   0.000E+00   0.000E+00
     63  1.92601425064E+04   9.623E+02   9.623E+02   0.000E+00   1.865E+03   5.455E-08   1.027E+02  3.00151E-03   0.000E+00   0.000E+00   3.628E+01   1.637E-05   0.000E+00   2   8.042E+02  1   0.000E+00   0.000E+00   0.000E+00
     64  2.01447999794E+04   9.811E+02   9.811E+02   0.000E+00   2.019E+03   5.794E-08   1.007E+02  3.00151E-03   0.000E+00   0.000E+00   3.642E+01   1.600E-05   0.000E+00   2   8.847E+02  1   0.000E+00   0.000E+00   0.000E+00
     65  2.11146650439E+04   1.001E+03   1.001E+03   0.000E+00   2.194E+03   6.169E-08   9.883E+01  3.00151E-03   0.000E+00   0.000E+00   3.665E+01   1.579E-05   0.000E+00   3   9.699E+02  1   0.000E+00   0.000E+00   0.000E+00
     66  2.21703113109E+04   1.022E+03   1.022E+03   0.000E+00   2.391E+03   6.584E-08   9.685E+01  3.00151E-03   0.000E+00   0.000E+00   3.682E+01   1.544E-05   0.000E+00   3   1.056E+03  1   0.000E+00   0.000E+00   0.000E+00
     67  2.32501594420E+04   1.044E+03   1.044E+03   0.000E+00   2.605E+03   7.027E-08   9.494E+01  3.00151E-03   0.000E+00   0.000E+00   3.702E+01   1.518E-05   0.000E+00   3   1.080E+03  1   0.000E+00   0.000E+00   0.000E+00
     68  2.43841525344E+04   1.066E+03   1.066E+03   0.000E+00   2.843E+03   7.508E-08   9.309E+01  3.00151E-03   0.000E+00   0.000E+00   3.727E+01   1.499E-05   0.000E+00   3   1.134E+03  1   0.000E+00   0.000E+00   0.000E+00
     69  2.55662793976E+04   1.089E+03   1.089E+03   0.000E+00   3.103E+03   8.023E-08   9.122E+01  3.00151E-03   0.000E+00   0.000E+00   3.744E+01   1.465E-05   0.000E+00   3   1.182E+03  1   0.000E+00   0.000E+00   0.000E+00
     70  2.67702272015E+04   1.112E+03   1.112E+03   0.000E+00   3.384E+03   8.568E-08   8.944E+01  3.00151E-03   0.000E+00   0.000E+00   3.763E+01   1.438E-05   0.000E+00   3   1.204E+03  1   0.000E+00   0.000E+00   0.000E+00
     71  2.80350351610E+04   1.136E+03   1.136E+03   0.000E+00   3.696E+03   9.160E-08   8.773E+01  3.00151E-03   0.000E+00   0.000E+00   3.793E+01   1.427E-05   0.000E+00   3   1.265E+03  1   0.000E+00   0.000E+00   0.000E+00
     72  2.93622870756E+04   1.161E+03   1.161E+03   0.000E+00   4.042E+03   9.799E-08   8.596E+01  3.00151E-03   0.000E+00   0.000E+00   3.808E+01   1.393E-05   0.000E+00   2   1.327E+03  1   0.000E+00   0.000E+00   0.000E+00
     73  3.04240886072E+04   1.182E+03   1.182E+03   0.000E+00   4.339E+03   1.034E-07   8.462E+01  3.00151E-03   0.000E+00   0.000E+00   3.826E+01   1.375E-05   0.000E+00   3   1.062E+03  1   0.000E+00   0.000E+00   0.000E+00
     74  3.15920702921E+04   1.204E+03   1.204E+03   0.000E+00   4.681E+03   1.095E-07   8.322E+01  3.00151E-03   0.000E+00   0.000E+00   3.847E+01   1.359E-05   0.000E+00   2   1.168E+03  1   0.000E+00   0.000E+00   0.000E+00
     75  3.28768501454E+04   1.229E+03   1.229E+03   0.000E+00   5.083E+03   1.165E-07   8.174E+01  3.00151E-03   0.000E+00   0.000E+00   3.872E+01   1.346E-05   0.000E+00   2   1.285E+03  1   0.000E+00   0.000E+00   0.000E+00
     76  3.42888345447E+04   1.255E+03   1.255E+03   0.000E+00   5.537E+03   1.242E-07   8.021E+01  3.00151E-03   0.000E+00   0.000E+00   3.893E+01   1.325E-05   0.000E+00   3   1.412E+03  1   0.000E+00   0.000E+00   0.000E+00
     77  3.57825063450E+04   1.281E+03   1.281E+03   0.000E+00   6.041E+03   1.327E-07   7.872E+01  3.00151E-03   0.000E+00   0.000E+00   3.916E+01   1.305E-05   0.000E+00   3   1.494E+03  1   0.000E+00   0.000E+00   0.000E+00
     78  3.73653130411E+04   1.309E+03   1.309E+03   0.000E+00   6.604E+03   1.421E-07   7.719E+01  3.00151E-03   0.000E+00   0.000E+00   3.929E+01   1.272E-05   0.000E+00   3   1.583E+03  1   0.000E+00   0.000E+00   0.000E+00
     79  3.89845151560E+04   1.337E+03   1.337E+03   0.000E+00   7.227E+03   1.522E-07   7.577E+01  3.00151E-03   0.000E+00   0.000E+00   3.969E+01   1.276E-05   0.000E+00   3   1.619E+03  1   0.000E+00   0.000E+00   0.000E+00
     80  4.07249639816E+04   1.366E+03   1.366E+03   0.000E+00   7.938E+03   1.636E-07   7.429E+01  3.00151E-03   0.000E+00   0.000E+00   3.996E+01   1.261E-05   0.000E+00   2   1.740E+03  1   0.000E+00   0.000E+00   0.000E+00
     81  4.21173230420E+04   1.389E+03   1.389E+03   0.000E+00   8.560E+03   1.735E-07   7.308E+01  3.00151E-03   0.000E+00   0.000E+00   4.006E+01   1.233E-05   0.000E+00   3   1.392E+03  1   0.000E+00   0.000E+00   0.000E+00
     82  4.36489180085E+04   1.415E+03   1.415E+03   0.000E+00   9.288E+03   1.848E-07   7.189E+01  3.00151E-03   0.000E+00   0.000E+00   4.034E+01   1.226E-05   0.000E+00   3   1.532E+03  1   0.000E+00   0.000E+00   0.000E+00
     83  4.53336724716E+04   1.444E+03   1.444E+03   0.000E+00   1.015E+04   1.979E-07   7.062E+01  3.00151E-03   0.000E+00   0.000E+00   4.071E+01   1.227E-05   0.000E+00   2   1.685E+03  1   0.000E+00   0.000E+00   0.000E+00
     84  4.71558489329E+04   1.475E+03   1.475E+03   0.000E+00   1.112E+04   2.123E-07   6.929E+01  3.00151E-03   0.000E+00   0.000E+00   4.091E+01   1.204E-05   0.000E+00   3   1.822E+03  1   0.000E+00   0.000E+00   0.000E+00
     85  4.90080573257E+04   1.506E+03   1.506E+03   0.000E+00   1.219E+04   2.279E-07   6.804E+01  3.00151E-03   0.000E+00   0.000E+00   4.121E+01   1.197E-05   0.000E+00   3   1.852E+03  1   0.000E+00   0.000E+00   0.000E+00
     86  5.09725019218E+04   1.538E+03   1.538E+03   0.000E+00   1.340E+04   2.452E-07   6.676E+01  3.00151E-03   0.000E+00   0.000E+00   4.152E+01   1.187E-05   0.000E+00   3   1.964E+03  1   0.000E+00   0.000E+00   0.000E+00
     87  5.29754291056E+04   1.572E+03   1.572E+03   0.000E+00   1.474E+04   2.641E-07   6.550E+01  3.00151E-03   0.000E+00   0.000E+00   4.186E+01   1.181E-05   0.000E+00   2   2.003E+03  1   0.000E+00   0.000E+00   0.000E+00
     88  5.50149966820E+04   1.605E+03   1.605E+03   0.000E+00   1.621E+04   2.844E-07   6.428E+01  3.00151E-03   0.000E+00   0.000E+00   4.222E+01   1.176E-05   0.000E+00   3   2.040E+03  1   0.000E+00   0.000E+00   0.000E+00
     89  5.71269859949E+04   1.638E+03   1.638E+03   0.000E+00   1.787E+04   3.071E-07   6.307E+01  3.00151E-03   0.000E+00   0.000E+00   4.242E+01   1.154E-05   0.000E+00   3   2.112E+03  1   0.000E+00   0.000E+00   0.000E+00
     90  5.92425844927E+04   1.670E+03   1.670E+03   0.000E+00   1.972E+04   3.322E-07   6.189E+01  3.00151E-03   0.000E+00   0.000E+00   4.293E+01   1.166E-05   0.000E+00   3   2.116E+03  1   0.000E+00   0.000E+00   0.000E+00
     91  6.14663336847E+04   1.703E+03   1.703E+03   0.000E+00   2.183E+04   3.609E-07   6.065E+01  3.00151E-03   0.000E+00   0.000E+00   4.327E+01   1.156E-05   0.000E+00   2   2.224E+03  1   0.000E+00   0.000E+00   0.000E+00
     92  6.32453330382E+04   1.727E+03   1.727E+03   0.000E+00   2.382E+04   3.883E-07   5.966E+01  3.00151E-03   0.000E+00   0.000E+00   4.354E+01   1.147E-05   0.000E+00   4   1.779E+03  1   0.000E+00   0.000E+00   0.000E+00
     93  6.52022323271E+04   1.744E+03   1.744E+03   0.000E+00   2.619E+04   4.227E-07   5.863E+01  3.00151E-03   0.000E+00   0.000E+00   4.389E+01   1.143E-05   0.000E+00   4   1.957E+03  1   0.000E+00   0.000E+00   0.000E+00
     94  6.73464514866E+04   1.756E+03   1.756E+03   0.000E+00   2.910E+04   4.665E-07   5.752E+01  3.00151E-03   0.000E+00   0.000E+00   4.432E+01   1.145E-05   0.000E+00   4   2.144E+03  1   0.000E+00   0.000E+00   0.000E+00
     95  6.95640868091E+04   1.766E+03   1.766E+03   0.000E+00   3.266E+04   5.205E-07   5.644E+01  3.00151E-03   0.000E+00   0.000E+00   4.468E+01   1.138E-05   0.000E+00   3   2.218E+03  1   0.000E+00   0.000E+00   0.000E+00
     96  7.18234711818E+04   1.774E+03   1.774E+03   0.000E+00   3.698E+04   5.867E-07   5.540E+01  3.00151E-03   0.000E+00   0.000E+00   4.509E+01   1.137E-05   0.000E+00   3   2.259E+03  1   0.000E+00   0.000E+00   0.000E+00
     97  7.41372508014E+04   1.781E+03   1.781E+03   0.000E+00   4.224E+04   6.674E-07   5.449E+01  3.00151E-03   0.000E+00   0.000E+00   4.536E+01   1.127E-05   0.000E+00   3   2.314E+03  1   0.000E+00   0.000E+00   0.000E+00
     98  7.65232660883E+04   1.789E+03   1.789E+03   0.000E+00   4.888E+04   7.690E-07   5.362E+01  3.00151E-03   0.000E+00   0.000E+00   4.587E+01   1.140E-05   0.000E+00   3   2.386E+03  1   0.000E+00   0.000E+00   0.000E+00
     99  7.89942029122E+04   1.797E+03   1.797E+03   0.000E+00   5.739E+04   8.985E-07   5.293E+01  3.00151E-03   0.000E+00   0.000E+00   4.618E+01   1.142E-05   0.000E+00   3   2.471E+03  1   0.000E+00   0.000E+00   0.000E+00
    100  8.09709523714E+04   1.808E+03   1.808E+03   0.000E+00   6.631E+04   1.033E-06   5.252E+01  3.00151E-03   0.000E+00   0.000E+00   4.647E+01   1.152E-05   0.000E+00   3   1.977E+03  1   0.000E+00   0.000E+00   0.000E+00
    101  8.31453767765E+04   1.823E+03   1.823E+03   0.000E+00   7.879E+04   1.217E-06   5.228E+01  3.00151E-03   0.000E+00   0.000E+00   4.683E+01   1.178E-05   0.000E+00   4   2.174E+03  1   0.000E+00   0.000E+00   0.000E+00
    102  8.53516213206E+04   1.844E+03   1.844E+03   0.000E+00   9.522E+04   1.454E-06   5.239E+01  3.00151E-03   0.000E+00   0.000E+00   4.714E+01   1.214E-05   0.000E+00   4   2.206E+03  1   0.000E+00   0.000E+00   0.000E+00
    103  8.71166169558E+04   1.870E+03   1.870E+03   0.000E+00   1.133E+05   1.707E-06   5.281E+01  3.00151E-03   0.000E+00   0.000E+00   4.733E+01   1.254E-05   0.000E+00   4   1.765E+03  1   0.000E+00   0.000E+00   0.000E+00
    104  8.85286134641E+04   1.902E+03   1.902E+03   0.000E+00   1.335E+05   1.976E-06   5.334E+01  3.00151E-03   0.000E+00   0.000E+00   4.768E+01   1.318E-05   0.000E+00   4   1.412E+03  1   0.000E+00   0.000E+00   0.000E+00
    105  8.96582106706E+04   1.935E+03   1.935E+03   0.000E+00   1.547E+05   2.249E-06   5.407E+01  3.00151E-03   0.000E+00   0.000E+00   4.780E+01   1.367E-05   0.000E+00   4   1.130E+03  1   0.000E+00   0.000E+00   0.000E+00
    106  9.05618884359E+04   1.970E+03   1.970E+03   0.000E+00   1.771E+05   2.528E-06   5.488E+01  3.00151E-03   0.000E+00   0.000E+00   4.799E+01   1.432E-05   0.000E+00   4   9.037E+02  1   0.000E+00   0.000E+00   0.000E+00
    107  9.14902303500E+04   2.013E+03   2.013E+03   0.000E+00   2.060E+05   2.876E-06   5.610E+01  3.00151E-03   0.000E+00   0.000E+00   4.805E+01   1.504E-05   0.000E+00   4   9.283E+02  1   0.000E+00   0.000E+00   0.000E+00
    108  9.22329038813E+04   2.058E+03   2.058E+03   0.000E+00   2.375E+05   3.242E-06   5.731E+01  3.00151E-03   0.000E+00   0.000E+00   4.830E+01   1.602E-05   0.000E+00   4   7.427E+02  1   0.000E+00   0.000E+00   0.000E+00
    109  9.28270427064E+04   2.107E+03   2.107E+03   0.000E+00   2.721E+05   3.628E-06   5.853E+01  3.00151E-03   0.000E+00   0.000E+00   4.846E+01   1.692E-05   0.000E+00   4   5.941E+02  1   0.000E+00   0.000E+00   0.000E+00
    110  9.33023537664E+04   2.159E+03   2.159E+03   0.000E+00   3.110E+05   4.046E-06   5.980E+01  3.00151E-03   0.000E+00   0.000E+00   4.843E+01   1.763E-05   0.000E+00   3   4.753E+02  1   0.000E+00   0.000E+00   0.000E+00
    111  9.36826026145E+04   2.214E+03   2.214E+03   0.000E+00   3.557E+05   4.508E-06   6.110E+01  3.00151E-03   0.000E+00   0.000E+00   4.854E+01   1.857E-05   0.000E+00   3   3.802E+02  1   0.000E+00   0.000E+00   0.000E+00
    112  9.39868016929E+04   2.275E+03   2.275E+03   0.000E+00   4.094E+05   5.049E-06   6.244E+01  3.00151E-03   0.000E+00   0.000E+00   4.851E+01   1.934E-05   0.000E+00   3   3.042E+02  1   0.000E+00   0.000E+00   0.000E+00
    113  9.42301609556E+04   2.355E+03   2.355E+03   0.000E+00   4.908E+05   5.831E-06   6.381E+01  3.00151E-03   0.000E+00   0.000E+00   4.847E+01   2.014E-05   0.000E+00   4   2.434E+02  1   0.000E+00   0.000E+00   0.000E+00
    114  9.44248483658E+04   9.807E+04   9.807E+04   0.000E+00   1.810E+13   1.563E+00   3.114E-01  3.00151E-03   0.000E+00   0.000E+00   5.740E+02   9.437E-06   0.000E+00   5   1.947E+02  1   0.000E+00   0.000E+00   0.000E+00
