      1  1.00000000000E+01   5.236E+02   5.236E+02   0.000E+00   8.676E+01   4.666E-09   2.657E+02  4.00201E-03   0.000E+00   0.000E+00   3.753E+01   1.255E-04   0.000E+00  31   1.000E+01  1   0.000E+00   0.000E+00   0.000E+00
      2  1.64000000000E+01   5.242E+02   5.242E+02   0.000E+00   8.725E+01   4.686E-09   2.621E+02  4.00201E-03   0.000E+00   0.000E+00   3.644E+01   1.085E-04   0.000E+00  22   6.400E+00  1   0.000E+00   0.000E+00   0.000E+00
      3  2.15200000000E+01   5.245E+02   5.245E+02   0.000E+00   8.749E+01   4.698E-09   2.598E+02  4.00201E-03   0.000E+00   0.000E+00   3.583E+01   9.970E-05   0.000E+00   3   5.120E+00  1   0.000E+00   0.000E+00   0.000E+00
      4  2.71520000000E+01   5.250E+02   5.250E+02   0.000E+00   8.788E+01   4.715E-09   2.578E+02  4.00201E-03   0.000E+00   0.000E+00   3.533E+01   9.274E-05   0.000E+00   3   5.632E+00  1   0.000E+00   0.000E+00   0.000E+00
      5  3.33472000000E+01   5.256E+02   5.256E+02   0.000E+00   8.836E+01   4.733E-09   2.558E+02  4.00201E-03   0.000E+00   0.000E+00   3.489E+01   8.693E-05   0.000E+00   2   6.195E+00  1   0.000E+00   0.000E+00   0.000E+00
      6  4.01619200000E+01   5.261E+02   5.261E+02   0.000E+00   8.875E+01   4.748E-09   2.541E+02  4.00201E-03   0.000E+00   0.000E+00   3.450E+01   8.198E-05   0.000E+00   2   6.815E+00  1   0.000E+00   0.000E+00   0.000E+00
      7  5.10654720000E+01   5.265E+02   5.265E+02   0.000E+00   8.912E+01   4.765E-09   2.520E+02  4.00201E-03   0.000E+00   0.000E+00   3.402E+01   7.620E-05   0.000E+00   2   1.090E+01  1   0.000E+00   0.000E+00   0.000E+00
      8  6.30593792000E+01   5.271E+02   5.271E+02   0.000E+00   8.956E+01   4.784E-09   2.500E+02  4.00201E-03   0.000E+00   0.000E+00   3.361E+01   7.148E-05   0.000E+00   2   1.199E+01  1   0.000E+00   0.000E+00   0.000E+00
      9  7.62526771200E+01   5.277E+02   5.277E+02   0.000E+00   9.007E+01   4.806E-09   2.482E+02  4.00201E-03   0.000E+00   0.000E+00   3.326E+01   6.757E-05   0.000E+00   2   1.319E+01  1   0.000E+00   0.000E+00   0.000E+00
     10  9.07653048320E+01   5.285E+02   5.285E+02   0.000E+00   9.071E+01   4.833E-09   2.465E+02  4.00201E-03   0.000E+00   0.000E+00   3.296E+01   6.428E-05   0.000E+00   2   1.451E+01  1   0.000E+00   0.000E+00   0.000E+00
     11  1.06729195315E+02   5.296E+02   5.296E+02   0.000E+00   9.149E+01   4.864E-09   2.449E+02  4.00201E-03   0.000E+00   0.000E+00   3.271E+01   6.150E-05   0.000E+00   2   1.596E+01  1   0.000E+00   0.000E+00   0.000E+00
     12  1.32271420088E+02   5.309E+02   5.309E+02   0.000E+00   9.254E+01   4.906E-09   2.430E+02  4.00201E-03   0.000E+00   0.000E+00   3.243E+01   5.849E-05   0.000E+00   3   2.554E+01  1   0.000E+00   0.000E+00   0.000E+00
     13  1.60367867339E+02   5.323E+02   5.323E+02   0.000E+00   9.358E+01   4.949E-09   2.414E+02  4.00201E-03   0.000E+00   0.000E+00   3.222E+01   5.632E-05   0.000E+00   3   2.810E+01  1   0.000E+00   0.000E+00   0.000E+00
     14  1.91273959314E+02   5.338E+02   5.338E+02   0.000E+00   9.475E+01   4.997E-09   2.401E+02  4.00201E-03   0.000E+00   0.000E+00   3.209E+01   5.479E-05   0.000E+00   2   3.091E+01  1   0.000E+00   0.000E+00   0.000E+00
     15  2.40723706475E+02   5.364E+02   5.364E+02   0.000E+00   9.670E+01   5.076E-09   2.384E+02  4.00201E-03   0.000E+00   0.000E+00   3.200E+01   5.341E-05   0.000E+00   2   4.945E+01  1   0.000E+00   0.000E+00   0.000E+00
     16  2.95118428352E+02   5.393E+02   5.393E+02   0.000E+00   9.890E+01   5.163E-09   2.368E+02  4.00201E-03   0.000E+00   0.000E+00   3.198E+01   5.256E-05   0.000E+00   2   5.439E+01  1   0.000E+00   0.000E+00   0.000E+00
     17  3.54952622416E+02   5.423E+02   5.423E+02   0.000E+00   1.012E+02   5.254E-09   2.353E+02  4.00201E-03   0.000E+00   0.000E+00   3.199E+01   5.198E-05   0.000E+00   2   5.983E+01  1   0.000E+00   0.000E+00   0.000E+00
     18  4.20770235887E+02   5.455E+02   5.455E+02   0.000E+00   1.037E+02   5.352E-09   2.338E+02  4.00201E-03   0.000E+00   0.000E+00   3.202E+01   5.147E-05   0.000E+00   2   6.582E+01  1   0.000E+00   0.000E+00   0.000E+00
     19  4.93169610705E+02   5.491E+02   5.491E+02   0.000E+00   1.066E+02   5.464E-09   2.321E+02  4.00201E-03   0.000E+00   0.000E+00   3.206E+01   5.097E-05   0.000E+00   1   7.240E+01  1   0.000E+00   0.000E+00   0.000E+00
     20  5.72808923005E+02   5.534E+02   5.534E+02   0.000E+00   1.099E+02   5.594E-09   2.302E+02  4.00201E-03   0.000E+00   0.000E+00   3.211E+01   5.051E-05   0.000E+00   2   7.964E+01  1   0.000E+00   0.000E+00   0.000E+00
     21  6.60412166535E+02   5.580E+02   5.580E+02   0.000E+00   1.136E+02   5.732E-09   2.284E+02  4.00201E-03   0.000E+00   0.000E+00   3.217E+01   5.008E-05   0.000E+00   2   8.760E+01  1   0.000E+00   0.000E+00   0.000E+00
     22  7.56775734418E+02   5.626E+02   5.626E+02   0.000E+00   1.175E+02   5.878E-09   2.264E+02  4.00201E-03   0.000E+00   0.000E+00   3.224E+01   4.961E-05   0.000E+00   2   9.636E+01  1   0.000E+00   0.000E+00   0.000E+00
     23  8.62775659089E+02   5.676E+02   5.676E+02   0.000E+00   1.217E+02   6.039E-09   2.243E+02  4.00201E-03   0.000E+00   0.000E+00   3.229E+01   4.900E-05   0.000E+00   2   1.060E+02  1   0.000E+00   0.000E+00   0.000E+00
     24  9.79375576227E+02   5.732E+02   5.732E+02   0.000E+00   1.267E+02   6.222E-09   2.221E+02  4.00201E-03   0.000E+00   0.000E+00   3.237E+01   4.853E-05   0.000E+00   2   1.166E+02  1   0.000E+00   0.000E+00   0.000E+00
     25  1.10763548508E+03   5.794E+02   5.794E+02   0.000E+00   1.323E+02   6.428E-09   2.199E+02  4.00201E-03   0.000E+00   0.000E+00   3.246E+01   4.810E-05   0.000E+00   2   1.283E+02  1   0.000E+00   0.000E+00   0.000E+00
     26  1.24872138482E+03   5.859E+02   5.859E+02   0.000E+00   1.385E+02   6.653E-09   2.175E+02  4.00201E-03   0.000E+00   0.000E+00   3.256E+01   4.760E-05   0.000E+00   2   1.411E+02  1   0.000E+00   0.000E+00   0.000E+00
     27  1.40391587453E+03   5.929E+02   5.929E+02   0.000E+00   1.453E+02   6.899E-09   2.149E+02  4.00201E-03   0.000E+00   0.000E+00   3.263E+01   4.692E-05   0.000E+00   2   1.552E+02  1   0.000E+00   0.000E+00   0.000E+00
     28  1.57462981321E+03   6.006E+02   6.006E+02   0.000E+00   1.531E+02   7.178E-09   2.122E+02  4.00201E-03   0.000E+00   0.000E+00   3.275E+01   4.642E-05   0.000E+00   3   1.707E+02  1   0.000E+00   0.000E+00   0.000E+00
     29  1.76241514576E+03   6.090E+02   6.090E+02   0.000E+00   1.620E+02   7.488E-09   2.095E+02  4.00201E-03   0.000E+00   0.000E+00   3.288E+01   4.597E-05   0.000E+00   2   1.878E+02  1   0.000E+00   0.000E+00   0.000E+00
     30  1.96897901157E+03   6.180E+02   6.180E+02   0.000E+00   1.719E+02   7.833E-09   2.065E+02  4.00201E-03   0.000E+00   0.000E+00   3.299E+01   4.528E-05   0.000E+00   2   2.066E+02  1   0.000E+00   0.000E+00   0.000E+00
     31  2.19619926395E+03   6.278E+02   6.278E+02   0.000E+00   1.833E+02   8.218E-09   2.035E+02  4.00201E-03   0.000E+00   0.000E+00   3.312E+01   4.464E-05   0.000E+00   3   2.272E+02  1   0.000E+00   0.000E+00   0.000E+00
     32  2.44614154158E+03   6.384E+02   6.384E+02   0.000E+00   1.960E+02   8.644E-09   2.003E+02  4.00201E-03   0.000E+00   0.000E+00   3.327E+01   4.403E-05   0.000E+00   3   2.499E+02  1   0.000E+00   0.000E+00   0.000E+00
     33  2.72107804696E+03   6.500E+02   6.500E+02   0.000E+00   2.107E+02   9.126E-09   1.970E+02  4.00201E-03   0.000E+00   0.000E+00   3.343E+01   4.345E-05   0.000E+00   3   2.749E+02  1   0.000E+00   0.000E+00   0.000E+00
     34  3.02350820289E+03   6.623E+02   6.623E+02   0.000E+00   2.272E+02   9.659E-09   1.935E+02  4.00201E-03   0.000E+00   0.000E+00   3.357E+01   4.260E-05   0.000E+00   3   3.024E+02  1   0.000E+00   0.000E+00   0.000E+00
     35  3.35618137441E+03   6.757E+02   6.757E+02   0.000E+00   2.463E+02   1.026E-08   1.900E+02  4.00201E-03   0.000E+00   0.000E+00   3.377E+01   4.208E-05   0.000E+00   3   3.327E+02  1   0.000E+00   0.000E+00   0.000E+00
     36  3.72212186308E+03   6.899E+02   6.899E+02   0.000E+00   2.679E+02   1.093E-08   1.863E+02  4.00201E-03   0.000E+00   0.000E+00   3.395E+01   4.130E-05   0.000E+00   3   3.659E+02  1   0.000E+00   0.000E+00   0.000E+00
     37  4.10912740853E+03   7.046E+02   7.046E+02   0.000E+00   2.920E+02   1.167E-08   1.826E+02  4.00201E-03   0.000E+00   0.000E+00   3.411E+01   4.046E-05   0.000E+00   3   3.870E+02  1   0.000E+00   0.000E+00   0.000E+00
     38  4.51293389507E+03   7.198E+02   7.198E+02   0.000E+00   3.184E+02   1.245E-08   1.791E+02  4.00201E-03   0.000E+00   0.000E+00   3.434E+01   3.994E-05   0.000E+00   3   4.038E+02  1   0.000E+00   0.000E+00   0.000E+00
     39  4.93750860516E+03   7.357E+02   7.357E+02   0.000E+00   3.477E+02   1.330E-08   1.755E+02  4.00201E-03   0.000E+00   0.000E+00   3.453E+01   3.922E-05   0.000E+00   3   4.246E+02  1   0.000E+00   0.000E+00   0.000E+00
     40  5.36714163537E+03   7.517E+02   7.517E+02   0.000E+00   3.789E+02   1.419E-08   1.721E+02  4.00201E-03   0.000E+00   0.000E+00   3.470E+01   3.847E-05   0.000E+00   3   4.296E+02  1   0.000E+00   0.000E+00   0.000E+00
     41  5.81304433022E+03   7.681E+02   7.681E+02   0.000E+00   4.131E+02   1.514E-08   1.688E+02  4.00201E-03   0.000E+00   0.000E+00   3.493E+01   3.800E-05   0.000E+00   3   4.459E+02  1   0.000E+00   0.000E+00   0.000E+00
     42  6.28170169960E+03   7.848E+02   7.848E+02   0.000E+00   4.509E+02   1.617E-08   1.655E+02  4.00201E-03   0.000E+00   0.000E+00   3.512E+01   3.733E-05   0.000E+00   3   4.687E+02  1   0.000E+00   0.000E+00   0.000E+00
     43  6.76430796033E+03   8.015E+02   8.015E+02   0.000E+00   4.919E+02   1.728E-08   1.623E+02  4.00201E-03   0.000E+00   0.000E+00   3.531E+01   3.668E-05   0.000E+00   3   4.826E+02  1   0.000E+00   0.000E+00   0.000E+00
     44  7.27055207062E+03   8.186E+02   8.186E+02   0.000E+00   5.373E+02   1.848E-08   1.592E+02  4.00201E-03   0.000E+00   0.000E+00   3.555E+01   3.629E-05   0.000E+00   3   5.062E+02  1   0.000E+00   0.000E+00   0.000E+00
     45  7.80228488005E+03   8.361E+02   8.361E+02   0.000E+00   5.875E+02   1.978E-08   1.561E+02  4.00201E-03   0.000E+00   0.000E+00   3.573E+01   3.559E-05   0.000E+00   3   5.317E+02  1   0.000E+00   0.000E+00   0.000E+00
     46  8.34431765753E+03   8.538E+02   8.538E+02   0.000E+00   6.422E+02   2.118E-08   1.531E+02  4.00201E-03   0.000E+00   0.000E+00   3.597E+01   3.518E-05   0.000E+00   3   5.420E+02  1   0.000E+00   0.000E+00   0.000E+00
     47  8.91374254628E+03   8.720E+02   8.720E+02   0.000E+00   7.025E+02   2.268E-08   1.501E+02  4.00201E-03   0.000E+00   0.000E+00   3.617E+01   3.459E-05   0.000E+00   3   5.694E+02  1   0.000E+00   0.000E+00   0.000E+00
     48  9.49694181844E+03   8.906E+02   8.906E+02   0.000E+00   7.687E+02   2.430E-08   1.473E+02  4.00201E-03   0.000E+00   0.000E+00   3.641E+01   3.419E-05   0.000E+00   3   5.832E+02  1   0.000E+00   0.000E+00   0.000E+00
     49  1.01047465822E+04   9.095E+02   9.095E+02   0.000E+00   8.410E+02   2.603E-08   1.445E+02  4.00201E-03   0.000E+00   0.000E+00   3.660E+01   3.358E-05   0.000E+00   3   6.078E+02  1   0.000E+00   0.000E+00   0.000E+00
     50  1.07277629512E+04   9.291E+02   9.291E+02   0.000E+00   9.207E+02   2.790E-08   1.418E+02  4.00201E-03   0.000E+00   0.000E+00   3.690E+01   3.340E-05   0.000E+00   3   6.230E+02  1   0.000E+00   0.000E+00   0.000E+00
     51  1.13813701747E+04   9.492E+02   9.492E+02   0.000E+00   1.008E+03   2.991E-08   1.391E+02  4.00201E-03   0.000E+00   0.000E+00   3.706E+01   3.271E-05   0.000E+00   3   6.536E+02  1   0.000E+00   0.000E+00   0.000E+00
     52  1.19042559534E+04   9.661E+02   9.661E+02   0.000E+00   1.086E+03   3.164E-08   1.370E+02  4.00201E-03   0.000E+00   0.000E+00   3.731E+01   3.259E-05   0.000E+00   3   5.229E+02  1   0.000E+00   0.000E+00   0.000E+00
     53  1.24794303101E+04   9.844E+02   9.844E+02   0.000E+00   1.175E+03   3.360E-08   1.348E+02  4.00201E-03   0.000E+00   0.000E+00   3.755E+01   3.237E-05   0.000E+00   2   5.752E+02  1   0.000E+00   0.000E+00   0.000E+00
     54  1.31121221024E+04   1.005E+03   1.005E+03   0.000E+00   1.278E+03   3.581E-08   1.325E+02  4.00201E-03   0.000E+00   0.000E+00   3.775E+01   3.195E-05   0.000E+00   2   6.327E+02  1   0.000E+00   0.000E+00   0.000E+00
     55  1.37983518604E+04   1.026E+03   1.026E+03   0.000E+00   1.394E+03   3.825E-08   1.302E+02  4.00201E-03   0.000E+00   0.000E+00   3.797E+01   3.158E-05   0.000E+00   3   6.862E+02  1   0.000E+00   0.000E+00   0.000E+00
     56  1.45339706109E+04   1.048E+03   1.048E+03   0.000E+00   1.525E+03   4.097E-08   1.278E+02  4.00201E-03   0.000E+00   0.000E+00   3.827E+01   3.143E-05   0.000E+00   3   7.356E+02  1   0.000E+00   0.000E+00   0.000E+00
     57  1.52989955305E+04   1.071E+03   1.071E+03   0.000E+00   1.672E+03   4.392E-08   1.255E+02  4.00201E-03   0.000E+00   0.000E+00   3.856E+01   3.120E-05   0.000E+00   3   7.650E+02  1   0.000E+00   0.000E+00   0.000E+00
     58  1.60734119030E+04   1.095E+03   1.095E+03   0.000E+00   1.830E+03   4.704E-08   1.232E+02  4.00201E-03   0.000E+00   0.000E+00   3.875E+01   3.070E-05   0.000E+00   2   7.744E+02  1   0.000E+00   0.000E+00   0.000E+00
     59  1.68624374397E+04   1.119E+03   1.119E+03   0.000E+00   2.002E+03   5.034E-08   1.211E+02  4.00201E-03   0.000E+00   0.000E+00   3.914E+01   3.087E-05   0.000E+00   3   7.890E+02  1   0.000E+00   0.000E+00   0.000E+00
     60  1.77107702761E+04   1.145E+03   1.145E+03   0.000E+00   2.197E+03   5.402E-08   1.189E+02  4.00201E-03   0.000E+00   0.000E+00   3.937E+01   3.043E-05   0.000E+00   2   8.483E+02  1   0.000E+00   0.000E+00   0.000E+00
     61  1.83894365453E+04   1.167E+03   1.167E+03   0.000E+00   2.372E+03   5.725E-08   1.171E+02  4.00201E-03   0.000E+00   0.000E+00   3.964E+01   3.035E-05   0.000E+00   3   6.787E+02  1   0.000E+00   0.000E+00   0.000E+00
     62  1.91359694414E+04   1.190E+03   1.190E+03   0.000E+00   2.573E+03   6.088E-08   1.153E+02  4.00201E-03   0.000E+00   0.000E+00   3.996E+01   3.036E-05   0.000E+00   2   7.465E+02  1   0.000E+00   0.000E+00   0.000E+00
     63  1.99571556270E+04   1.216E+03   1.216E+03   0.000E+00   2.809E+03   6.504E-08   1.133E+02  4.00201E-03   0.000E+00   0.000E+00   4.026E+01   3.021E-05   0.000E+00   2   8.212E+02  1   0.000E+00   0.000E+00   0.000E+00
     64  2.08191325795E+04   1.243E+03   1.243E+03   0.000E+00   3.071E+03   6.955E-08   1.113E+02  4.00201E-03   0.000E+00   0.000E+00   4.058E+01   3.011E-05   0.000E+00   3   8.620E+02  1   0.000E+00   0.000E+00   0.000E+00
     65  2.17302063782E+04   1.271E+03   1.271E+03   0.000E+00   3.363E+03   7.448E-08   1.093E+02  4.00201E-03   0.000E+00   0.000E+00   4.089E+01   2.996E-05   0.000E+00   3   9.111E+02  1   0.000E+00   0.000E+00   0.000E+00
     66  2.26647089894E+04   1.301E+03   1.301E+03   0.000E+00   3.690E+03   7.984E-08   1.074E+02  4.00201E-03   0.000E+00   0.000E+00   4.133E+01   3.013E-05   0.000E+00   2   9.345E+02  1   0.000E+00   0.000E+00   0.000E+00
     67  2.36256123485E+04   1.331E+03   1.331E+03   0.000E+00   4.043E+03   8.556E-08   1.054E+02  4.00201E-03   0.000E+00   0.000E+00   4.161E+01   2.984E-05   0.000E+00   3   9.609E+02  1   0.000E+00   0.000E+00   0.000E+00
     68  2.46042600534E+04   1.361E+03   1.361E+03   0.000E+00   4.437E+03   9.179E-08   1.035E+02  4.00201E-03   0.000E+00   0.000E+00   4.202E+01   2.991E-05   0.000E+00   3   9.786E+02  1   0.000E+00   0.000E+00   0.000E+00
     69  2.56093453438E+04   1.392E+03   1.392E+03   0.000E+00   4.874E+03   9.858E-08   1.015E+02  4.00201E-03   0.000E+00   0.000E+00   4.238E+01   2.979E-05   0.000E+00   2   1.005E+03  1   0.000E+00   0.000E+00   0.000E+00
     70  2.66189796737E+04   1.423E+03   1.423E+03   0.000E+00   5.347E+03   1.058E-07   9.957E+01  4.00201E-03   0.000E+00   0.000E+00   4.282E+01   2.988E-05   0.000E+00   3   1.010E+03  1   0.000E+00   0.000E+00   0.000E+00
     71  2.76531114484E+04   1.456E+03   1.456E+03   0.000E+00   5.871E+03   1.136E-07   9.769E+01  4.00201E-03   0.000E+00   0.000E+00   4.311E+01   2.952E-05   0.000E+00   3   1.034E+03  1   0.000E+00   0.000E+00   0.000E+00
     72  2.84804168683E+04   1.483E+03   1.483E+03   0.000E+00   6.346E+03   1.205E-07   9.610E+01  4.00201E-03   0.000E+00   0.000E+00   4.354E+01   2.976E-05   0.000E+00   2   8.273E+02  1   0.000E+00   0.000E+00   0.000E+00
     73  2.93904528301E+04   1.512E+03   1.512E+03   0.000E+00   6.888E+03   1.283E-07   9.438E+01  4.00201E-03   0.000E+00   0.000E+00   4.390E+01   2.966E-05   0.000E+00   2   9.100E+02  1   0.000E+00   0.000E+00   0.000E+00
     74  3.03914923881E+04   1.543E+03   1.543E+03   0.000E+00   7.531E+03   1.375E-07   9.260E+01  4.00201E-03   0.000E+00   0.000E+00   4.421E+01   2.937E-05   0.000E+00   3   1.001E+03  1   0.000E+00   0.000E+00   0.000E+00
     75  3.14355890611E+04   1.575E+03   1.575E+03   0.000E+00   8.251E+03   1.476E-07   9.081E+01  4.00201E-03   0.000E+00   0.000E+00   4.461E+01   2.928E-05   0.000E+00   3   1.044E+03  1   0.000E+00   0.000E+00   0.000E+00
     76  3.25342700015E+04   1.606E+03   1.606E+03   0.000E+00   9.064E+03   1.589E-07   8.893E+01  4.00201E-03   0.000E+00   0.000E+00   4.505E+01   2.918E-05   0.000E+00   3   1.099E+03  1   0.000E+00   0.000E+00   0.000E+00
     77  3.36606479726E+04   1.636E+03   1.636E+03   0.000E+00   9.977E+03   1.717E-07   8.708E+01  4.00201E-03   0.000E+00   0.000E+00   4.543E+01   2.894E-05   0.000E+00   3   1.126E+03  1   0.000E+00   0.000E+00   0.000E+00
     78  3.48093421603E+04   1.663E+03   1.663E+03   0.000E+00   1.100E+04   1.862E-07   8.523E+01  4.00201E-03   0.000E+00   0.000E+00   4.584E+01   2.876E-05   0.000E+00   3   1.149E+03  1   0.000E+00   0.000E+00   0.000E+00
     79  3.59795361973E+04   1.689E+03   1.689E+03   0.000E+00   1.217E+04   2.027E-07   8.347E+01  4.00201E-03   0.000E+00   0.000E+00   4.618E+01   2.840E-05   0.000E+00   3   1.170E+03  1   0.000E+00   0.000E+00   0.000E+00
     80  3.71634223017E+04   1.713E+03   1.713E+03   0.000E+00   1.350E+04   2.217E-07   8.167E+01  4.00201E-03   0.000E+00   0.000E+00   4.665E+01   2.830E-05   0.000E+00   3   1.184E+03  1   0.000E+00   0.000E+00   0.000E+00
     81  3.83638528752E+04   1.732E+03   1.732E+03   0.000E+00   1.503E+04   2.442E-07   7.988E+01  4.00201E-03   0.000E+00   0.000E+00   4.708E+01   2.811E-05   0.000E+00   3   1.200E+03  1   0.000E+00   0.000E+00   0.000E+00
     82  3.93241973339E+04   1.745E+03   1.745E+03   0.000E+00   1.647E+04   2.657E-07   7.848E+01  4.00201E-03   0.000E+00   0.000E+00   4.741E+01   2.788E-05   0.000E+00   3   9.603E+02  1   0.000E+00   0.000E+00   0.000E+00
     83  4.03805762386E+04   1.755E+03   1.755E+03   0.000E+00   1.828E+04   2.932E-07   7.706E+01  4.00201E-03   0.000E+00   0.000E+00   4.773E+01   2.762E-05   0.000E+00   3   1.056E+03  1   0.000E+00   0.000E+00   0.000E+00
     84  4.15425930337E+04   1.765E+03   1.765E+03   0.000E+00   2.058E+04   3.284E-07   7.560E+01  4.00201E-03   0.000E+00   0.000E+00   4.812E+01   2.747E-05   0.000E+00   3   1.162E+03  1   0.000E+00   0.000E+00   0.000E+00
     85  4.27838348682E+04   1.773E+03   1.773E+03   0.000E+00   2.349E+04   3.730E-07   7.416E+01  4.00201E-03   0.000E+00   0.000E+00   4.854E+01   2.736E-05   0.000E+00   3   1.241E+03  1   0.000E+00   0.000E+00   0.000E+00
     86  4.40576858179E+04   1.781E+03   1.781E+03   0.000E+00   2.712E+04   4.287E-07   7.291E+01  4.00201E-03   0.000E+00   0.000E+00   4.889E+01   2.721E-05   0.000E+00   3   1.274E+03  1   0.000E+00   0.000E+00   0.000E+00
     87  4.53512712173E+04   1.790E+03   1.790E+03   0.000E+00   3.172E+04   4.989E-07   7.187E+01  4.00201E-03   0.000E+00   0.000E+00   4.927E+01   2.727E-05   0.000E+00   3   1.294E+03  1   0.000E+00   0.000E+00   0.000E+00
     88  4.66695420921E+04   1.801E+03   1.801E+03   0.000E+00   3.769E+04   5.890E-07   7.121E+01  4.00201E-03   0.000E+00   0.000E+00   4.956E+01   2.742E-05   0.000E+00   3   1.318E+03  1   0.000E+00   0.000E+00   0.000E+00
     89  4.79914914206E+04   1.816E+03   1.816E+03   0.000E+00   4.550E+04   7.053E-07   7.087E+01  4.00201E-03   0.000E+00   0.000E+00   4.998E+01   2.809E-05   0.000E+00   3   1.322E+03  1   0.000E+00   0.000E+00   0.000E+00
     90  4.90490508834E+04   1.835E+03   1.835E+03   0.000E+00   5.411E+04   8.301E-07   7.101E+01  4.00201E-03   0.000E+00   0.000E+00   5.023E+01   2.876E-05   0.000E+00   4   1.058E+03  1   0.000E+00   0.000E+00   0.000E+00
     91  4.98950984536E+04   1.860E+03   1.860E+03   0.000E+00   6.361E+04   9.631E-07   7.144E+01  4.00201E-03   0.000E+00   0.000E+00   5.051E+01   2.976E-05   0.000E+00   3   8.460E+02  1   0.000E+00   0.000E+00   0.000E+00
     92  5.05719365097E+04   1.889E+03   1.889E+03   0.000E+00   7.402E+04   1.103E-06   7.215E+01  4.00201E-03   0.000E+00   0.000E+00   5.067E+01   3.075E-05   0.000E+00   4   6.768E+02  1   0.000E+00   0.000E+00   0.000E+00
     93  5.11134069547E+04   1.920E+03   1.920E+03   0.000E+00   8.491E+04   1.244E-06   7.298E+01  4.00201E-03   0.000E+00   0.000E+00   5.091E+01   3.207E-05   0.000E+00   3   5.415E+02  1   0.000E+00   0.000E+00   0.000E+00
     94  5.16789982062E+04   1.960E+03   1.960E+03   0.000E+00   9.921E+04   1.423E-06   7.433E+01  4.00201E-03   0.000E+00   0.000E+00   5.111E+01   3.377E-05   0.000E+00   3   5.656E+02  1   0.000E+00   0.000E+00   0.000E+00
     95  5.21314712074E+04   1.998E+03   1.998E+03   0.000E+00   1.140E+05   1.603E-06   7.581E+01  4.00201E-03   0.000E+00   0.000E+00   5.124E+01   3.551E-05   0.000E+00   3   4.525E+02  1   0.000E+00   0.000E+00   0.000E+00
     96  5.24934496084E+04   2.040E+03   2.040E+03   0.000E+00   1.304E+05   1.796E-06   7.731E+01  4.00201E-03   0.000E+00   0.000E+00   5.139E+01   3.736E-05   0.000E+00   3   3.620E+02  1   0.000E+00   0.000E+00   0.000E+00
     97  5.27830323291E+04   2.088E+03   2.088E+03   0.000E+00   1.494E+05   2.010E-06   7.883E+01  4.00201E-03   0.000E+00   0.000E+00   5.148E+01   3.912E-05   0.000E+00   3   2.896E+02  1   0.000E+00   0.000E+00   0.000E+00
     98  5.30146985058E+04   2.143E+03   2.143E+03   0.000E+00   1.725E+05   2.259E-06   8.036E+01  4.00201E-03   0.000E+00   0.000E+00   5.162E+01   4.109E-05   0.000E+00   4   2.317E+02  1   0.000E+00   0.000E+00   0.000E+00
     99  5.32000314471E+04   2.206E+03   2.206E+03   0.000E+00   2.012E+05   2.558E-06   8.200E+01  4.00201E-03   0.000E+00   0.000E+00   5.165E+01   4.287E-05   0.000E+00   4   1.853E+02  1   0.000E+00   0.000E+00   0.000E+00
    100  5.33482978001E+04   2.290E+03   2.290E+03   0.000E+00   2.447E+05   2.991E-06   8.379E+01  4.00201E-03   0.000E+00   0.000E+00   5.163E+01   4.470E-05   0.000E+00   5   1.483E+02  1   0.000E+00   0.000E+00   0.000E+00
    101  5.34563460260E+04   1.203E+05   1.203E+05   0.000E+00   2.487E+13   1.727E+00   3.224E-01  4.00201E-03   0.000E+00   0.000E+00   6.939E+02   2.160E-05   0.000E+00   6   1.080E+02  1   0.000E+00   0.000E+00   0.000E+00
