      1  1.00000000000E+01   3.052E+02   3.052E+02   0.000E+00   1.710E+02   1.577E-08   1.318E+02  1.00050E-03   0.000E+00   0.000E+00   2.619E+01   7.329E-06   0.000E+00  24   1.000E+01  1   0.000E+00   0.000E+00   0.000E+00
      2  1.80000000000E+01   3.053E+02   3.053E+02   0.000E+00   1.715E+02   1.581E-08   1.309E+02  1.00050E-03   0.000E+00   0.000E+00   2.590E+01   6.916E-06   0.000E+00  22   8.000E+00  1   0.000E+00   0.000E+00   0.000E+00
      3  2.44000000000E+01   3.051E+02   3.051E+02   0.000E+00   1.714E+02   1.582E-08   1.303E+02  1.00050E-03   0.000E+00   0.000E+00   2.567E+01   6.610E-06   0.000E+00   5   6.400E+00  1   0.000E+00   0.000E+00   0.000E+00
      4  3.08000000000E+01   3.054E+02   3.054E+02   0.000E+00   1.722E+02   1.587E-08   1.296E+02  1.00050E-03   0.000E+00   0.000E+00   2.548E+01   6.346E-06   0.000E+00   3   6.400E+00  1   0.000E+00   0.000E+00   0.000E+00
      5  3.78400000000E+01   3.053E+02   3.053E+02   0.000E+00   1.723E+02   1.589E-08   1.291E+02  1.00050E-03   0.000E+00   0.000E+00   2.529E+01   6.110E-06   0.000E+00   3   7.040E+00  1   0.000E+00   0.000E+00   0.000E+00
      6  4.55840000000E+01   3.055E+02   3.055E+02   0.000E+00   1.728E+02   1.593E-08   1.285E+02  1.00050E-03   0.000E+00   0.000E+00   2.512E+01   5.895E-06   0.000E+00   3   7.744E+00  1   0.000E+00   0.000E+00   0.000E+00
      7  5.41024000000E+01   3.056E+02   3.056E+02   0.000E+00   1.731E+02   1.595E-08   1.280E+02  1.00050E-03   0.000E+00   0.000E+00   2.497E+01   5.706E-06   0.000E+00   2   8.518E+00  1   0.000E+00   0.000E+00   0.000E+00
      8  6.77318400000E+01   3.056E+02   3.056E+02   0.000E+00   1.733E+02   1.597E-08   1.274E+02  1.00050E-03   0.000E+00   0.000E+00   2.477E+01   5.480E-06   0.000E+00   2   1.363E+01  1   0.000E+00   0.000E+00   0.000E+00
      9  8.95389440000E+01   3.059E+02   3.059E+02   0.000E+00   1.742E+02   1.604E-08   1.265E+02  1.00050E-03   0.000E+00   0.000E+00   2.458E+01   5.233E-06   0.000E+00   3   2.181E+01  1   0.000E+00   0.000E+00   0.000E+00
     10  1.13526758400E+02   3.063E+02   3.063E+02   0.000E+00   1.752E+02   1.610E-08   1.258E+02  1.00050E-03   0.000E+00   0.000E+00   2.443E+01   5.049E-06   0.000E+00   2   2.399E+01  1   0.000E+00   0.000E+00   0.000E+00
     11  1.51907261440E+02   3.068E+02   3.068E+02   0.000E+00   1.763E+02   1.619E-08   1.250E+02  1.00050E-03   0.000E+00   0.000E+00   2.429E+01   4.871E-06   0.000E+00   5   3.838E+01  1   0.000E+00   0.000E+00   0.000E+00
     12  1.90287764480E+02   3.074E+02   3.074E+02   0.000E+00   1.777E+02   1.628E-08   1.243E+02  1.00050E-03   0.000E+00   0.000E+00   2.421E+01   4.757E-06   0.000E+00   2   3.838E+01  1   0.000E+00   0.000E+00   0.000E+00
     13  2.51696569344E+02   3.083E+02   3.083E+02   0.000E+00   1.798E+02   1.642E-08   1.234E+02  1.00050E-03   0.000E+00   0.000E+00   2.416E+01   4.652E-06   0.000E+00   4   6.141E+01  1   0.000E+00   0.000E+00   0.000E+00
     14  3.19246254694E+02   3.094E+02   3.094E+02   0.000E+00   1.821E+02   1.657E-08   1.226E+02  1.00050E-03   0.000E+00   0.000E+00   2.414E+01   4.580E-06   0.000E+00   2   6.755E+01  1   0.000E+00   0.000E+00   0.000E+00
     15  4.27325751255E+02   3.111E+02   3.111E+02   0.000E+00   1.855E+02   1.679E-08   1.216E+02  1.00050E-03   0.000E+00   0.000E+00   2.415E+01   4.505E-06   0.000E+00   2   1.081E+02  1   0.000E+00   0.000E+00   0.000E+00
     16  5.46213197472E+02   3.130E+02   3.130E+02   0.000E+00   1.893E+02   1.704E-08   1.204E+02  1.00050E-03   0.000E+00   0.000E+00   2.417E+01   4.437E-06   0.000E+00   2   1.189E+02  1   0.000E+00   0.000E+00   0.000E+00
     17  6.76989388310E+02   3.149E+02   3.149E+02   0.000E+00   1.937E+02   1.732E-08   1.193E+02  1.00050E-03   0.000E+00   0.000E+00   2.420E+01   4.373E-06   0.000E+00   2   1.308E+02  1   0.000E+00   0.000E+00   0.000E+00
     18  8.20843198232E+02   3.172E+02   3.172E+02   0.000E+00   1.988E+02   1.764E-08   1.181E+02  1.00050E-03   0.000E+00   0.000E+00   2.424E+01   4.315E-06   0.000E+00   4   1.439E+02  1   0.000E+00   0.000E+00   0.000E+00
     19  9.79082389147E+02   3.196E+02   3.196E+02   0.000E+00   2.040E+02   1.798E-08   1.170E+02  1.00050E-03   0.000E+00   0.000E+00   2.428E+01   4.266E-06   0.000E+00   3   1.582E+02  1   0.000E+00   0.000E+00   0.000E+00
     20  1.15314549915E+03   3.224E+02   3.224E+02   0.000E+00   2.104E+02   1.838E-08   1.159E+02  1.00050E-03   0.000E+00   0.000E+00   2.434E+01   4.224E-06   0.000E+00   3   1.741E+02  1   0.000E+00   0.000E+00   0.000E+00
     21  1.34461492016E+03   3.252E+02   3.252E+02   0.000E+00   2.173E+02   1.881E-08   1.148E+02  1.00050E-03   0.000E+00   0.000E+00   2.440E+01   4.187E-06   0.000E+00   3   1.915E+02  1   0.000E+00   0.000E+00   0.000E+00
     22  1.55523128327E+03   3.282E+02   3.282E+02   0.000E+00   2.249E+02   1.929E-08   1.136E+02  1.00050E-03   0.000E+00   0.000E+00   2.447E+01   4.141E-06   0.000E+00   2   2.106E+02  1   0.000E+00   0.000E+00   0.000E+00
     23  1.78690928268E+03   3.316E+02   3.316E+02   0.000E+00   2.338E+02   1.985E-08   1.123E+02  1.00050E-03   0.000E+00   0.000E+00   2.454E+01   4.103E-06   0.000E+00   3   2.317E+02  1   0.000E+00   0.000E+00   0.000E+00
     24  2.04175508204E+03   3.352E+02   3.352E+02   0.000E+00   2.434E+02   2.045E-08   1.110E+02  1.00050E-03   0.000E+00   0.000E+00   2.463E+01   4.060E-06   0.000E+00   3   2.548E+02  1   0.000E+00   0.000E+00   0.000E+00
     25  2.32208546134E+03   3.393E+02   3.393E+02   0.000E+00   2.549E+02   2.114E-08   1.096E+02  1.00050E-03   0.000E+00   0.000E+00   2.471E+01   4.014E-06   0.000E+00   3   2.803E+02  1   0.000E+00   0.000E+00   0.000E+00
     26  2.63044887856E+03   3.434E+02   3.434E+02   0.000E+00   2.668E+02   2.188E-08   1.081E+02  1.00050E-03   0.000E+00   0.000E+00   2.481E+01   3.968E-06   0.000E+00   4   3.084E+02  1   0.000E+00   0.000E+00   0.000E+00
     27  2.96964863751E+03   3.482E+02   3.482E+02   0.000E+00   2.812E+02   2.273E-08   1.066E+02  1.00050E-03   0.000E+00   0.000E+00   2.491E+01   3.921E-06   0.000E+00   3   3.392E+02  1   0.000E+00   0.000E+00   0.000E+00
     28  3.34276837235E+03   3.530E+02   3.530E+02   0.000E+00   2.965E+02   2.365E-08   1.049E+02  1.00050E-03   0.000E+00   0.000E+00   2.502E+01   3.870E-06   0.000E+00   3   3.731E+02  1   0.000E+00   0.000E+00   0.000E+00
     29  3.75320008068E+03   3.586E+02   3.586E+02   0.000E+00   3.147E+02   2.471E-08   1.032E+02  1.00050E-03   0.000E+00   0.000E+00   2.514E+01   3.810E-06   0.000E+00   2   4.104E+02  1   0.000E+00   0.000E+00   0.000E+00
     30  4.20467495984E+03   3.644E+02   3.644E+02   0.000E+00   3.351E+02   2.589E-08   1.014E+02  1.00050E-03   0.000E+00   0.000E+00   2.527E+01   3.758E-06   0.000E+00   3   4.515E+02  1   0.000E+00   0.000E+00   0.000E+00
     31  4.70129732692E+03   3.707E+02   3.707E+02   0.000E+00   3.580E+02   2.719E-08   9.952E+01  1.00050E-03   0.000E+00   0.000E+00   2.540E+01   3.694E-06   0.000E+00   2   4.966E+02  1   0.000E+00   0.000E+00   0.000E+00
     32  5.24758193070E+03   3.773E+02   3.773E+02   0.000E+00   3.838E+02   2.864E-08   9.753E+01  1.00050E-03   0.000E+00   0.000E+00   2.554E+01   3.626E-06   0.000E+00   3   5.463E+02  1   0.000E+00   0.000E+00   0.000E+00
     33  5.84849499486E+03   3.847E+02   3.847E+02   0.000E+00   4.141E+02   3.030E-08   9.550E+01  1.00050E-03   0.000E+00   0.000E+00   2.569E+01   3.557E-06   0.000E+00   3   6.009E+02  1   0.000E+00   0.000E+00   0.000E+00
     34  6.50949936544E+03   3.924E+02   3.924E+02   0.000E+00   4.479E+02   3.214E-08   9.348E+01  1.00050E-03   0.000E+00   0.000E+00   2.585E+01   3.497E-06   0.000E+00   3   6.610E+02  1   0.000E+00   0.000E+00   0.000E+00
     35  7.23660417307E+03   4.008E+02   4.008E+02   0.000E+00   4.869E+02   3.421E-08   9.125E+01  1.00050E-03   0.000E+00   0.000E+00   2.600E+01   3.412E-06   0.000E+00   3   7.271E+02  1   0.000E+00   0.000E+00   0.000E+00
     36  7.97824329450E+03   4.091E+02   4.091E+02   0.000E+00   5.286E+02   3.638E-08   8.921E+01  1.00050E-03   0.000E+00   0.000E+00   2.617E+01   3.347E-06   0.000E+00   3   7.416E+02  1   0.000E+00   0.000E+00   0.000E+00
     37  8.76643643229E+03   4.179E+02   4.179E+02   0.000E+00   5.754E+02   3.877E-08   8.709E+01  1.00050E-03   0.000E+00   0.000E+00   2.633E+01   3.266E-06   0.000E+00   3   7.882E+02  1   0.000E+00   0.000E+00   0.000E+00
     38  9.56618076696E+03   4.266E+02   4.266E+02   0.000E+00   6.253E+02   4.127E-08   8.519E+01  1.00050E-03   0.000E+00   0.000E+00   2.650E+01   3.210E-06   0.000E+00   3   7.997E+02  1   0.000E+00   0.000E+00   0.000E+00
     39  1.04196230034E+04   4.357E+02   4.357E+02   0.000E+00   6.808E+02   4.400E-08   8.323E+01  1.00050E-03   0.000E+00   0.000E+00   2.667E+01   3.142E-06   0.000E+00   3   8.534E+02  1   0.000E+00   0.000E+00   0.000E+00
     40  1.12926551101E+04   4.449E+02   4.449E+02   0.000E+00   7.409E+02   4.688E-08   8.130E+01  1.00050E-03   0.000E+00   0.000E+00   2.683E+01   3.070E-06   0.000E+00   2   8.730E+02  1   0.000E+00   0.000E+00   0.000E+00
     41  1.21920868794E+04   4.542E+02   4.542E+02   0.000E+00   8.054E+02   4.992E-08   7.948E+01  1.00050E-03   0.000E+00   0.000E+00   2.700E+01   3.007E-06   0.000E+00   3   8.994E+02  1   0.000E+00   0.000E+00   0.000E+00
     42  1.31362595586E+04   4.639E+02   4.639E+02   0.000E+00   8.767E+02   5.320E-08   7.769E+01  1.00050E-03   0.000E+00   0.000E+00   2.716E+01   2.944E-06   0.000E+00   3   9.442E+02  1   0.000E+00   0.000E+00   0.000E+00
     43  1.41102132730E+04   4.738E+02   4.738E+02   0.000E+00   9.537E+02   5.668E-08   7.593E+01  1.00050E-03   0.000E+00   0.000E+00   2.733E+01   2.883E-06   0.000E+00   3   9.740E+02  1   0.000E+00   0.000E+00   0.000E+00
     44  1.51171534486E+04   4.839E+02   4.839E+02   0.000E+00   1.038E+03   6.037E-08   7.417E+01  1.00050E-03   0.000E+00   0.000E+00   2.748E+01   2.812E-06   0.000E+00   3   1.007E+03  1   0.000E+00   0.000E+00   0.000E+00
     45  1.61463393168E+04   4.941E+02   4.941E+02   0.000E+00   1.128E+03   6.428E-08   7.261E+01  1.00050E-03   0.000E+00   0.000E+00   2.767E+01   2.768E-06   0.000E+00   3   1.029E+03  1   0.000E+00   0.000E+00   0.000E+00
     46  1.72450046440E+04   5.047E+02   5.047E+02   0.000E+00   1.228E+03   6.849E-08   7.093E+01  1.00050E-03   0.000E+00   0.000E+00   2.782E+01   2.699E-06   0.000E+00   2   1.099E+03  1   0.000E+00   0.000E+00   0.000E+00
     47  1.83610821933E+04   5.152E+02   5.152E+02   0.000E+00   1.334E+03   7.289E-08   6.936E+01  1.00050E-03   0.000E+00   0.000E+00   2.798E+01   2.641E-06   0.000E+00   3   1.116E+03  1   0.000E+00   0.000E+00   0.000E+00
     48  1.95438976932E+04   5.261E+02   5.261E+02   0.000E+00   1.452E+03   7.772E-08   6.784E+01  1.00050E-03   0.000E+00   0.000E+00   2.815E+01   2.592E-06   0.000E+00   3   1.183E+03  1   0.000E+00   0.000E+00   0.000E+00
     49  2.07759178562E+04   5.371E+02   5.371E+02   0.000E+00   1.580E+03   8.284E-08   6.625E+01  1.00050E-03   0.000E+00   0.000E+00   2.829E+01   2.520E-06   0.000E+00   3   1.232E+03  1   0.000E+00   0.000E+00   0.000E+00
     50  2.20291343625E+04   5.483E+02   5.483E+02   0.000E+00   1.720E+03   8.830E-08   6.487E+01  1.00050E-03   0.000E+00   0.000E+00   2.849E+01   2.484E-06   0.000E+00   3   1.253E+03  1   0.000E+00   0.000E+00   0.000E+00
     51  2.33734799270E+04   5.599E+02   5.599E+02   0.000E+00   1.874E+03   9.421E-08   6.335E+01  1.00050E-03   0.000E+00   0.000E+00   2.862E+01   2.415E-06   0.000E+00   2   1.344E+03  1   0.000E+00   0.000E+00   0.000E+00
     52  2.47268817624E+04   5.712E+02   5.712E+02   0.000E+00   2.036E+03   1.003E-07   6.203E+01  1.00050E-03   0.000E+00   0.000E+00   2.881E+01   2.376E-06   0.000E+00   3   1.353E+03  1   0.000E+00   0.000E+00   0.000E+00
     53  2.61991827462E+04   5.834E+02   5.834E+02   0.000E+00   2.221E+03   1.072E-07   6.062E+01  1.00050E-03   0.000E+00   0.000E+00   2.898E+01   2.322E-06   0.000E+00   3   1.472E+03  1   0.000E+00   0.000E+00   0.000E+00
     54  2.76779826679E+04   5.956E+02   5.956E+02   0.000E+00   2.417E+03   1.142E-07   5.925E+01  1.00050E-03   0.000E+00   0.000E+00   2.912E+01   2.263E-06   0.000E+00   3   1.479E+03  1   0.000E+00   0.000E+00   0.000E+00
     55  2.91988591954E+04   6.082E+02   6.082E+02   0.000E+00   2.631E+03   1.218E-07   5.802E+01  1.00050E-03   0.000E+00   0.000E+00   2.932E+01   2.228E-06   0.000E+00   3   1.521E+03  1   0.000E+00   0.000E+00   0.000E+00
     56  3.08074546888E+04   6.211E+02   6.211E+02   0.000E+00   2.861E+03   1.297E-07   5.668E+01  1.00050E-03   0.000E+00   0.000E+00   2.944E+01   2.161E-06   0.000E+00   3   1.609E+03  1   0.000E+00   0.000E+00   0.000E+00
     57  3.20943310835E+04   6.319E+02   6.319E+02   0.000E+00   3.064E+03   1.365E-07   5.577E+01  1.00050E-03   0.000E+00   0.000E+00   2.962E+01   2.144E-06   0.000E+00   3   1.287E+03  1   0.000E+00   0.000E+00   0.000E+00
     58  3.35098951176E+04   6.434E+02   6.434E+02   0.000E+00   3.290E+03   1.440E-07   5.470E+01  1.00050E-03   0.000E+00   0.000E+00   2.974E+01   2.097E-06   0.000E+00   2   1.416E+03  1   0.000E+00   0.000E+00   0.000E+00
     59  3.50670155552E+04   6.559E+02   6.559E+02   0.000E+00   3.553E+03   1.525E-07   5.363E+01  1.00050E-03   0.000E+00   0.000E+00   2.988E+01   2.054E-06   0.000E+00   3   1.557E+03  1   0.000E+00   0.000E+00   0.000E+00
     60  3.67798480366E+04   6.691E+02   6.691E+02   0.000E+00   3.845E+03   1.618E-07   5.255E+01  1.00050E-03   0.000E+00   0.000E+00   3.005E+01   2.019E-06   0.000E+00   3   1.713E+03  1   0.000E+00   0.000E+00   0.000E+00
     61  3.86639637661E+04   6.832E+02   6.832E+02   0.000E+00   4.179E+03   1.722E-07   5.143E+01  1.00050E-03   0.000E+00   0.000E+00   3.022E+01   1.976E-06   0.000E+00   3   1.884E+03  1   0.000E+00   0.000E+00   0.000E+00
     62  4.06239847805E+04   6.975E+02   6.975E+02   0.000E+00   4.540E+03   1.833E-07   5.031E+01  1.00050E-03   0.000E+00   0.000E+00   3.037E+01   1.929E-06   0.000E+00   3   1.960E+03  1   0.000E+00   0.000E+00   0.000E+00
     63  4.26684083568E+04   7.123E+02   7.123E+02   0.000E+00   4.936E+03   1.951E-07   4.926E+01  1.00050E-03   0.000E+00   0.000E+00   3.055E+01   1.895E-06   0.000E+00   3   2.044E+03  1   0.000E+00   0.000E+00   0.000E+00
     64  4.48201116849E+04   7.275E+02   7.275E+02   0.000E+00   5.369E+03   2.078E-07   4.818E+01  1.00050E-03   0.000E+00   0.000E+00   3.070E+01   1.849E-06   0.000E+00   3   2.152E+03  1   0.000E+00   0.000E+00   0.000E+00
     65  4.70165010526E+04   7.427E+02   7.427E+02   0.000E+00   5.832E+03   2.210E-07   4.715E+01  1.00050E-03   0.000E+00   0.000E+00   3.086E+01   1.808E-06   0.000E+00   3   2.196E+03  1   0.000E+00   0.000E+00   0.000E+00
     66  4.93277683434E+04   7.584E+02   7.584E+02   0.000E+00   6.343E+03   2.354E-07   4.618E+01  1.00050E-03   0.000E+00   0.000E+00   3.107E+01   1.781E-06   0.000E+00   3   2.311E+03  1   0.000E+00   0.000E+00   0.000E+00
     67  5.17769877294E+04   7.742E+02   7.742E+02   0.000E+00   6.900E+03   2.509E-07   4.513E+01  1.00050E-03   0.000E+00   0.000E+00   3.118E+01   1.726E-06   0.000E+00   3   2.449E+03  1   0.000E+00   0.000E+00   0.000E+00
     68  5.42572562516E+04   7.899E+02   7.899E+02   0.000E+00   7.503E+03   2.674E-07   4.421E+01  1.00050E-03   0.000E+00   0.000E+00   3.139E+01   1.700E-06   0.000E+00   3   2.480E+03  1   0.000E+00   0.000E+00   0.000E+00
     69  5.69525346591E+04   8.061E+02   8.061E+02   0.000E+00   8.175E+03   2.855E-07   4.323E+01  1.00050E-03   0.000E+00   0.000E+00   3.155E+01   1.659E-06   0.000E+00   3   2.695E+03  1   0.000E+00   0.000E+00   0.000E+00
     70  5.96970374924E+04   8.226E+02   8.226E+02   0.000E+00   8.905E+03   3.048E-07   4.231E+01  1.00050E-03   0.000E+00   0.000E+00   3.172E+01   1.625E-06   0.000E+00   3   2.745E+03  1   0.000E+00   0.000E+00   0.000E+00
     71  6.25772648036E+04   8.394E+02   8.394E+02   0.000E+00   9.699E+03   3.253E-07   4.139E+01  1.00050E-03   0.000E+00   0.000E+00   3.187E+01   1.585E-06   0.000E+00   3   2.880E+03  1   0.000E+00   0.000E+00   0.000E+00
     72  6.55470559283E+04   8.568E+02   8.568E+02   0.000E+00   1.057E+04   3.473E-07   4.052E+01  1.00050E-03   0.000E+00   0.000E+00   3.207E+01   1.557E-06   0.000E+00   2   2.970E+03  1   0.000E+00   0.000E+00   0.000E+00
     73  6.86509271971E+04   8.743E+02   8.743E+02   0.000E+00   1.151E+04   3.705E-07   3.968E+01  1.00050E-03   0.000E+00   0.000E+00   3.226E+01   1.527E-06   0.000E+00   3   3.104E+03  1   0.000E+00   0.000E+00   0.000E+00
     74  7.19067897511E+04   8.923E+02   8.923E+02   0.000E+00   1.253E+04   3.953E-07   3.878E+01  1.00050E-03   0.000E+00   0.000E+00   3.234E+01   1.474E-06   0.000E+00   3   3.256E+03  1   0.000E+00   0.000E+00   0.000E+00
     75  7.45114797943E+04   9.075E+02   9.075E+02   0.000E+00   1.344E+04   4.169E-07   3.816E+01  1.00050E-03   0.000E+00   0.000E+00   3.256E+01   1.467E-06   0.000E+00   3   2.605E+03  1   0.000E+00   0.000E+00   0.000E+00
     76  7.73766388419E+04   9.234E+02   9.234E+02   0.000E+00   1.445E+04   4.407E-07   3.749E+01  1.00050E-03   0.000E+00   0.000E+00   3.273E+01   1.445E-06   0.000E+00   2   2.865E+03  1   0.000E+00   0.000E+00   0.000E+00
     77  8.05283137941E+04   9.411E+02   9.411E+02   0.000E+00   1.563E+04   4.677E-07   3.672E+01  1.00050E-03   0.000E+00   0.000E+00   3.283E+01   1.403E-06   0.000E+00   2   3.152E+03  1   0.000E+00   0.000E+00   0.000E+00
     78  8.39415386702E+04   9.595E+02   9.595E+02   0.000E+00   1.695E+04   4.973E-07   3.602E+01  1.00050E-03   0.000E+00   0.000E+00   3.301E+01   1.380E-06   0.000E+00   3   3.413E+03  1   0.000E+00   0.000E+00   0.000E+00
     79  8.76960860338E+04   9.788E+02   9.788E+02   0.000E+00   1.843E+04   5.301E-07   3.529E+01  1.00050E-03   0.000E+00   0.000E+00   3.321E+01   1.357E-06   0.000E+00   3   3.755E+03  1   0.000E+00   0.000E+00   0.000E+00
     80  9.16940135488E+04   9.991E+02   9.991E+02   0.000E+00   2.010E+04   5.663E-07   3.454E+01  1.00050E-03   0.000E+00   0.000E+00   3.337E+01   1.326E-06   0.000E+00   2   3.998E+03  1   0.000E+00   0.000E+00   0.000E+00
     81  9.57725683253E+04   1.019E+03   1.019E+03   0.000E+00   2.186E+04   6.039E-07   3.384E+01  1.00050E-03   0.000E+00   0.000E+00   3.354E+01   1.298E-06   0.000E+00   3   4.079E+03  1   0.000E+00   0.000E+00   0.000E+00
     82  1.00128719065E+05   1.041E+03   1.041E+03   0.000E+00   2.385E+04   6.453E-07   3.312E+01  1.00050E-03   0.000E+00   0.000E+00   3.370E+01   1.268E-06   0.000E+00   2   4.356E+03  1   0.000E+00   0.000E+00   0.000E+00
     83  1.04568748307E+05   1.062E+03   1.062E+03   0.000E+00   2.599E+04   6.889E-07   3.245E+01  1.00050E-03   0.000E+00   0.000E+00   3.390E+01   1.247E-06   0.000E+00   3   4.440E+03  1   0.000E+00   0.000E+00   0.000E+00
     84  1.09247188420E+05   1.084E+03   1.084E+03   0.000E+00   2.836E+04   7.362E-07   3.177E+01  1.00050E-03   0.000E+00   0.000E+00   3.409E+01   1.222E-06   0.000E+00   2   4.678E+03  1   0.000E+00   0.000E+00   0.000E+00
     85  1.14026757787E+05   1.107E+03   1.107E+03   0.000E+00   3.087E+04   7.852E-07   3.110E+01  1.00050E-03   0.000E+00   0.000E+00   3.419E+01   1.184E-06   0.000E+00   2   4.780E+03  1   0.000E+00   0.000E+00   0.000E+00
     86  1.18948812923E+05   1.129E+03   1.129E+03   0.000E+00   3.359E+04   8.374E-07   3.050E+01  1.00050E-03   0.000E+00   0.000E+00   3.444E+01   1.172E-06   0.000E+00   3   4.922E+03  1   0.000E+00   0.000E+00   0.000E+00
     87  1.24330247883E+05   1.154E+03   1.154E+03   0.000E+00   3.673E+04   8.965E-07   2.986E+01  1.00050E-03   0.000E+00   0.000E+00   3.465E+01   1.151E-06   0.000E+00   2   5.381E+03  1   0.000E+00   0.000E+00   0.000E+00
     88  1.28635395852E+05   1.174E+03   1.174E+03   0.000E+00   3.951E+04   9.474E-07   2.933E+01  1.00050E-03   0.000E+00   0.000E+00   3.475E+01   1.124E-06   0.000E+00   2   4.305E+03  1   0.000E+00   0.000E+00   0.000E+00
     89  1.33371058617E+05   1.195E+03   1.195E+03   0.000E+00   4.255E+04   1.003E-06   2.880E+01  1.00050E-03   0.000E+00   0.000E+00   3.487E+01   1.099E-06   0.000E+00   2   4.736E+03  1   0.000E+00   0.000E+00   0.000E+00
     90  1.38580287659E+05   1.218E+03   1.218E+03   0.000E+00   4.613E+04   1.066E-06   2.828E+01  1.00050E-03   0.000E+00   0.000E+00   3.513E+01   1.092E-06   0.000E+00   2   5.209E+03  1   0.000E+00   0.000E+00   0.000E+00
     91  1.44310439605E+05   1.243E+03   1.243E+03   0.000E+00   5.020E+04   1.137E-06   2.771E+01  1.00050E-03   0.000E+00   0.000E+00   3.530E+01   1.069E-06   0.000E+00   2   5.730E+03  1   0.000E+00   0.000E+00   0.000E+00
     92  1.50331034714E+05   1.268E+03   1.268E+03   0.000E+00   5.469E+04   1.214E-06   2.714E+01  1.00050E-03   0.000E+00   0.000E+00   3.543E+01   1.040E-06   0.000E+00   2   6.021E+03  1   0.000E+00   0.000E+00   0.000E+00
     93  1.56558907792E+05   1.294E+03   1.294E+03   0.000E+00   5.954E+04   1.295E-06   2.660E+01  1.00050E-03   0.000E+00   0.000E+00   3.563E+01   1.022E-06   0.000E+00   3   6.228E+03  1   0.000E+00   0.000E+00   0.000E+00
     94  1.63277315874E+05   1.322E+03   1.322E+03   0.000E+00   6.512E+04   1.386E-06   2.606E+01  1.00050E-03   0.000E+00   0.000E+00   3.587E+01   1.008E-06   0.000E+00   2   6.718E+03  1   0.000E+00   0.000E+00   0.000E+00
     95  1.70115889434E+05   1.350E+03   1.350E+03   0.000E+00   7.112E+04   1.483E-06   2.551E+01  1.00050E-03   0.000E+00   0.000E+00   3.601E+01   9.800E-07   0.000E+00   2   6.839E+03  1   0.000E+00   0.000E+00   0.000E+00
     96  1.77082829967E+05   1.378E+03   1.378E+03   0.000E+00   7.757E+04   1.585E-06   2.501E+01  1.00050E-03   0.000E+00   0.000E+00   3.624E+01   9.662E-07   0.000E+00   3   6.967E+03  1   0.000E+00   0.000E+00   0.000E+00
     97  1.84567195945E+05   1.408E+03   1.408E+03   0.000E+00   8.489E+04   1.698E-06   2.448E+01  1.00050E-03   0.000E+00   0.000E+00   3.639E+01   9.420E-07   0.000E+00   3   7.484E+03  1   0.000E+00   0.000E+00   0.000E+00
     98  1.90554688727E+05   1.432E+03   1.432E+03   0.000E+00   9.124E+04   1.794E-06   2.405E+01  1.00050E-03   0.000E+00   0.000E+00   3.646E+01   9.157E-07   0.000E+00   4   5.987E+03  1   0.000E+00   0.000E+00   0.000E+00
     99  1.97140930787E+05   1.458E+03   1.458E+03   0.000E+00   9.863E+04   1.905E-06   2.364E+01  1.00050E-03   0.000E+00   0.000E+00   3.676E+01   9.141E-07   0.000E+00   2   6.586E+03  1   0.000E+00   0.000E+00   0.000E+00
    100  2.04385797054E+05   1.487E+03   1.487E+03   0.000E+00   1.072E+05   2.030E-06   2.320E+01  1.00050E-03   0.000E+00   0.000E+00   3.700E+01   9.041E-07   0.000E+00   2   7.245E+03  1   0.000E+00   0.000E+00   0.000E+00
    101  2.12355149947E+05   1.518E+03   1.518E+03   0.000E+00   1.170E+05   2.170E-06   2.272E+01  1.00050E-03   0.000E+00   0.000E+00   3.711E+01   8.777E-07   0.000E+00   3   7.969E+03  1   0.000E+00   0.000E+00   0.000E+00
    102  2.20507294841E+05   1.549E+03   1.549E+03   0.000E+00   1.275E+05   2.317E-06   2.226E+01  1.00050E-03   0.000E+00   0.000E+00   3.722E+01   8.521E-07   0.000E+00   3   8.152E+03  1   0.000E+00   0.000E+00   0.000E+00
    103  2.29234940806E+05   1.582E+03   1.582E+03   0.000E+00   1.395E+05   2.482E-06   2.183E+01  1.00050E-03   0.000E+00   0.000E+00   3.758E+01   8.517E-07   0.000E+00   3   8.728E+03  1   0.000E+00   0.000E+00   0.000E+00
    104  2.38572513193E+05   1.616E+03   1.616E+03   0.000E+00   1.531E+05   2.667E-06   2.138E+01  1.00050E-03   0.000E+00   0.000E+00   3.781E+01   8.372E-07   0.000E+00   2   9.338E+03  1   0.000E+00   0.000E+00   0.000E+00
    105  2.46042571103E+05   1.645E+03   1.645E+03   0.000E+00   1.653E+05   2.828E-06   2.100E+01  1.00050E-03   0.000E+00   0.000E+00   3.791E+01   8.159E-07   0.000E+00   2   7.470E+03  1   0.000E+00   0.000E+00   0.000E+00
    106  2.54259634803E+05   1.675E+03   1.675E+03   0.000E+00   1.789E+05   3.006E-06   2.062E+01  1.00050E-03   0.000E+00   0.000E+00   3.805E+01   7.980E-07   0.000E+00   2   8.217E+03  1   0.000E+00   0.000E+00   0.000E+00
    107  2.63298404874E+05   1.710E+03   1.710E+03   0.000E+00   1.950E+05   3.211E-06   2.023E+01  1.00050E-03   0.000E+00   0.000E+00   3.827E+01   7.860E-07   0.000E+00   2   9.039E+03  1   0.000E+00   0.000E+00   0.000E+00
    108  2.73127173124E+05   1.742E+03   1.742E+03   0.000E+00   2.135E+05   3.449E-06   1.983E+01  1.00050E-03   0.000E+00   0.000E+00   3.855E+01   7.782E-07   0.000E+00   4   9.829E+03  1   0.000E+00   0.000E+00   0.000E+00
    109  2.83489368954E+05   1.762E+03   1.762E+03   0.000E+00   2.345E+05   3.748E-06   1.942E+01  1.00050E-03   0.000E+00   0.000E+00   3.874E+01   7.613E-07   0.000E+00   7   1.036E+04  1   0.000E+00   0.000E+00   0.000E+00
    110  2.93851564783E+05   1.774E+03   1.774E+03   0.000E+00   2.583E+05   4.099E-06   1.903E+01  1.00050E-03   0.000E+00   0.000E+00   3.892E+01   7.443E-07   0.000E+00   5   1.036E+04  1   0.000E+00   0.000E+00   0.000E+00
    111  3.04213760613E+05   1.783E+03   1.783E+03   0.000E+00   2.854E+05   4.507E-06   1.868E+01  1.00050E-03   0.000E+00   0.000E+00   3.917E+01   7.358E-07   0.000E+00   5   1.036E+04  1   0.000E+00   0.000E+00   0.000E+00
    112  3.14575956443E+05   1.790E+03   1.790E+03   0.000E+00   3.164E+05   4.975E-06   1.834E+01  1.00050E-03   0.000E+00   0.000E+00   3.933E+01   7.210E-07   0.000E+00   4   1.036E+04  1   0.000E+00   0.000E+00   0.000E+00
    113  3.25974371856E+05   1.799E+03   1.799E+03   0.000E+00   3.551E+05   5.558E-06   1.802E+01  1.00050E-03   0.000E+00   0.000E+00   3.952E+01   7.093E-07   0.000E+00   4   1.140E+04  1   0.000E+00   0.000E+00   0.000E+00
    114  3.38300389900E+05   1.809E+03   1.809E+03   0.000E+00   4.042E+05   6.289E-06   1.773E+01  1.00050E-03   0.000E+00   0.000E+00   3.989E+01   7.133E-07   0.000E+00   4   1.233E+04  1   0.000E+00   0.000E+00   0.000E+00
    115  3.51386751456E+05   1.823E+03   1.823E+03   0.000E+00   4.657E+05   7.194E-06   1.746E+01  1.00050E-03   0.000E+00   0.000E+00   4.009E+01   7.057E-07   0.000E+00   4   1.309E+04  1   0.000E+00   0.000E+00   0.000E+00
    116  3.61855840702E+05   1.837E+03   1.837E+03   0.000E+00   5.268E+05   8.072E-06   1.727E+01  1.00050E-03   0.000E+00   0.000E+00   4.019E+01   6.974E-07   0.000E+00   3   1.047E+04  1   0.000E+00   0.000E+00   0.000E+00
    117  3.73371838871E+05   1.856E+03   1.856E+03   0.000E+00   6.077E+05   9.214E-06   1.714E+01  1.00050E-03   0.000E+00   0.000E+00   4.060E+01   7.154E-07   0.000E+00   3   1.152E+04  1   0.000E+00   0.000E+00   0.000E+00
    118  3.85775232367E+05   1.880E+03   1.880E+03   0.000E+00   7.118E+05   1.066E-05   1.703E+01  1.00050E-03   0.000E+00   0.000E+00   4.071E+01   7.141E-07   0.000E+00   4   1.240E+04  1   0.000E+00   0.000E+00   0.000E+00
    119  3.95697947163E+05   1.904E+03   1.904E+03   0.000E+00   8.191E+05   1.211E-05   1.700E+01  1.00050E-03   0.000E+00   0.000E+00   4.097E+01   7.300E-07   0.000E+00   4   9.923E+03  1   0.000E+00   0.000E+00   0.000E+00
    120  4.06612933439E+05   1.935E+03   1.935E+03   0.000E+00   9.631E+05   1.401E-05   1.704E+01  1.00050E-03   0.000E+00   0.000E+00   4.120E+01   7.496E-07   0.000E+00   4   1.091E+04  1   0.000E+00   0.000E+00   0.000E+00
    121  4.15344922459E+05   1.967E+03   1.967E+03   0.000E+00   1.113E+06   1.593E-05   1.712E+01  1.00050E-03   0.000E+00   0.000E+00   4.142E+01   7.731E-07   0.000E+00   4   8.732E+03  1   0.000E+00   0.000E+00   0.000E+00
    122  4.24778105081E+05   2.007E+03   2.007E+03   0.000E+00   1.312E+06   1.840E-05   1.729E+01  1.00050E-03   0.000E+00   0.000E+00   4.156E+01   7.989E-07   0.000E+00   5   9.433E+03  1   0.000E+00   0.000E+00   0.000E+00
    123  4.32324651177E+05   2.048E+03   2.048E+03   0.000E+00   1.523E+06   2.092E-05   1.749E+01  1.00050E-03   0.000E+00   0.000E+00   4.180E+01   8.370E-07   0.000E+00   4   7.547E+03  1   0.000E+00   0.000E+00   0.000E+00
    124  4.39917634507E+05   2.098E+03   2.098E+03   0.000E+00   1.786E+06   2.396E-05   1.778E+01  1.00050E-03   0.000E+00   0.000E+00   4.193E+01   8.758E-07   0.000E+00   5   7.593E+03  1   0.000E+00   0.000E+00   0.000E+00
    125  4.45992021170E+05   2.149E+03   2.149E+03   0.000E+00   2.066E+06   2.704E-05   1.808E+01  1.00050E-03   0.000E+00   0.000E+00   4.197E+01   9.096E-07   0.000E+00   4   6.074E+03  1   0.000E+00   0.000E+00   0.000E+00
    126  4.50851530501E+05   2.199E+03   2.199E+03   0.000E+00   2.355E+06   3.011E-05   1.842E+01  1.00050E-03   0.000E+00   0.000E+00   4.227E+01   9.707E-07   0.000E+00   4   4.860E+03  1   0.000E+00   0.000E+00   0.000E+00
    127  4.55865591261E+05   2.259E+03   2.259E+03   0.000E+00   2.719E+06   3.385E-05   1.882E+01  1.00050E-03   0.000E+00   0.000E+00   4.214E+01   1.001E-06   0.000E+00   5   5.014E+03  1   0.000E+00   0.000E+00   0.000E+00
    128  4.59876839869E+05   2.319E+03   2.319E+03   0.000E+00   3.116E+06   3.776E-05   1.925E+01  1.00050E-03   0.000E+00   0.000E+00   4.228E+01   1.062E-06   0.000E+00   4   4.011E+03  1   0.000E+00   0.000E+00   0.000E+00
    129  4.63085838755E+05   2.377E+03   2.377E+03   0.000E+00   3.539E+06   4.180E-05   1.968E+01  1.00050E-03   0.000E+00   0.000E+00   4.247E+01   1.129E-06   0.000E+00   4   3.209E+03  1   0.000E+00   0.000E+00   0.000E+00
    130  4.66448040073E+05   2.446E+03   2.446E+03   0.000E+00   4.105E+06   4.703E-05   2.024E+01  1.00050E-03   0.000E+00   0.000E+00   4.239E+01   1.185E-06   0.000E+00   4   3.362E+03  1   0.000E+00   0.000E+00   0.000E+00
    131  4.69137801128E+05   2.521E+03   2.521E+03   0.000E+00   4.775E+06   5.302E-05   2.084E+01  1.00050E-03   0.000E+00   0.000E+00   4.253E+01   1.273E-06   0.000E+00   4   2.690E+03  1   0.000E+00   0.000E+00   0.000E+00
    132  4.71289609972E+05   2.603E+03   2.603E+03   0.000E+00   5.604E+06   6.021E-05   2.143E+01  1.00050E-03   0.000E+00   0.000E+00   4.238E+01   1.327E-06   0.000E+00   4   2.152E+03  1   0.000E+00   0.000E+00   0.000E+00
    133  4.73011057047E+05   4.662E+04   4.662E+04   0.000E+00   5.600E+12   1.092E+00   2.850E-01  1.00050E-03   0.000E+00   0.000E+00   1.683E+02   5.836E-08   0.000E+00   4   1.721E+03  1   0.000E+00   0.000E+00   0.000E+00
