      1  1.00000000000E+01   6.527E+02   6.527E+02   0.000E+00   2.752E+01   1.187E-09   5.448E+02  1.10055E-02   0.000E+00   0.000E+00   4.497E+01   1.087E-03   0.000E+00  34   1.000E+01  1   0.000E+00   0.000E+00   0.000E+00
      2  1.40874312540E+01   6.540E+02   6.540E+02   0.000E+00   2.776E+01   1.195E-09   5.358E+02  1.10055E-02   0.000E+00   0.000E+00   4.328E+01   9.026E-04   0.000E+00  16   4.087E+00  1   0.000E+00   0.000E+00   0.000E+00
      3  1.73573762572E+01   6.548E+02   6.548E+02   0.000E+00   2.791E+01   1.201E-09   5.304E+02  1.10055E-02   0.000E+00   0.000E+00   4.227E+01   8.046E-04   0.000E+00   4   3.270E+00  1   0.000E+00   0.000E+00   0.000E+00
      4  2.09543157607E+01   6.559E+02   6.559E+02   0.000E+00   2.813E+01   1.208E-09   5.256E+02  1.10055E-02   0.000E+00   0.000E+00   4.141E+01   7.281E-04   0.000E+00   3   3.597E+00  1   0.000E+00   0.000E+00   0.000E+00
      5  2.49109492146E+01   6.572E+02   6.572E+02   0.000E+00   2.837E+01   1.215E-09   5.215E+02  1.10055E-02   0.000E+00   0.000E+00   4.067E+01   6.671E-04   0.000E+00   2   3.957E+00  1   0.000E+00   0.000E+00   0.000E+00
      6  2.92632460138E+01   6.580E+02   6.580E+02   0.000E+00   2.855E+01   1.221E-09   5.183E+02  1.10055E-02   0.000E+00   0.000E+00   4.003E+01   6.183E-04   0.000E+00   3   4.352E+00  1   0.000E+00   0.000E+00   0.000E+00
      7  3.40507724930E+01   6.588E+02   6.588E+02   0.000E+00   2.873E+01   1.228E-09   5.155E+02  1.10055E-02   0.000E+00   0.000E+00   3.948E+01   5.787E-04   0.000E+00   2   4.788E+00  1   0.000E+00   0.000E+00   0.000E+00
      8  4.17108148597E+01   6.603E+02   6.603E+02   0.000E+00   2.903E+01   1.238E-09   5.124E+02  1.10055E-02   0.000E+00   0.000E+00   3.886E+01   5.366E-04   0.000E+00   2   7.660E+00  1   0.000E+00   0.000E+00   0.000E+00
      9  5.01368614630E+01   6.620E+02   6.620E+02   0.000E+00   2.939E+01   1.250E-09   5.101E+02  1.10055E-02   0.000E+00   0.000E+00   3.840E+01   5.069E-04   0.000E+00   3   8.426E+00  1   0.000E+00   0.000E+00   0.000E+00
     10  5.94055127267E+01   6.635E+02   6.635E+02   0.000E+00   2.974E+01   1.262E-09   5.087E+02  1.10055E-02   0.000E+00   0.000E+00   3.809E+01   4.880E-04   0.000E+00   3   9.269E+00  1   0.000E+00   0.000E+00   0.000E+00
     11  6.96010291168E+01   6.652E+02   6.652E+02   0.000E+00   3.011E+01   1.275E-09   5.079E+02  1.10055E-02   0.000E+00   0.000E+00   3.791E+01   4.778E-04   0.000E+00   2   1.020E+01  1   0.000E+00   0.000E+00   0.000E+00
     12  8.59138553408E+01   6.680E+02   6.680E+02   0.000E+00   3.074E+01   1.296E-09   5.075E+02  1.10055E-02   0.000E+00   0.000E+00   3.788E+01   4.752E-04   0.000E+00   2   1.631E+01  1   0.000E+00   0.000E+00   0.000E+00
     13  1.03857964187E+02   6.712E+02   6.712E+02   0.000E+00   3.147E+01   1.320E-09   5.074E+02  1.10055E-02   0.000E+00   0.000E+00   3.799E+01   4.805E-04   0.000E+00   2   1.794E+01  1   0.000E+00   0.000E+00   0.000E+00
     14  1.23596483918E+02   6.747E+02   6.747E+02   0.000E+00   3.228E+01   1.347E-09   5.075E+02  1.10055E-02   0.000E+00   0.000E+00   3.817E+01   4.899E-04   0.000E+00   2   1.974E+01  1   0.000E+00   0.000E+00   0.000E+00
     15  1.45308855623E+02   6.788E+02   6.788E+02   0.000E+00   3.321E+01   1.377E-09   5.076E+02  1.10055E-02   0.000E+00   0.000E+00   3.842E+01   5.030E-04   0.000E+00   2   2.171E+01  1   0.000E+00   0.000E+00   0.000E+00
     16  1.69192464497E+02   6.835E+02   6.835E+02   0.000E+00   3.427E+01   1.412E-09   5.076E+02  1.10055E-02   0.000E+00   0.000E+00   3.873E+01   5.193E-04   0.000E+00   2   2.388E+01  1   0.000E+00   0.000E+00   0.000E+00
     17  1.95464434260E+02   6.888E+02   6.888E+02   0.000E+00   3.550E+01   1.452E-09   5.073E+02  1.10055E-02   0.000E+00   0.000E+00   3.906E+01   5.370E-04   0.000E+00   2   2.627E+01  1   0.000E+00   0.000E+00   0.000E+00
     18  2.24363600998E+02   6.950E+02   6.950E+02   0.000E+00   3.695E+01   1.497E-09   5.064E+02  1.10055E-02   0.000E+00   0.000E+00   3.941E+01   5.543E-04   0.000E+00   2   2.890E+01  1   0.000E+00   0.000E+00   0.000E+00
     19  2.56152684410E+02   7.020E+02   7.020E+02   0.000E+00   3.861E+01   1.549E-09   5.053E+02  1.10055E-02   0.000E+00   0.000E+00   3.979E+01   5.737E-04   0.000E+00   2   3.179E+01  1   0.000E+00   0.000E+00   0.000E+00
     20  2.91120676164E+02   7.099E+02   7.099E+02   0.000E+00   4.050E+01   1.606E-09   5.035E+02  1.10055E-02   0.000E+00   0.000E+00   4.019E+01   5.928E-04   0.000E+00   2   3.497E+01  1   0.000E+00   0.000E+00   0.000E+00
     21  3.29585467092E+02   7.188E+02   7.188E+02   0.000E+00   4.269E+01   1.672E-09   5.010E+02  1.10055E-02   0.000E+00   0.000E+00   4.057E+01   6.097E-04   0.000E+00   2   3.846E+01  1   0.000E+00   0.000E+00   0.000E+00
     22  3.71896737114E+02   7.289E+02   7.289E+02   0.000E+00   4.523E+01   1.747E-09   4.978E+02  1.10055E-02   0.000E+00   0.000E+00   4.099E+01   6.267E-04   0.000E+00   2   4.231E+01  1   0.000E+00   0.000E+00   0.000E+00
     23  4.18439134138E+02   7.400E+02   7.400E+02   0.000E+00   4.817E+01   1.833E-09   4.938E+02  1.10055E-02   0.000E+00   0.000E+00   4.139E+01   6.413E-04   0.000E+00   2   4.654E+01  1   0.000E+00   0.000E+00   0.000E+00
     24  4.69635770864E+02   7.522E+02   7.522E+02   0.000E+00   5.156E+01   1.930E-09   4.889E+02  1.10055E-02   0.000E+00   0.000E+00   4.178E+01   6.526E-04   0.000E+00   2   5.120E+01  1   0.000E+00   0.000E+00   0.000E+00
     25  5.25952071263E+02   7.655E+02   7.655E+02   0.000E+00   5.546E+01   2.040E-09   4.834E+02  1.10055E-02   0.000E+00   0.000E+00   4.219E+01   6.634E-04   0.000E+00   3   5.632E+01  1   0.000E+00   0.000E+00   0.000E+00
     26  5.87900001701E+02   7.801E+02   7.801E+02   0.000E+00   6.001E+01   2.166E-09   4.771E+02  1.10055E-02   0.000E+00   0.000E+00   4.259E+01   6.713E-04   0.000E+00   2   6.195E+01  1   0.000E+00   0.000E+00   0.000E+00
     27  6.56042725184E+02   7.961E+02   7.961E+02   0.000E+00   6.533E+01   2.310E-09   4.701E+02  1.10055E-02   0.000E+00   0.000E+00   4.300E+01   6.770E-04   0.000E+00   2   6.814E+01  1   0.000E+00   0.000E+00   0.000E+00
     28  7.29008000804E+02   8.128E+02   8.128E+02   0.000E+00   7.130E+01   2.470E-09   4.627E+02  1.10055E-02   0.000E+00   0.000E+00   4.343E+01   6.825E-04   0.000E+00   3   7.297E+01  1   0.000E+00   0.000E+00   0.000E+00
     29  8.04597520395E+02   8.303E+02   8.303E+02   0.000E+00   7.801E+01   2.645E-09   4.551E+02  1.10055E-02   0.000E+00   0.000E+00   4.384E+01   6.856E-04   0.000E+00   2   7.559E+01  1   0.000E+00   0.000E+00   0.000E+00
     30  8.80510791562E+02   8.481E+02   8.481E+02   0.000E+00   8.531E+01   2.832E-09   4.475E+02  1.10055E-02   0.000E+00   0.000E+00   4.426E+01   6.889E-04   0.000E+00   2   7.591E+01  1   0.000E+00   0.000E+00   0.000E+00
     31  9.57934758849E+02   8.660E+02   8.660E+02   0.000E+00   9.325E+01   3.031E-09   4.400E+02  1.10055E-02   0.000E+00   0.000E+00   4.468E+01   6.916E-04   0.000E+00   2   7.742E+01  1   0.000E+00   0.000E+00   0.000E+00
     32  1.03696062347E+03   8.844E+02   8.844E+02   0.000E+00   1.019E+02   3.244E-09   4.325E+02  1.10055E-02   0.000E+00   0.000E+00   4.510E+01   6.936E-04   0.000E+00   2   7.903E+01  1   0.000E+00   0.000E+00   0.000E+00
     33  1.11734245047E+03   9.031E+02   9.031E+02   0.000E+00   1.114E+02   3.472E-09   4.251E+02  1.10055E-02   0.000E+00   0.000E+00   4.552E+01   6.954E-04   0.000E+00   2   8.038E+01  1   0.000E+00   0.000E+00   0.000E+00
     34  1.19893664761E+03   9.224E+02   9.224E+02   0.000E+00   1.217E+02   3.716E-09   4.177E+02  1.10055E-02   0.000E+00   0.000E+00   4.596E+01   6.976E-04   0.000E+00   2   8.159E+01  1   0.000E+00   0.000E+00   0.000E+00
     35  1.28132299270E+03   9.422E+02   9.422E+02   0.000E+00   1.330E+02   3.975E-09   4.104E+02  1.10055E-02   0.000E+00   0.000E+00   4.639E+01   6.991E-04   0.000E+00   2   8.239E+01  1   0.000E+00   0.000E+00   0.000E+00
     36  1.36400007939E+03   9.624E+02   9.624E+02   0.000E+00   1.452E+02   4.248E-09   4.032E+02  1.10055E-02   0.000E+00   0.000E+00   4.682E+01   7.000E-04   0.000E+00   2   8.268E+01  1   0.000E+00   0.000E+00   0.000E+00
     37  1.44705468793E+03   9.830E+02   9.830E+02   0.000E+00   1.584E+02   4.535E-09   3.961E+02  1.10055E-02   0.000E+00   0.000E+00   4.727E+01   7.019E-04   0.000E+00   2   8.305E+01  1   0.000E+00   0.000E+00   0.000E+00
     38  1.53095993122E+03   1.004E+03   1.004E+03   0.000E+00   1.725E+02   4.838E-09   3.892E+02  1.10055E-02   0.000E+00   0.000E+00   4.770E+01   7.026E-04   0.000E+00   2   8.391E+01  1   0.000E+00   0.000E+00   0.000E+00
     39  1.61560397322E+03   1.025E+03   1.025E+03   0.000E+00   1.879E+02   5.157E-09   3.823E+02  1.10055E-02   0.000E+00   0.000E+00   4.812E+01   7.027E-04   0.000E+00   2   8.464E+01  1   0.000E+00   0.000E+00   0.000E+00
     40  1.70171593052E+03   1.047E+03   1.047E+03   0.000E+00   2.045E+02   5.496E-09   3.756E+02  1.10055E-02   0.000E+00   0.000E+00   4.857E+01   7.033E-04   0.000E+00   2   8.611E+01  1   0.000E+00   0.000E+00   0.000E+00
     41  1.78975221704E+03   1.070E+03   1.070E+03   0.000E+00   2.225E+02   5.856E-09   3.688E+02  1.10055E-02   0.000E+00   0.000E+00   4.901E+01   7.033E-04   0.000E+00   2   8.804E+01  1   0.000E+00   0.000E+00   0.000E+00
     42  1.87964366333E+03   1.092E+03   1.092E+03   0.000E+00   2.422E+02   6.241E-09   3.621E+02  1.10055E-02   0.000E+00   0.000E+00   4.945E+01   7.026E-04   0.000E+00   2   8.989E+01  1   0.000E+00   0.000E+00   0.000E+00
     43  1.97139239572E+03   1.116E+03   1.116E+03   0.000E+00   2.636E+02   6.652E-09   3.554E+02  1.10055E-02   0.000E+00   0.000E+00   4.990E+01   7.018E-04   0.000E+00   2   9.175E+01  1   0.000E+00   0.000E+00   0.000E+00
     44  2.06504774690E+03   1.139E+03   1.139E+03   0.000E+00   2.870E+02   7.090E-09   3.488E+02  1.10055E-02   0.000E+00   0.000E+00   5.035E+01   7.005E-04   0.000E+00   2   9.366E+01  1   0.000E+00   0.000E+00   0.000E+00
     45  2.16047606466E+03   1.164E+03   1.164E+03   0.000E+00   3.124E+02   7.556E-09   3.422E+02  1.10055E-02   0.000E+00   0.000E+00   5.080E+01   6.990E-04   0.000E+00   2   9.543E+01  1   0.000E+00   0.000E+00   0.000E+00
     46  2.25748650594E+03   1.189E+03   1.189E+03   0.000E+00   3.400E+02   8.051E-09   3.357E+02  1.10055E-02   0.000E+00   0.000E+00   5.126E+01   6.970E-04   0.000E+00   2   9.701E+01  1   0.000E+00   0.000E+00   0.000E+00
     47  2.35493017060E+03   1.214E+03   1.214E+03   0.000E+00   3.698E+02   8.572E-09   3.292E+02  1.10055E-02   0.000E+00   0.000E+00   5.170E+01   6.942E-04   0.000E+00   2   9.744E+01  1   0.000E+00   0.000E+00   0.000E+00
     48  2.45369053670E+03   1.240E+03   1.240E+03   0.000E+00   4.020E+02   9.122E-09   3.229E+02  1.10055E-02   0.000E+00   0.000E+00   5.215E+01   6.913E-04   0.000E+00   2   9.876E+01  1   0.000E+00   0.000E+00   0.000E+00
     49  2.55479026454E+03   1.267E+03   1.267E+03   0.000E+00   4.366E+02   9.705E-09   3.167E+02  1.10055E-02   0.000E+00   0.000E+00   5.261E+01   6.883E-04   0.000E+00   3   1.011E+02  1   0.000E+00   0.000E+00   0.000E+00
     50  2.65907790914E+03   1.294E+03   1.294E+03   0.000E+00   4.752E+02   1.034E-08   3.104E+02  1.10055E-02   0.000E+00   0.000E+00   5.306E+01   6.845E-04   0.000E+00   2   1.043E+02  1   0.000E+00   0.000E+00   0.000E+00
     51  2.76451518599E+03   1.321E+03   1.321E+03   0.000E+00   5.166E+02   1.101E-08   3.043E+02  1.10055E-02   0.000E+00   0.000E+00   5.351E+01   6.802E-04   0.000E+00   3   1.054E+02  1   0.000E+00   0.000E+00   0.000E+00
     52  2.87359662103E+03   1.348E+03   1.348E+03   0.000E+00   5.624E+02   1.174E-08   2.981E+02  1.10055E-02   0.000E+00   0.000E+00   5.397E+01   6.757E-04   0.000E+00   3   1.091E+02  1   0.000E+00   0.000E+00   0.000E+00
     53  2.98535705547E+03   1.375E+03   1.375E+03   0.000E+00   6.125E+02   1.254E-08   2.920E+02  1.10055E-02   0.000E+00   0.000E+00   5.444E+01   6.710E-04   0.000E+00   3   1.118E+02  1   0.000E+00   0.000E+00   0.000E+00
     54  3.10009356025E+03   1.402E+03   1.402E+03   0.000E+00   6.678E+02   1.341E-08   2.859E+02  1.10055E-02   0.000E+00   0.000E+00   5.490E+01   6.658E-04   0.000E+00   3   1.147E+02  1   0.000E+00   0.000E+00   0.000E+00
     55  3.21738465862E+03   1.428E+03   1.428E+03   0.000E+00   7.290E+02   1.438E-08   2.799E+02  1.10055E-02   0.000E+00   0.000E+00   5.537E+01   6.601E-04   0.000E+00   3   1.173E+02  1   0.000E+00   0.000E+00   0.000E+00
     56  3.33709878372E+03   1.450E+03   1.450E+03   0.000E+00   7.954E+02   1.544E-08   2.741E+02  1.10055E-02   0.000E+00   0.000E+00   5.583E+01   6.543E-04   0.000E+00   4   1.197E+02  1   0.000E+00   0.000E+00   0.000E+00
     57  3.46011214157E+03   1.471E+03   1.471E+03   0.000E+00   8.704E+02   1.666E-08   2.683E+02  1.10055E-02   0.000E+00   0.000E+00   5.630E+01   6.481E-04   0.000E+00   3   1.230E+02  1   0.000E+00   0.000E+00   0.000E+00
     58  3.58380224758E+03   1.488E+03   1.488E+03   0.000E+00   9.529E+02   1.803E-08   2.627E+02  1.10055E-02   0.000E+00   0.000E+00   5.676E+01   6.417E-04   0.000E+00   3   1.237E+02  1   0.000E+00   0.000E+00   0.000E+00
     59  3.71192516916E+03   1.504E+03   1.504E+03   0.000E+00   1.047E+03   1.959E-08   2.571E+02  1.10055E-02   0.000E+00   0.000E+00   5.722E+01   6.350E-04   0.000E+00   3   1.281E+02  1   0.000E+00   0.000E+00   0.000E+00
     60  3.84527292902E+03   1.520E+03   1.520E+03   0.000E+00   1.155E+03   2.141E-08   2.516E+02  1.10055E-02   0.000E+00   0.000E+00   5.768E+01   6.278E-04   0.000E+00   3   1.333E+02  1   0.000E+00   0.000E+00   0.000E+00
     61  3.98388397875E+03   1.535E+03   1.535E+03   0.000E+00   1.281E+03   2.352E-08   2.462E+02  1.10055E-02   0.000E+00   0.000E+00   5.814E+01   6.205E-04   0.000E+00   3   1.386E+02  1   0.000E+00   0.000E+00   0.000E+00
     62  4.12787084354E+03   1.550E+03   1.550E+03   0.000E+00   1.430E+03   2.597E-08   2.409E+02  1.10055E-02   0.000E+00   0.000E+00   5.859E+01   6.128E-04   0.000E+00   2   1.440E+02  1   0.000E+00   0.000E+00   0.000E+00
     63  4.27644535967E+03   1.566E+03   1.566E+03   0.000E+00   1.602E+03   2.880E-08   2.359E+02  1.10055E-02   0.000E+00   0.000E+00   5.902E+01   6.055E-04   0.000E+00   2   1.486E+02  1   0.000E+00   0.000E+00   0.000E+00
     64  4.43039822331E+03   1.583E+03   1.583E+03   0.000E+00   1.804E+03   3.210E-08   2.312E+02  1.10055E-02   0.000E+00   0.000E+00   5.944E+01   5.983E-04   0.000E+00   2   1.540E+02  1   0.000E+00   0.000E+00   0.000E+00
     65  4.58464774049E+03   1.603E+03   1.603E+03   0.000E+00   2.042E+03   3.590E-08   2.269E+02  1.10055E-02   0.000E+00   0.000E+00   5.987E+01   5.929E-04   0.000E+00   3   1.542E+02  1   0.000E+00   0.000E+00   0.000E+00
     66  4.70804735423E+03   1.621E+03   1.621E+03   0.000E+00   2.273E+03   3.950E-08   2.236E+02  1.10055E-02   0.000E+00   0.000E+00   6.023E+01   5.896E-04   0.000E+00   3   1.234E+02  1   0.000E+00   0.000E+00   0.000E+00
     67  4.84378692935E+03   1.643E+03   1.643E+03   0.000E+00   2.568E+03   4.400E-08   2.204E+02  1.10055E-02   0.000E+00   0.000E+00   6.062E+01   5.877E-04   0.000E+00   2   1.357E+02  1   0.000E+00   0.000E+00   0.000E+00
     68  4.98152826286E+03   1.666E+03   1.666E+03   0.000E+00   2.913E+03   4.921E-08   2.176E+02  1.10055E-02   0.000E+00   0.000E+00   6.101E+01   5.880E-04   0.000E+00   3   1.377E+02  1   0.000E+00   0.000E+00   0.000E+00
     69  5.12584877710E+03   1.689E+03   1.689E+03   0.000E+00   3.337E+03   5.558E-08   2.154E+02  1.10055E-02   0.000E+00   0.000E+00   6.142E+01   5.918E-04   0.000E+00   3   1.443E+02  1   0.000E+00   0.000E+00   0.000E+00
     70  5.27502619377E+03   1.714E+03   1.714E+03   0.000E+00   3.874E+03   6.358E-08   2.138E+02  1.10055E-02   0.000E+00   0.000E+00   6.189E+01   6.009E-04   0.000E+00   3   1.492E+02  1   0.000E+00   0.000E+00   0.000E+00
     71  5.42712219028E+03   1.738E+03   1.738E+03   0.000E+00   4.568E+03   7.391E-08   2.130E+02  1.10055E-02   0.000E+00   0.000E+00   6.242E+01   6.172E-04   0.000E+00   3   1.521E+02  1   0.000E+00   0.000E+00   0.000E+00
     72  5.58553063443E+03   1.761E+03   1.761E+03   0.000E+00   5.519E+03   8.811E-08   2.134E+02  1.10055E-02   0.000E+00   0.000E+00   6.302E+01   6.439E-04   0.000E+00   3   1.584E+02  1   0.000E+00   0.000E+00   0.000E+00
     73  5.71225738974E+03   1.782E+03   1.782E+03   0.000E+00   6.591E+03   1.042E-07   2.148E+02  1.10055E-02   0.000E+00   0.000E+00   6.356E+01   6.747E-04   0.000E+00   3   1.267E+02  1   0.000E+00   0.000E+00   0.000E+00
     74  5.84669131781E+03   1.810E+03   1.810E+03   0.000E+00   8.251E+03   1.284E-07   2.182E+02  1.10055E-02   0.000E+00   0.000E+00   6.413E+01   7.218E-04   0.000E+00   4   1.344E+02  1   0.000E+00   0.000E+00   0.000E+00
     75  5.95423846027E+03   1.850E+03   1.850E+03   0.000E+00   1.035E+04   1.575E-07   2.232E+02  1.10055E-02   0.000E+00   0.000E+00   6.456E+01   7.756E-04   0.000E+00   7   1.075E+02  1   0.000E+00   0.000E+00   0.000E+00
     76  6.02328755296E+03   1.898E+03   1.898E+03   0.000E+00   1.256E+04   1.861E-07   2.280E+02  1.10055E-02   0.000E+00   0.000E+00   6.481E+01   8.217E-04   0.000E+00   8   6.905E+01  1   0.000E+00   0.000E+00   0.000E+00
     77  6.06589278074E+03   1.948E+03   1.948E+03   0.000E+00   1.482E+04   2.136E-07   2.320E+02  1.10055E-02   0.000E+00   0.000E+00   6.493E+01   8.571E-04   0.000E+00   8   4.261E+01  1   0.000E+00   0.000E+00   0.000E+00
     78  6.09564572381E+03   2.003E+03   2.003E+03   0.000E+00   1.748E+04   2.445E-07   2.356E+02  1.10055E-02   0.000E+00   0.000E+00   6.497E+01   8.867E-04   0.000E+00   8   2.975E+01  1   0.000E+00   0.000E+00   0.000E+00
     79  6.11734114165E+03   2.072E+03   2.072E+03   0.000E+00   2.137E+04   2.882E-07   2.391E+02  1.10055E-02   0.000E+00   0.000E+00   6.496E+01   9.122E-04   0.000E+00   8   2.170E+01  1   0.000E+00   0.000E+00   0.000E+00
     80  6.13129150988E+03   2.510E+05   2.510E+05   0.000E+00   8.435E+13   2.672E+00   3.700E-01  1.10055E-02   0.000E+00   0.000E+00   2.708E+03   6.596E-03   0.000E+00  12   1.395E+01  1   0.000E+00   0.000E+00   0.000E+00
