      1  1.00000000000E+01   6.315E+02   6.315E+02   0.000E+00   1.184E+02   5.280E-09   2.679E+02  5.00251E-03   0.000E+00   0.000E+00   4.020E+01   1.679E-04   0.000E+00  57   1.000E+01  1   0.000E+00   0.000E+00   0.000E+00
      2  1.48930474121E+01   6.319E+02   6.319E+02   0.000E+00   1.188E+02   5.295E-09   2.648E+02  5.00251E-03   0.000E+00   0.000E+00   3.909E+01   1.468E-04   0.000E+00  30   4.893E+00  1   0.000E+00   0.000E+00   0.000E+00
      3  1.88074853417E+01   6.322E+02   6.322E+02   0.000E+00   1.191E+02   5.306E-09   2.629E+02  5.00251E-03   0.000E+00   0.000E+00   3.845E+01   1.353E-04   0.000E+00   4   3.914E+00  1   0.000E+00   0.000E+00   0.000E+00
      4  2.31133670643E+01   6.327E+02   6.327E+02   0.000E+00   1.196E+02   5.321E-09   2.610E+02  5.00251E-03   0.000E+00   0.000E+00   3.789E+01   1.259E-04   0.000E+00   3   4.306E+00  1   0.000E+00   0.000E+00   0.000E+00
      5  2.78498369592E+01   6.333E+02   6.333E+02   0.000E+00   1.200E+02   5.337E-09   2.593E+02  5.00251E-03   0.000E+00   0.000E+00   3.739E+01   1.178E-04   0.000E+00   2   4.736E+00  1   0.000E+00   0.000E+00   0.000E+00
      6  3.54281887910E+01   6.339E+02   6.339E+02   0.000E+00   1.206E+02   5.355E-09   2.572E+02  5.00251E-03   0.000E+00   0.000E+00   3.677E+01   1.084E-04   0.000E+00   2   7.578E+00  1   0.000E+00   0.000E+00   0.000E+00
      7  4.37643758060E+01   6.343E+02   6.343E+02   0.000E+00   1.210E+02   5.370E-09   2.555E+02  5.00251E-03   0.000E+00   0.000E+00   3.623E+01   1.007E-04   0.000E+00   3   8.336E+00  1   0.000E+00   0.000E+00   0.000E+00
      8  5.29341815224E+01   6.348E+02   6.348E+02   0.000E+00   1.215E+02   5.388E-09   2.538E+02  5.00251E-03   0.000E+00   0.000E+00   3.576E+01   9.445E-05   0.000E+00   2   9.170E+00  1   0.000E+00   0.000E+00   0.000E+00
      9  6.76058706688E+01   6.358E+02   6.358E+02   0.000E+00   1.224E+02   5.420E-09   2.519E+02  5.00251E-03   0.000E+00   0.000E+00   3.523E+01   8.762E-05   0.000E+00   2   1.467E+01  1   0.000E+00   0.000E+00   0.000E+00
     10  8.37447287298E+01   6.371E+02   6.371E+02   0.000E+00   1.235E+02   5.457E-09   2.503E+02  5.00251E-03   0.000E+00   0.000E+00   3.483E+01   8.264E-05   0.000E+00   3   1.614E+01  1   0.000E+00   0.000E+00   0.000E+00
     11  1.01497472597E+02   6.381E+02   6.381E+02   0.000E+00   1.244E+02   5.489E-09   2.491E+02  5.00251E-03   0.000E+00   0.000E+00   3.454E+01   7.918E-05   0.000E+00   3   1.775E+01  1   0.000E+00   0.000E+00   0.000E+00
     12  1.21025490851E+02   6.392E+02   6.392E+02   0.000E+00   1.254E+02   5.524E-09   2.481E+02  5.00251E-03   0.000E+00   0.000E+00   3.435E+01   7.679E-05   0.000E+00   2   1.953E+01  1   0.000E+00   0.000E+00   0.000E+00
     13  1.52270320057E+02   6.410E+02   6.410E+02   0.000E+00   1.270E+02   5.580E-09   2.470E+02  5.00251E-03   0.000E+00   0.000E+00   3.419E+01   7.472E-05   0.000E+00   2   3.124E+01  1   0.000E+00   0.000E+00   0.000E+00
     14  2.02262046786E+02   6.441E+02   6.441E+02   0.000E+00   1.297E+02   5.672E-09   2.456E+02  5.00251E-03   0.000E+00   0.000E+00   3.410E+01   7.307E-05   0.000E+00   2   4.999E+01  1   0.000E+00   0.000E+00   0.000E+00
     15  2.57252946189E+02   6.475E+02   6.475E+02   0.000E+00   1.327E+02   5.769E-09   2.443E+02  5.00251E-03   0.000E+00   0.000E+00   3.410E+01   7.231E-05   0.000E+00   3   5.499E+01  1   0.000E+00   0.000E+00   0.000E+00
     16  3.17742935532E+02   6.510E+02   6.510E+02   0.000E+00   1.358E+02   5.873E-09   2.432E+02  5.00251E-03   0.000E+00   0.000E+00   3.415E+01   7.206E-05   0.000E+00   2   6.049E+01  1   0.000E+00   0.000E+00   0.000E+00
     17  3.84281923809E+02   6.548E+02   6.548E+02   0.000E+00   1.393E+02   5.987E-09   2.420E+02  5.00251E-03   0.000E+00   0.000E+00   3.422E+01   7.194E-05   0.000E+00   1   6.654E+01  1   0.000E+00   0.000E+00   0.000E+00
     18  4.57474810914E+02   6.592E+02   6.592E+02   0.000E+00   1.431E+02   6.115E-09   2.406E+02  5.00251E-03   0.000E+00   0.000E+00   3.429E+01   7.174E-05   0.000E+00   2   7.319E+01  1   0.000E+00   0.000E+00   0.000E+00
     19  5.37986986730E+02   6.641E+02   6.641E+02   0.000E+00   1.476E+02   6.261E-09   2.390E+02  5.00251E-03   0.000E+00   0.000E+00   3.436E+01   7.141E-05   0.000E+00   2   8.051E+01  1   0.000E+00   0.000E+00   0.000E+00
     20  6.26550380127E+02   6.694E+02   6.694E+02   0.000E+00   1.527E+02   6.420E-09   2.373E+02  5.00251E-03   0.000E+00   0.000E+00   3.442E+01   7.080E-05   0.000E+00   2   8.856E+01  1   0.000E+00   0.000E+00   0.000E+00
     21  7.23970112864E+02   6.752E+02   6.752E+02   0.000E+00   1.581E+02   6.594E-09   2.356E+02  5.00251E-03   0.000E+00   0.000E+00   3.449E+01   7.038E-05   0.000E+00   3   9.742E+01  1   0.000E+00   0.000E+00   0.000E+00
     22  8.31131818874E+02   6.814E+02   6.814E+02   0.000E+00   1.642E+02   6.783E-09   2.338E+02  5.00251E-03   0.000E+00   0.000E+00   3.458E+01   7.007E-05   0.000E+00   2   1.072E+02  1   0.000E+00   0.000E+00   0.000E+00
     23  9.49009695485E+02   6.881E+02   6.881E+02   0.000E+00   1.709E+02   6.993E-09   2.319E+02  5.00251E-03   0.000E+00   0.000E+00   3.471E+01   6.997E-05   0.000E+00   2   1.179E+02  1   0.000E+00   0.000E+00   0.000E+00
     24  1.07867535976E+03   6.955E+02   6.955E+02   0.000E+00   1.786E+02   7.230E-09   2.298E+02  5.00251E-03   0.000E+00   0.000E+00   3.480E+01   6.940E-05   0.000E+00   2   1.297E+02  1   0.000E+00   0.000E+00   0.000E+00
     25  1.22130759046E+03   7.038E+02   7.038E+02   0.000E+00   1.875E+02   7.499E-09   2.275E+02  5.00251E-03   0.000E+00   0.000E+00   3.492E+01   6.900E-05   0.000E+00   3   1.426E+02  1   0.000E+00   0.000E+00   0.000E+00
     26  1.37820304423E+03   7.126E+02   7.126E+02   0.000E+00   1.972E+02   7.791E-09   2.251E+02  5.00251E-03   0.000E+00   0.000E+00   3.504E+01   6.849E-05   0.000E+00   3   1.569E+02  1   0.000E+00   0.000E+00   0.000E+00
     27  1.55078804337E+03   7.219E+02   7.219E+02   0.000E+00   2.081E+02   8.117E-09   2.226E+02  5.00251E-03   0.000E+00   0.000E+00   3.514E+01   6.771E-05   0.000E+00   3   1.726E+02  1   0.000E+00   0.000E+00   0.000E+00
     28  1.74063154244E+03   7.323E+02   7.323E+02   0.000E+00   2.208E+02   8.489E-09   2.200E+02  5.00251E-03   0.000E+00   0.000E+00   3.533E+01   6.759E-05   0.000E+00   2   1.898E+02  1   0.000E+00   0.000E+00   0.000E+00
     29  1.94945939140E+03   7.433E+02   7.433E+02   0.000E+00   2.349E+02   8.898E-09   2.173E+02  5.00251E-03   0.000E+00   0.000E+00   3.551E+01   6.723E-05   0.000E+00   3   2.088E+02  1   0.000E+00   0.000E+00   0.000E+00
     30  2.17917002527E+03   7.551E+02   7.551E+02   0.000E+00   2.510E+02   9.356E-09   2.142E+02  5.00251E-03   0.000E+00   0.000E+00   3.560E+01   6.609E-05   0.000E+00   2   2.297E+02  1   0.000E+00   0.000E+00   0.000E+00
     31  2.43185172252E+03   7.681E+02   7.681E+02   0.000E+00   2.695E+02   9.876E-09   2.113E+02  5.00251E-03   0.000E+00   0.000E+00   3.584E+01   6.599E-05   0.000E+00   3   2.527E+02  1   0.000E+00   0.000E+00   0.000E+00
     32  2.70980158950E+03   7.820E+02   7.820E+02   0.000E+00   2.905E+02   1.046E-08   2.081E+02  5.00251E-03   0.000E+00   0.000E+00   3.605E+01   6.558E-05   0.000E+00   3   2.779E+02  1   0.000E+00   0.000E+00   0.000E+00
     33  3.01554644317E+03   7.973E+02   7.973E+02   0.000E+00   3.150E+02   1.112E-08   2.047E+02  5.00251E-03   0.000E+00   0.000E+00   3.624E+01   6.480E-05   0.000E+00   3   3.057E+02  1   0.000E+00   0.000E+00   0.000E+00
     34  3.34692552202E+03   8.135E+02   8.135E+02   0.000E+00   3.427E+02   1.186E-08   2.013E+02  5.00251E-03   0.000E+00   0.000E+00   3.646E+01   6.419E-05   0.000E+00   3   3.314E+02  1   0.000E+00   0.000E+00   0.000E+00
     35  3.69648855300E+03   8.302E+02   8.302E+02   0.000E+00   3.735E+02   1.267E-08   1.980E+02  5.00251E-03   0.000E+00   0.000E+00   3.673E+01   6.392E-05   0.000E+00   3   3.496E+02  1   0.000E+00   0.000E+00   0.000E+00
     36  4.06122898737E+03   8.475E+02   8.475E+02   0.000E+00   4.078E+02   1.355E-08   1.946E+02  5.00251E-03   0.000E+00   0.000E+00   3.697E+01   6.340E-05   0.000E+00   3   3.647E+02  1   0.000E+00   0.000E+00   0.000E+00
     37  4.43359175993E+03   8.649E+02   8.649E+02   0.000E+00   4.448E+02   1.448E-08   1.913E+02  5.00251E-03   0.000E+00   0.000E+00   3.717E+01   6.258E-05   0.000E+00   3   3.724E+02  1   0.000E+00   0.000E+00   0.000E+00
     38  4.81783143564E+03   8.830E+02   8.830E+02   0.000E+00   4.859E+02   1.549E-08   1.881E+02  5.00251E-03   0.000E+00   0.000E+00   3.752E+01   6.287E-05   0.000E+00   3   3.842E+02  1   0.000E+00   0.000E+00   0.000E+00
     39  5.21828087715E+03   9.017E+02   9.017E+02   0.000E+00   5.312E+02   1.659E-08   1.849E+02  5.00251E-03   0.000E+00   0.000E+00   3.773E+01   6.208E-05   0.000E+00   2   4.004E+02  1   0.000E+00   0.000E+00   0.000E+00
     40  5.53864043036E+03   9.171E+02   9.171E+02   0.000E+00   5.709E+02   1.753E-08   1.824E+02  5.00251E-03   0.000E+00   0.000E+00   3.795E+01   6.185E-05   0.000E+00   3   3.204E+02  1   0.000E+00   0.000E+00   0.000E+00
     41  5.89103593889E+03   9.339E+02   9.339E+02   0.000E+00   6.166E+02   1.859E-08   1.798E+02  5.00251E-03   0.000E+00   0.000E+00   3.824E+01   6.193E-05   0.000E+00   3   3.524E+02  1   0.000E+00   0.000E+00   0.000E+00
     42  6.27867099827E+03   9.527E+02   9.527E+02   0.000E+00   6.704E+02   1.981E-08   1.769E+02  5.00251E-03   0.000E+00   0.000E+00   3.853E+01   6.181E-05   0.000E+00   2   3.876E+02  1   0.000E+00   0.000E+00   0.000E+00
     43  6.68944879952E+03   9.723E+02   9.723E+02   0.000E+00   7.301E+02   2.114E-08   1.741E+02  5.00251E-03   0.000E+00   0.000E+00   3.879E+01   6.153E-05   0.000E+00   3   4.108E+02  1   0.000E+00   0.000E+00   0.000E+00
     44  7.11820817122E+03   9.927E+02   9.927E+02   0.000E+00   7.959E+02   2.257E-08   1.713E+02  5.00251E-03   0.000E+00   0.000E+00   3.908E+01   6.139E-05   0.000E+00   3   4.288E+02  1   0.000E+00   0.000E+00   0.000E+00
     45  7.55909523503E+03   1.014E+03   1.014E+03   0.000E+00   8.691E+02   2.413E-08   1.686E+02  5.00251E-03   0.000E+00   0.000E+00   3.947E+01   6.177E-05   0.000E+00   2   4.409E+02  1   0.000E+00   0.000E+00   0.000E+00
     46  8.00648532667E+03   1.036E+03   1.036E+03   0.000E+00   9.480E+02   2.576E-08   1.658E+02  5.00251E-03   0.000E+00   0.000E+00   3.971E+01   6.126E-05   0.000E+00   2   4.474E+02  1   0.000E+00   0.000E+00   0.000E+00
     47  8.45608066914E+03   1.058E+03   1.058E+03   0.000E+00   1.033E+03   2.748E-08   1.632E+02  5.00251E-03   0.000E+00   0.000E+00   4.006E+01   6.148E-05   0.000E+00   3   4.496E+02  1   0.000E+00   0.000E+00   0.000E+00
     48  8.92629147737E+03   1.081E+03   1.081E+03   0.000E+00   1.127E+03   2.936E-08   1.605E+02  5.00251E-03   0.000E+00   0.000E+00   4.039E+01   6.143E-05   0.000E+00   3   4.702E+02  1   0.000E+00   0.000E+00   0.000E+00
     49  9.39769645546E+03   1.104E+03   1.104E+03   0.000E+00   1.230E+03   3.137E-08   1.578E+02  5.00251E-03   0.000E+00   0.000E+00   4.080E+01   6.188E-05   0.000E+00   3   4.714E+02  1   0.000E+00   0.000E+00   0.000E+00
     50  9.88077073451E+03   1.128E+03   1.128E+03   0.000E+00   1.342E+03   3.351E-08   1.552E+02  5.00251E-03   0.000E+00   0.000E+00   4.108E+01   6.146E-05   0.000E+00   3   4.831E+02  1   0.000E+00   0.000E+00   0.000E+00
     51  1.03676663975E+04   1.152E+03   1.152E+03   0.000E+00   1.465E+03   3.579E-08   1.526E+02  5.00251E-03   0.000E+00   0.000E+00   4.150E+01   6.186E-05   0.000E+00   2   4.869E+02  1   0.000E+00   0.000E+00   0.000E+00
     52  1.08689566497E+04   1.177E+03   1.177E+03   0.000E+00   1.598E+03   3.822E-08   1.499E+02  5.00251E-03   0.000E+00   0.000E+00   4.191E+01   6.213E-05   0.000E+00   2   5.013E+02  1   0.000E+00   0.000E+00   0.000E+00
     53  1.13716424695E+04   1.203E+03   1.203E+03   0.000E+00   1.742E+03   4.076E-08   1.473E+02  5.00251E-03   0.000E+00   0.000E+00   4.219E+01   6.164E-05   0.000E+00   2   5.027E+02  1   0.000E+00   0.000E+00   0.000E+00
     54  1.18744811179E+04   1.229E+03   1.229E+03   0.000E+00   1.896E+03   4.345E-08   1.448E+02  5.00251E-03   0.000E+00   0.000E+00   4.258E+01   6.181E-05   0.000E+00   3   5.028E+02  1   0.000E+00   0.000E+00   0.000E+00
     55  1.23952689252E+04   1.256E+03   1.256E+03   0.000E+00   2.068E+03   4.637E-08   1.422E+02  5.00251E-03   0.000E+00   0.000E+00   4.299E+01   6.190E-05   0.000E+00   3   5.208E+02  1   0.000E+00   0.000E+00   0.000E+00
     56  1.29191030013E+04   1.283E+03   1.283E+03   0.000E+00   2.254E+03   4.946E-08   1.396E+02  5.00251E-03   0.000E+00   0.000E+00   4.337E+01   6.183E-05   0.000E+00   2   5.238E+02  1   0.000E+00   0.000E+00   0.000E+00
     57  1.34522880242E+04   1.310E+03   1.310E+03   0.000E+00   2.454E+03   5.274E-08   1.371E+02  5.00251E-03   0.000E+00   0.000E+00   4.376E+01   6.174E-05   0.000E+00   3   5.332E+02  1   0.000E+00   0.000E+00   0.000E+00
     58  1.40042715044E+04   1.338E+03   1.338E+03   0.000E+00   2.676E+03   5.629E-08   1.346E+02  5.00251E-03   0.000E+00   0.000E+00   4.404E+01   6.111E-05   0.000E+00   2   5.520E+02  1   0.000E+00   0.000E+00   0.000E+00
     59  1.45608232511E+04   1.367E+03   1.367E+03   0.000E+00   2.917E+03   6.007E-08   1.321E+02  5.00251E-03   0.000E+00   0.000E+00   4.451E+01   6.134E-05   0.000E+00   3   5.566E+02  1   0.000E+00   0.000E+00   0.000E+00
     60  1.51351725653E+04   1.397E+03   1.397E+03   0.000E+00   3.184E+03   6.419E-08   1.294E+02  5.00251E-03   0.000E+00   0.000E+00   4.493E+01   6.118E-05   0.000E+00   2   5.743E+02  1   0.000E+00   0.000E+00   0.000E+00
     61  1.55946520167E+04   1.422E+03   1.422E+03   0.000E+00   3.421E+03   6.775E-08   1.273E+02  5.00251E-03   0.000E+00   0.000E+00   4.524E+01   6.087E-05   0.000E+00   2   4.595E+02  1   0.000E+00   0.000E+00   0.000E+00
     62  1.61000794133E+04   1.449E+03   1.449E+03   0.000E+00   3.693E+03   7.178E-08   1.252E+02  5.00251E-03   0.000E+00   0.000E+00   4.552E+01   6.025E-05   0.000E+00   3   5.054E+02  1   0.000E+00   0.000E+00   0.000E+00
     63  1.66560495495E+04   1.479E+03   1.479E+03   0.000E+00   4.013E+03   7.641E-08   1.228E+02  5.00251E-03   0.000E+00   0.000E+00   4.592E+01   6.010E-05   0.000E+00   3   5.560E+02  1   0.000E+00   0.000E+00   0.000E+00
     64  1.72396108030E+04   1.510E+03   1.510E+03   0.000E+00   4.368E+03   8.147E-08   1.204E+02  5.00251E-03   0.000E+00   0.000E+00   4.632E+01   5.981E-05   0.000E+00   3   5.836E+02  1   0.000E+00   0.000E+00   0.000E+00
     65  1.78464390268E+04   1.541E+03   1.541E+03   0.000E+00   4.757E+03   8.695E-08   1.181E+02  5.00251E-03   0.000E+00   0.000E+00   4.664E+01   5.909E-05   0.000E+00   3   6.068E+02  1   0.000E+00   0.000E+00   0.000E+00
     66  1.84733431921E+04   1.571E+03   1.571E+03   0.000E+00   5.192E+03   9.303E-08   1.156E+02  5.00251E-03   0.000E+00   0.000E+00   4.708E+01   5.890E-05   0.000E+00   3   6.269E+02  1   0.000E+00   0.000E+00   0.000E+00
     67  1.91187148800E+04   1.600E+03   1.600E+03   0.000E+00   5.670E+03   9.980E-08   1.132E+02  5.00251E-03   0.000E+00   0.000E+00   4.748E+01   5.840E-05   0.000E+00   4   6.454E+02  1   0.000E+00   0.000E+00   0.000E+00
     68  1.97823486172E+04   1.626E+03   1.626E+03   0.000E+00   6.210E+03   1.075E-07   1.109E+02  5.00251E-03   0.000E+00   0.000E+00   4.785E+01   5.774E-05   0.000E+00   3   6.636E+02  1   0.000E+00   0.000E+00   0.000E+00
     69  2.04511924655E+04   1.650E+03   1.650E+03   0.000E+00   6.807E+03   1.161E-07   1.086E+02  5.00251E-03   0.000E+00   0.000E+00   4.818E+01   5.701E-05   0.000E+00   3   6.688E+02  1   0.000E+00   0.000E+00   0.000E+00
     70  2.11387973450E+04   1.671E+03   1.671E+03   0.000E+00   7.484E+03   1.260E-07   1.063E+02  5.00251E-03   0.000E+00   0.000E+00   4.864E+01   5.672E-05   0.000E+00   3   6.876E+02  1   0.000E+00   0.000E+00   0.000E+00
     71  2.18390662149E+04   1.692E+03   1.692E+03   0.000E+00   8.265E+03   1.374E-07   1.040E+02  5.00251E-03   0.000E+00   0.000E+00   4.906E+01   5.617E-05   0.000E+00   2   7.003E+02  1   0.000E+00   0.000E+00   0.000E+00
     72  2.25457202752E+04   1.710E+03   1.710E+03   0.000E+00   9.147E+03   1.505E-07   1.018E+02  5.00251E-03   0.000E+00   0.000E+00   4.946E+01   5.555E-05   0.000E+00   3   7.067E+02  1   0.000E+00   0.000E+00   0.000E+00
     73  2.32760711034E+04   1.727E+03   1.727E+03   0.000E+00   1.019E+04   1.661E-07   9.966E+01  5.00251E-03   0.000E+00   0.000E+00   4.984E+01   5.493E-05   0.000E+00   3   7.304E+02  1   0.000E+00   0.000E+00   0.000E+00
     74  2.40223437209E+04   1.740E+03   1.740E+03   0.000E+00   1.143E+04   1.848E-07   9.761E+01  5.00251E-03   0.000E+00   0.000E+00   5.024E+01   5.441E-05   0.000E+00   3   7.463E+02  1   0.000E+00   0.000E+00   0.000E+00
     75  2.47911565989E+04   1.752E+03   1.752E+03   0.000E+00   1.292E+04   2.075E-07   9.563E+01  5.00251E-03   0.000E+00   0.000E+00   5.066E+01   5.398E-05   0.000E+00   3   7.688E+02  1   0.000E+00   0.000E+00   0.000E+00
     76  2.55857166602E+04   1.763E+03   1.763E+03   0.000E+00   1.476E+04   2.357E-07   9.376E+01  5.00251E-03   0.000E+00   0.000E+00   5.107E+01   5.360E-05   0.000E+00   3   7.946E+02  1   0.000E+00   0.000E+00   0.000E+00
     77  2.64101373465E+04   1.773E+03   1.773E+03   0.000E+00   1.709E+04   2.714E-07   9.211E+01  5.00251E-03   0.000E+00   0.000E+00   5.147E+01   5.335E-05   0.000E+00   3   8.244E+02  1   0.000E+00   0.000E+00   0.000E+00
     78  2.72739696021E+04   1.783E+03   1.783E+03   0.000E+00   2.013E+04   3.178E-07   9.073E+01  5.00251E-03   0.000E+00   0.000E+00   5.187E+01   5.339E-05   0.000E+00   3   8.638E+02  1   0.000E+00   0.000E+00   0.000E+00
     79  2.81841347696E+04   1.794E+03   1.794E+03   0.000E+00   2.424E+04   3.803E-07   8.978E+01  5.00251E-03   0.000E+00   0.000E+00   5.229E+01   5.399E-05   0.000E+00   3   9.102E+02  1   0.000E+00   0.000E+00   0.000E+00
     80  2.91470344938E+04   1.810E+03   1.810E+03   0.000E+00   3.003E+04   4.671E-07   8.959E+01  5.00251E-03   0.000E+00   0.000E+00   5.268E+01   5.541E-05   0.000E+00   4   9.629E+02  1   0.000E+00   0.000E+00   0.000E+00
     81  2.99173542731E+04   1.833E+03   1.833E+03   0.000E+00   3.680E+04   5.654E-07   8.995E+01  5.00251E-03   0.000E+00   0.000E+00   5.309E+01   5.761E-05   0.000E+00   4   7.703E+02  1   0.000E+00   0.000E+00   0.000E+00
     82  3.05336100966E+04   1.864E+03   1.864E+03   0.000E+00   4.467E+04   6.750E-07   9.094E+01  5.00251E-03   0.000E+00   0.000E+00   5.341E+01   6.031E-05   0.000E+00   3   6.163E+02  1   0.000E+00   0.000E+00   0.000E+00
     83  3.10207034493E+04   1.902E+03   1.902E+03   0.000E+00   5.359E+04   7.932E-07   9.242E+01  5.00251E-03   0.000E+00   0.000E+00   5.365E+01   6.341E-05   0.000E+00   4   4.871E+02  1   0.000E+00   0.000E+00   0.000E+00
     84  3.13761425578E+04   1.942E+03   1.942E+03   0.000E+00   6.284E+04   9.103E-07   9.402E+01  5.00251E-03   0.000E+00   0.000E+00   5.388E+01   6.677E-05   0.000E+00   4   3.554E+02  1   0.000E+00   0.000E+00   0.000E+00
     85  3.16492207778E+04   1.985E+03   1.985E+03   0.000E+00   7.285E+04   1.032E-06   9.576E+01  5.00251E-03   0.000E+00   0.000E+00   5.403E+01   7.004E-05   0.000E+00   4   2.731E+02  1   0.000E+00   0.000E+00   0.000E+00
     86  3.18668719401E+04   2.031E+03   2.031E+03   0.000E+00   8.404E+04   1.162E-06   9.764E+01  5.00251E-03   0.000E+00   0.000E+00   5.414E+01   7.341E-05   0.000E+00   4   2.177E+02  1   0.000E+00   0.000E+00   0.000E+00
     87  3.20409928699E+04   2.081E+03   2.081E+03   0.000E+00   9.701E+04   1.308E-06   9.962E+01  5.00251E-03   0.000E+00   0.000E+00   5.426E+01   7.706E-05   0.000E+00   5   1.741E+02  1   0.000E+00   0.000E+00   0.000E+00
     88  3.21802896137E+04   2.139E+03   2.139E+03   0.000E+00   1.130E+05   1.481E-06   1.017E+02  5.00251E-03   0.000E+00   0.000E+00   5.432E+01   8.073E-05   0.000E+00   5   1.393E+02  1   0.000E+00   0.000E+00   0.000E+00
     89  3.22898220339E+04   2.218E+03   2.218E+03   0.000E+00   1.368E+05   1.729E-06   1.039E+02  5.00251E-03   0.000E+00   0.000E+00   5.436E+01   8.440E-05   0.000E+00   6   1.095E+02  1   0.000E+00   0.000E+00   0.000E+00
     90  3.23635511280E+04   1.407E+05   1.407E+05   0.000E+00   3.221E+13   1.889E+00   3.308E-01  5.00251E-03   0.000E+00   0.000E+00   7.988E+02   3.993E-05   0.000E+00   8   7.373E+01  1   0.000E+00   0.000E+00   0.000E+00
