
 Timestep     Time[yr]           Tc        Tmax        M-Tmax        Pc        Rho_c         R          M        coreHEmass  coreCOmass       Te           L  T_irr     iter#   dt[yr] Phase     mdot     mdotRei    mdot/Rei 

      1  1.00000000000E+01   6.564E+02   6.564E+02   0.000E+00   4.217E+01   1.809E-09   4.202E+02  9.00453E-03   0.000E+00   0.000E+00   5.495E+01   1.443E-03   0.000E+00  82   1.000E+01  1   0.000E+00   0.000E+00   0.000E+00
      2  1.42112879898E+01   6.590E+02   6.590E+02   0.000E+00   4.284E+01   1.830E-09   4.121E+02  9.00453E-03   0.000E+00   0.000E+00   5.253E+01   1.159E-03   0.000E+00  37   4.211E+00  1   0.000E+00   0.000E+00   0.000E+00
      3  1.75803183817E+01   6.607E+02   6.607E+02   0.000E+00   4.327E+01   1.844E-09   4.075E+02  9.00453E-03   0.000E+00   0.000E+00   5.115E+01   1.018E-03   0.000E+00   4   3.369E+00  1   0.000E+00   0.000E+00   0.000E+00
      4  2.12862518128E+01   6.625E+02   6.625E+02   0.000E+00   4.377E+01   1.860E-09   4.037E+02  9.00453E-03   0.000E+00   0.000E+00   5.005E+01   9.169E-04   0.000E+00   3   3.706E+00  1   0.000E+00   0.000E+00   0.000E+00
      5  2.53627785869E+01   6.643E+02   6.643E+02   0.000E+00   4.428E+01   1.876E-09   4.007E+02  9.00453E-03   0.000E+00   0.000E+00   4.919E+01   8.420E-04   0.000E+00   3   4.077E+00  1   0.000E+00   0.000E+00   0.000E+00
      6  2.98469580385E+01   6.659E+02   6.659E+02   0.000E+00   4.474E+01   1.892E-09   3.985E+02  9.00453E-03   0.000E+00   0.000E+00   4.857E+01   7.917E-04   0.000E+00   3   4.484E+00  1   0.000E+00   0.000E+00   0.000E+00
      7  3.47795554352E+01   6.677E+02   6.677E+02   0.000E+00   4.525E+01   1.908E-09   3.966E+02  9.00453E-03   0.000E+00   0.000E+00   4.814E+01   7.569E-04   0.000E+00   2   4.933E+00  1   0.000E+00   0.000E+00   0.000E+00
      8  4.26717112700E+01   6.704E+02   6.704E+02   0.000E+00   4.605E+01   1.934E-09   3.945E+02  9.00453E-03   0.000E+00   0.000E+00   4.776E+01   7.258E-04   0.000E+00   2   7.892E+00  1   0.000E+00   0.000E+00   0.000E+00
      9  5.13530826883E+01   6.731E+02   6.731E+02   0.000E+00   4.689E+01   1.961E-09   3.927E+02  9.00453E-03   0.000E+00   0.000E+00   4.747E+01   7.021E-04   0.000E+00   3   8.681E+00  1   0.000E+00   0.000E+00   0.000E+00
     10  6.09025912484E+01   6.760E+02   6.760E+02   0.000E+00   4.778E+01   1.990E-09   3.914E+02  9.00453E-03   0.000E+00   0.000E+00   4.736E+01   6.905E-04   0.000E+00   3   9.550E+00  1   0.000E+00   0.000E+00   0.000E+00
     11  7.14070506645E+01   6.792E+02   6.792E+02   0.000E+00   4.881E+01   2.024E-09   3.901E+02  9.00453E-03   0.000E+00   0.000E+00   4.738E+01   6.877E-04   0.000E+00   2   1.050E+01  1   0.000E+00   0.000E+00   0.000E+00
     12  8.29619560222E+01   6.831E+02   6.831E+02   0.000E+00   5.002E+01   2.062E-09   3.888E+02  9.00453E-03   0.000E+00   0.000E+00   4.749E+01   6.891E-04   0.000E+00   2   1.155E+01  1   0.000E+00   0.000E+00   0.000E+00
     13  9.56723519156E+01   6.873E+02   6.873E+02   0.000E+00   5.138E+01   2.105E-09   3.874E+02  9.00453E-03   0.000E+00   0.000E+00   4.762E+01   6.918E-04   0.000E+00   2   1.271E+01  1   0.000E+00   0.000E+00   0.000E+00
     14  1.09653787398E+02   6.919E+02   6.919E+02   0.000E+00   5.287E+01   2.151E-09   3.858E+02  9.00453E-03   0.000E+00   0.000E+00   4.776E+01   6.942E-04   0.000E+00   2   1.398E+01  1   0.000E+00   0.000E+00   0.000E+00
     15  1.25033366430E+02   6.968E+02   6.968E+02   0.000E+00   5.450E+01   2.202E-09   3.842E+02  9.00453E-03   0.000E+00   0.000E+00   4.792E+01   6.977E-04   0.000E+00   2   1.538E+01  1   0.000E+00   0.000E+00   0.000E+00
     16  1.41950903364E+02   7.022E+02   7.022E+02   0.000E+00   5.631E+01   2.258E-09   3.825E+02  9.00453E-03   0.000E+00   0.000E+00   4.811E+01   7.026E-04   0.000E+00   2   1.692E+01  1   0.000E+00   0.000E+00   0.000E+00
     17  1.60560193991E+02   7.080E+02   7.080E+02   0.000E+00   5.834E+01   2.321E-09   3.803E+02  9.00453E-03   0.000E+00   0.000E+00   4.816E+01   6.975E-04   0.000E+00   2   1.861E+01  1   0.000E+00   0.000E+00   0.000E+00
     18  1.81030413682E+02   7.146E+02   7.146E+02   0.000E+00   6.069E+01   2.392E-09   3.781E+02  9.00453E-03   0.000E+00   0.000E+00   4.833E+01   6.986E-04   0.000E+00   3   2.047E+01  1   0.000E+00   0.000E+00   0.000E+00
     19  2.03547655341E+02   7.219E+02   7.219E+02   0.000E+00   6.338E+01   2.472E-09   3.757E+02  9.00453E-03   0.000E+00   0.000E+00   4.859E+01   7.051E-04   0.000E+00   2   2.252E+01  1   0.000E+00   0.000E+00   0.000E+00
     20  2.28316621167E+02   7.299E+02   7.299E+02   0.000E+00   6.641E+01   2.562E-09   3.732E+02  9.00453E-03   0.000E+00   0.000E+00   4.886E+01   7.115E-04   0.000E+00   2   2.477E+01  1   0.000E+00   0.000E+00   0.000E+00
     21  2.55562483575E+02   7.385E+02   7.385E+02   0.000E+00   6.980E+01   2.661E-09   3.703E+02  9.00453E-03   0.000E+00   0.000E+00   4.911E+01   7.148E-04   0.000E+00   2   2.725E+01  1   0.000E+00   0.000E+00   0.000E+00
     22  2.85532932223E+02   7.481E+02   7.481E+02   0.000E+00   7.370E+01   2.774E-09   3.672E+02  9.00453E-03   0.000E+00   0.000E+00   4.944E+01   7.215E-04   0.000E+00   2   2.997E+01  1   0.000E+00   0.000E+00   0.000E+00
     23  3.18500425737E+02   7.585E+02   7.585E+02   0.000E+00   7.815E+01   2.901E-09   3.636E+02  9.00453E-03   0.000E+00   0.000E+00   4.957E+01   7.152E-04   0.000E+00   3   3.297E+01  1   0.000E+00   0.000E+00   0.000E+00
     24  3.54764668602E+02   7.698E+02   7.698E+02   0.000E+00   8.319E+01   3.042E-09   3.599E+02  9.00453E-03   0.000E+00   0.000E+00   4.985E+01   7.165E-04   0.000E+00   3   3.626E+01  1   0.000E+00   0.000E+00   0.000E+00
     25  3.94655335753E+02   7.824E+02   7.824E+02   0.000E+00   8.905E+01   3.205E-09   3.559E+02  9.00453E-03   0.000E+00   0.000E+00   5.021E+01   7.216E-04   0.000E+00   2   3.989E+01  1   0.000E+00   0.000E+00   0.000E+00
     26  4.38535069620E+02   7.958E+02   7.958E+02   0.000E+00   9.574E+01   3.387E-09   3.517E+02  9.00453E-03   0.000E+00   0.000E+00   5.040E+01   7.151E-04   0.000E+00   4   4.388E+01  1   0.000E+00   0.000E+00   0.000E+00
     27  4.86802776873E+02   8.104E+02   8.104E+02   0.000E+00   1.035E+02   3.595E-09   3.473E+02  9.00453E-03   0.000E+00   0.000E+00   5.083E+01   7.216E-04   0.000E+00   3   4.827E+01  1   0.000E+00   0.000E+00   0.000E+00
     28  5.39897254852E+02   8.265E+02   8.265E+02   0.000E+00   1.126E+02   3.834E-09   3.424E+02  9.00453E-03   0.000E+00   0.000E+00   5.131E+01   7.285E-04   0.000E+00   2   5.309E+01  1   0.000E+00   0.000E+00   0.000E+00
     29  5.96318608027E+02   8.434E+02   8.434E+02   0.000E+00   1.228E+02   4.099E-09   3.373E+02  9.00453E-03   0.000E+00   0.000E+00   5.177E+01   7.325E-04   0.000E+00   3   5.642E+01  1   0.000E+00   0.000E+00   0.000E+00
     30  6.54149746524E+02   8.607E+02   8.607E+02   0.000E+00   1.340E+02   4.383E-09   3.323E+02  9.00453E-03   0.000E+00   0.000E+00   5.204E+01   7.257E-04   0.000E+00   3   5.783E+01  1   0.000E+00   0.000E+00   0.000E+00
     31  7.12809278692E+02   8.782E+02   8.782E+02   0.000E+00   1.461E+02   4.685E-09   3.274E+02  9.00453E-03   0.000E+00   0.000E+00   5.252E+01   7.309E-04   0.000E+00   3   5.866E+01  1   0.000E+00   0.000E+00   0.000E+00
     32  7.73978905522E+02   8.968E+02   8.968E+02   0.000E+00   1.598E+02   5.018E-09   3.223E+02  9.00453E-03   0.000E+00   0.000E+00   5.306E+01   7.380E-04   0.000E+00   2   6.117E+01  1   0.000E+00   0.000E+00   0.000E+00
     33  8.22914606986E+02   9.125E+02   9.125E+02   0.000E+00   1.720E+02   5.308E-09   3.180E+02  9.00453E-03   0.000E+00   0.000E+00   5.353E+01   7.439E-04   0.000E+00   3   4.894E+01  1   0.000E+00   0.000E+00   0.000E+00
     34  8.76743878597E+02   9.297E+02   9.297E+02   0.000E+00   1.860E+02   5.634E-09   3.136E+02  9.00453E-03   0.000E+00   0.000E+00   5.363E+01   7.290E-04   0.000E+00   4   5.383E+01  1   0.000E+00   0.000E+00   0.000E+00
     35  9.35086731095E+02   9.484E+02   9.484E+02   0.000E+00   2.020E+02   5.996E-09   3.091E+02  9.00453E-03   0.000E+00   0.000E+00   5.419E+01   7.387E-04   0.000E+00   3   5.834E+01  1   0.000E+00   0.000E+00   0.000E+00
     36  9.97873804584E+02   9.684E+02   9.684E+02   0.000E+00   2.202E+02   6.400E-09   3.042E+02  9.00453E-03   0.000E+00   0.000E+00   5.476E+01   7.459E-04   0.000E+00   2   6.279E+01  1   0.000E+00   0.000E+00   0.000E+00
     37  1.04810346338E+03   9.853E+02   9.853E+02   0.000E+00   2.362E+02   6.751E-09   3.002E+02  9.00453E-03   0.000E+00   0.000E+00   5.515E+01   7.471E-04   0.000E+00   3   5.023E+01  1   0.000E+00   0.000E+00   0.000E+00
     38  1.10335608805E+03   1.004E+03   1.004E+03   0.000E+00   2.548E+02   7.148E-09   2.961E+02  9.00453E-03   0.000E+00   0.000E+00   5.534E+01   7.370E-04   0.000E+00   4   5.525E+01  1   0.000E+00   0.000E+00   0.000E+00
     39  1.16413397519E+03   1.024E+03   1.024E+03   0.000E+00   2.762E+02   7.595E-09   2.917E+02  9.00453E-03   0.000E+00   0.000E+00   5.589E+01   7.442E-04   0.000E+00   3   6.078E+01  1   0.000E+00   0.000E+00   0.000E+00
     40  1.22967733641E+03   1.045E+03   1.045E+03   0.000E+00   3.005E+02   8.095E-09   2.870E+02  9.00453E-03   0.000E+00   0.000E+00   5.641E+01   7.477E-04   0.000E+00   2   6.554E+01  1   0.000E+00   0.000E+00   0.000E+00
     41  1.29551444327E+03   1.067E+03   1.067E+03   0.000E+00   3.268E+02   8.623E-09   2.823E+02  9.00453E-03   0.000E+00   0.000E+00   5.698E+01   7.528E-04   0.000E+00   2   6.584E+01  1   0.000E+00   0.000E+00   0.000E+00
     42  1.36252568105E+03   1.089E+03   1.089E+03   0.000E+00   3.550E+02   9.178E-09   2.779E+02  9.00453E-03   0.000E+00   0.000E+00   5.722E+01   7.416E-04   0.000E+00   3   6.701E+01  1   0.000E+00   0.000E+00   0.000E+00
     43  1.43090834287E+03   1.111E+03   1.111E+03   0.000E+00   3.859E+02   9.775E-09   2.734E+02  9.00453E-03   0.000E+00   0.000E+00   5.779E+01   7.472E-04   0.000E+00   3   6.838E+01  1   0.000E+00   0.000E+00   0.000E+00
     44  1.50194531209E+03   1.135E+03   1.135E+03   0.000E+00   4.203E+02   1.043E-08   2.686E+02  9.00453E-03   0.000E+00   0.000E+00   5.837E+01   7.507E-04   0.000E+00   2   7.104E+01  1   0.000E+00   0.000E+00   0.000E+00
     45  1.55877488746E+03   1.155E+03   1.155E+03   0.000E+00   4.508E+02   1.099E-08   2.647E+02  9.00453E-03   0.000E+00   0.000E+00   5.882E+01   7.516E-04   0.000E+00   3   5.683E+01  1   0.000E+00   0.000E+00   0.000E+00
     46  1.62128742037E+03   1.177E+03   1.177E+03   0.000E+00   4.860E+02   1.163E-08   2.604E+02  9.00453E-03   0.000E+00   0.000E+00   5.929E+01   7.509E-04   0.000E+00   3   6.251E+01  1   0.000E+00   0.000E+00   0.000E+00
     47  1.69005120657E+03   1.201E+03   1.201E+03   0.000E+00   5.264E+02   1.234E-08   2.564E+02  9.00453E-03   0.000E+00   0.000E+00   5.951E+01   7.388E-04   0.000E+00   3   6.876E+01  1   0.000E+00   0.000E+00   0.000E+00
     48  1.76049668431E+03   1.225E+03   1.225E+03   0.000E+00   5.701E+02   1.310E-08   2.521E+02  9.00453E-03   0.000E+00   0.000E+00   6.010E+01   7.434E-04   0.000E+00   3   7.045E+01  1   0.000E+00   0.000E+00   0.000E+00
     49  1.83510434228E+03   1.251E+03   1.251E+03   0.000E+00   6.191E+02   1.393E-08   2.476E+02  9.00453E-03   0.000E+00   0.000E+00   6.064E+01   7.430E-04   0.000E+00   2   7.461E+01  1   0.000E+00   0.000E+00   0.000E+00
     50  1.89479046866E+03   1.272E+03   1.272E+03   0.000E+00   6.622E+02   1.465E-08   2.439E+02  9.00453E-03   0.000E+00   0.000E+00   6.108E+01   7.420E-04   0.000E+00   3   5.969E+01  1   0.000E+00   0.000E+00   0.000E+00
     51  1.96044520767E+03   1.296E+03   1.296E+03   0.000E+00   7.119E+02   1.547E-08   2.399E+02  9.00453E-03   0.000E+00   0.000E+00   6.153E+01   7.393E-04   0.000E+00   3   6.565E+01  1   0.000E+00   0.000E+00   0.000E+00
     52  2.03266542059E+03   1.321E+03   1.321E+03   0.000E+00   7.694E+02   1.640E-08   2.357E+02  9.00453E-03   0.000E+00   0.000E+00   6.199E+01   7.351E-04   0.000E+00   3   7.222E+01  1   0.000E+00   0.000E+00   0.000E+00
     53  2.11070762252E+03   1.347E+03   1.347E+03   0.000E+00   8.342E+02   1.744E-08   2.318E+02  9.00453E-03   0.000E+00   0.000E+00   6.229E+01   7.245E-04   0.000E+00   3   7.804E+01  1   0.000E+00   0.000E+00   0.000E+00
     54  2.19257702446E+03   1.373E+03   1.373E+03   0.000E+00   9.063E+02   1.858E-08   2.275E+02  9.00453E-03   0.000E+00   0.000E+00   6.288E+01   7.251E-04   0.000E+00   3   8.187E+01  1   0.000E+00   0.000E+00   0.000E+00
     55  2.27765424775E+03   1.400E+03   1.400E+03   0.000E+00   9.866E+02   1.983E-08   2.230E+02  9.00453E-03   0.000E+00   0.000E+00   6.342E+01   7.213E-04   0.000E+00   3   8.508E+01  1   0.000E+00   0.000E+00   0.000E+00
     56  2.36354990781E+03   1.427E+03   1.427E+03   0.000E+00   1.074E+03   2.120E-08   2.186E+02  9.00453E-03   0.000E+00   0.000E+00   6.395E+01   7.163E-04   0.000E+00   3   8.590E+01  1   0.000E+00   0.000E+00   0.000E+00
     57  2.45117822604E+03   1.452E+03   1.452E+03   0.000E+00   1.171E+03   2.269E-08   2.143E+02  9.00453E-03   0.000E+00   0.000E+00   6.445E+01   7.102E-04   0.000E+00   3   8.763E+01  1   0.000E+00   0.000E+00   0.000E+00
     58  2.54105725579E+03   1.476E+03   1.476E+03   0.000E+00   1.277E+03   2.435E-08   2.100E+02  9.00453E-03   0.000E+00   0.000E+00   6.497E+01   7.043E-04   0.000E+00   3   8.988E+01  1   0.000E+00   0.000E+00   0.000E+00
     59  2.63288547690E+03   1.497E+03   1.497E+03   0.000E+00   1.393E+03   2.619E-08   2.062E+02  9.00453E-03   0.000E+00   0.000E+00   6.531E+01   6.935E-04   0.000E+00   3   9.183E+01  1   0.000E+00   0.000E+00   0.000E+00
     60  2.72753161098E+03   1.517E+03   1.517E+03   0.000E+00   1.523E+03   2.827E-08   2.022E+02  9.00453E-03   0.000E+00   0.000E+00   6.589E+01   6.903E-04   0.000E+00   3   9.465E+01  1   0.000E+00   0.000E+00   0.000E+00
     61  2.82572991051E+03   1.536E+03   1.536E+03   0.000E+00   1.671E+03   3.064E-08   1.980E+02  9.00453E-03   0.000E+00   0.000E+00   6.641E+01   6.835E-04   0.000E+00   3   9.820E+01  1   0.000E+00   0.000E+00   0.000E+00
     62  2.92646308017E+03   1.555E+03   1.555E+03   0.000E+00   1.840E+03   3.334E-08   1.940E+02  9.00453E-03   0.000E+00   0.000E+00   6.693E+01   6.763E-04   0.000E+00   3   1.007E+02  1   0.000E+00   0.000E+00   0.000E+00
     63  3.03094852500E+03   1.573E+03   1.573E+03   0.000E+00   2.035E+03   3.643E-08   1.899E+02  9.00453E-03   0.000E+00   0.000E+00   6.744E+01   6.688E-04   0.000E+00   3   1.045E+02  1   0.000E+00   0.000E+00   0.000E+00
     64  3.13890944811E+03   1.592E+03   1.592E+03   0.000E+00   2.260E+03   3.999E-08   1.860E+02  9.00453E-03   0.000E+00   0.000E+00   6.796E+01   6.612E-04   0.000E+00   2   1.080E+02  1   0.000E+00   0.000E+00   0.000E+00
     65  3.24949725544E+03   1.612E+03   1.612E+03   0.000E+00   2.520E+03   4.404E-08   1.822E+02  9.00453E-03   0.000E+00   0.000E+00   6.847E+01   6.541E-04   0.000E+00   2   1.106E+02  1   0.000E+00   0.000E+00   0.000E+00
     66  3.36295296296E+03   1.632E+03   1.632E+03   0.000E+00   2.822E+03   4.869E-08   1.790E+02  9.00453E-03   0.000E+00   0.000E+00   6.884E+01   6.444E-04   0.000E+00   3   1.135E+02  1   0.000E+00   0.000E+00   0.000E+00
     67  3.47856540416E+03   1.653E+03   1.653E+03   0.000E+00   3.177E+03   5.411E-08   1.756E+02  9.00453E-03   0.000E+00   0.000E+00   6.939E+01   6.405E-04   0.000E+00   2   1.156E+02  1   0.000E+00   0.000E+00   0.000E+00
     68  3.59514318343E+03   1.674E+03   1.674E+03   0.000E+00   3.597E+03   6.045E-08   1.724E+02  9.00453E-03   0.000E+00   0.000E+00   6.990E+01   6.361E-04   0.000E+00   2   1.166E+02  1   0.000E+00   0.000E+00   0.000E+00
     69  3.71320836031E+03   1.695E+03   1.695E+03   0.000E+00   4.093E+03   6.792E-08   1.695E+02  9.00453E-03   0.000E+00   0.000E+00   7.043E+01   6.339E-04   0.000E+00   3   1.181E+02  1   0.000E+00   0.000E+00   0.000E+00
     70  3.83414317099E+03   1.716E+03   1.716E+03   0.000E+00   4.706E+03   7.713E-08   1.670E+02  9.00453E-03   0.000E+00   0.000E+00   7.099E+01   6.342E-04   0.000E+00   2   1.209E+02  1   0.000E+00   0.000E+00   0.000E+00
     71  3.95604935168E+03   1.735E+03   1.735E+03   0.000E+00   5.460E+03   8.851E-08   1.648E+02  9.00453E-03   0.000E+00   0.000E+00   7.156E+01   6.383E-04   0.000E+00   3   1.219E+02  1   0.000E+00   0.000E+00   0.000E+00
     72  4.08326300587E+03   1.753E+03   1.753E+03   0.000E+00   6.456E+03   1.036E-07   1.632E+02  9.00453E-03   0.000E+00   0.000E+00   7.217E+01   6.472E-04   0.000E+00   3   1.272E+02  1   0.000E+00   0.000E+00   0.000E+00
     73  4.21558704166E+03   1.771E+03   1.771E+03   0.000E+00   7.823E+03   1.242E-07   1.627E+02  9.00453E-03   0.000E+00   0.000E+00   7.271E+01   6.628E-04   0.000E+00   3   1.323E+02  1   0.000E+00   0.000E+00   0.000E+00
     74  4.32144627029E+03   1.789E+03   1.789E+03   0.000E+00   9.377E+03   1.476E-07   1.628E+02  9.00453E-03   0.000E+00   0.000E+00   7.333E+01   6.873E-04   0.000E+00   3   1.059E+02  1   0.000E+00   0.000E+00   0.000E+00
     75  4.43699036901E+03   1.814E+03   1.814E+03   0.000E+00   1.180E+04   1.831E-07   1.647E+02  9.00453E-03   0.000E+00   0.000E+00   7.401E+01   7.291E-04   0.000E+00   4   1.155E+02  1   0.000E+00   0.000E+00   0.000E+00
     76  4.52942564799E+03   1.849E+03   1.849E+03   0.000E+00   1.475E+04   2.246E-07   1.678E+02  9.00453E-03   0.000E+00   0.000E+00   7.455E+01   7.797E-04   0.000E+00   6   9.244E+01  1   0.000E+00   0.000E+00   0.000E+00
     77  4.59016419469E+03   1.893E+03   1.893E+03   0.000E+00   1.786E+04   2.655E-07   1.711E+02  9.00453E-03   0.000E+00   0.000E+00   7.488E+01   8.254E-04   0.000E+00   7   6.074E+01  1   0.000E+00   0.000E+00   0.000E+00
     78  4.62745457740E+03   1.938E+03   1.938E+03   0.000E+00   2.090E+04   3.031E-07   1.739E+02  9.00453E-03   0.000E+00   0.000E+00   7.507E+01   8.605E-04   0.000E+00   7   3.729E+01  1   0.000E+00   0.000E+00   0.000E+00
     79  4.65336522841E+03   1.984E+03   1.984E+03   0.000E+00   2.417E+04   3.419E-07   1.767E+02  9.00453E-03   0.000E+00   0.000E+00   7.499E+01   8.849E-04   0.000E+00   7   2.591E+01  1   0.000E+00   0.000E+00   0.000E+00
     80  4.67274883159E+03   2.037E+03   2.037E+03   0.000E+00   2.817E+04   3.874E-07   1.791E+02  9.00453E-03   0.000E+00   0.000E+00   7.514E+01   9.165E-04   0.000E+00   7   1.938E+01  1   0.000E+00   0.000E+00   0.000E+00
     81  4.68746815242E+03   2.110E+03   2.110E+03   0.000E+00   3.454E+04   4.576E-07   1.813E+02  9.00453E-03   0.000E+00   0.000E+00   7.522E+01   9.426E-04   0.000E+00   8   1.472E+01  1   0.000E+00   0.000E+00   0.000E+00
     82  4.69642578202E+03   2.270E+03   2.270E+03   0.000E+00   5.210E+04   6.375E-07   1.817E+02  9.00453E-03   0.000E+00   0.000E+00   7.559E+01   9.661E-04   0.000E+00  13   8.958E+00  1   0.000E+00   0.000E+00   0.000E+00
